"","V1","V2","V3","V4","V5","V6","V7","V8","V9","V10","V11","V12","V13","V14","V15","V16","V17","V18","V19","V20","V21"
"1",0.514202000199041,0.221456829416898,11,0,0,0.513339547393094,0.218312843787641,0,0,0.503215578041491,0.218876368142726,0,0,0.690198218888729,0.256541469977244,1,0,1,1,1,1
"2",0.250001136091166,0.19962246865524,13,1,1,0.289039856057389,0.190900290004412,1,1,0.296121206347155,0.19136818768099,1,1,0.139826958138469,0.265861286703257,1,1,1,1,1,1
"3",0.0884829096589749,0.23201797550485,9,1,1,0.118304291430824,0.198026699165627,1,1,0.104570950577948,0.220051038560646,1,1,0.33000891924759,0.255707452799694,1,1,1,1,1,1
"4",0.206329878916004,0.208539676693923,5,1,1,0.189800815676557,0.177965350971075,1,1,0.200739321433824,0.187975509798353,1,1,0.351269057640058,0.240367841601524,1,1,1,1,1,1
"5",0.827358281173793,0.22907955334436,17,0,0,0.767523465637881,0.197335657207526,0,0,0.791182030043917,0.200163919846048,0,0,0.690130922927777,0.198880371194907,0,0,1,1,1,1
"6",0.48333706920975,0.225498589828051,13,0,0,0.412638556580994,0.175539756771224,0,0,0.417934164576774,0.223735939760144,1,1,0.264850136865888,0.254475905654286,1,1,1,1,1,1
"7",0.0982815651951306,0.243669984275559,3,1,1,0.19133189302918,0.209020713363015,1,1,0.209403580012205,0.195785032462342,1,1,-0.0217570070506808,0.234946269994801,1,1,1,1,1,1
"8",0.410676370186864,0.224891521197604,13,1,1,0.429515147859084,0.201991709736558,0,0,0.418223491508493,0.175679062426986,0,0,0.456094010757375,0.214266509629664,1,1,1,1,1,1
"9",0.200075166529502,0.195848005959165,17,1,1,0.251825805030537,0.176457974026879,1,1,0.244087398255158,0.203488595916058,1,1,0.165861639587806,0.201267067748912,1,1,1,1,1,1
"10",0.589844399081941,0.217604831644033,19,0,0,0.634294768185001,0.228068393918935,0,0,0.59861083912138,0.255480936319235,0,0,0.450275266918218,0.280446757944891,0,0,1,1,1,1
"11",0.134637579457765,0.203681122427529,15,1,1,0.160221177722994,0.189298091190344,1,1,0.171140408635197,0.189972855726696,1,1,0.271432036760584,0.229337082661017,1,1,1,1,1,1
"12",0.312886908717454,0.22315808365931,9,1,1,0.293531082976981,0.212969036298278,1,1,0.295242814449233,0.18926044717929,0,1,0.316725775927492,0.26451589664626,1,1,1,1,1,1
"13",0.295710784624591,0.194503766379657,13,1,1,0.32214065785521,0.180535073798388,0,1,0.309410598161024,0.200453109181395,0,1,0.333024211560839,0.222544479812166,1,1,1,1,1,1
"14",0.592623754335459,0.243902393982208,15,0,0,0.568481274883328,0.223187898296775,0,0,0.560603673124124,0.178196537895728,0,0,0.551855396604288,0.257423880457581,0,0,1,1,1,1
"15",0.292715703129584,0.210987556904618,17,1,1,0.262281914375488,0.211141194444202,1,1,0.26630336577272,0.208386137080622,1,1,0.502861301351404,0.251269129623362,1,1,1,1,1,1
"16",0.508880240845721,0.236482784513391,9,0,0,0.498496374743655,0.223993223058838,0,0,0.501681135642855,0.209918779204077,0,0,0.251558038438221,0.247873595298595,0,0,1,1,1,1
"17",0.231277783151044,0.2122273431424,7,1,1,0.233051884538833,0.215510246334993,1,1,0.247356075372098,0.176035309400983,1,1,0.0920779134885593,0.229544445531991,1,1,1,1,1,1
"18",0.238890515144093,0.208091077604782,17,1,1,0.21763528489576,0.186138506829707,1,1,0.226319481607264,0.198282544763072,1,1,0.0754273844621999,0.242407743772156,1,1,1,1,1,1
"19",0.534013111835654,0.213472253205711,13,0,0,0.491107357645742,0.198118582757396,0,0,0.486631867751439,0.204149671152891,0,0,0.498631538791289,0.212662661822137,0,0,1,1,1,1
"20",0.360777293983096,0.248408594235888,5,1,1,0.299100986435663,0.192507088160344,1,1,0.342755987011439,0.2073425806564,1,1,0.313173759260864,0.261724049058801,1,1,1,1,1,1
"21",-0.106702981868234,0.183245598114832,17,1,1,-0.150174598362795,0.218795221174504,1,1,-0.131936838571457,0.200984518380431,1,1,-0.00737453661704451,0.227808398668745,1,1,1,1,1,1
"22",0.338960191234341,0.219694411782788,19,1,1,0.317660513921199,0.2276786030671,1,1,0.329511114970029,0.221277375143591,1,1,0.308113696600033,0.224666272071072,1,1,1,1,1,1
"23",0.350658789265538,0.199963411258175,17,1,1,0.350607644405108,0.185473005460231,0,1,0.338600301120764,0.181633758118219,1,1,0.406086487276275,0.202354522731443,1,1,1,1,1,1
"24",0.523584528318321,0.20718444512835,15,0,0,0.51872473143425,0.185648696561704,0,0,0.531439542106221,0.203093098397307,0,0,0.595634971392559,0.237703959273743,0,0,1,1,1,1
"25",0.298008177105224,0.225919892092493,17,1,1,0.310118823022798,0.215255327554792,1,1,0.336160644438774,0.190620590991786,1,1,0.451672800647438,0.258512176193045,1,1,1,1,1,1
"26",0.620256095194411,0.201994643599751,19,0,0,0.628834027315926,0.188857037105541,0,0,0.627694386745242,0.171253546235267,0,0,0.599645970679997,0.214136756147456,0,0,1,1,1,1
"27",0.242152582681096,0.207679590032998,5,1,1,0.303218271836081,0.214153767531429,1,1,0.307694662641058,0.190817833781068,1,1,0.0846903528834026,0.240856248420562,1,1,1,1,1,1
"28",0.395145915244654,0.231973941307758,17,0,1,0.306248968050433,0.195419671861621,0,1,0.313536471400128,0.198354225892508,1,1,0.490169542244621,0.23482140925128,1,1,1,1,1,1
"29",0.823918780785823,0.18737636747288,17,0,0,0.738917944905064,0.233240774874175,0,0,0.723757003589871,0.216813064417722,0,0,0.676994220132775,0.25164969523773,0,0,1,1,1,1
"30",0.547393949640402,0.217996336822711,7,0,0,0.530748198986843,0.21220890551171,0,0,0.556114444888962,0.201793560833157,0,0,0.592862617832924,0.240493029181357,0,0,1,1,1,1
"31",0.603195006445567,0.181692048719417,17,0,0,0.569042230846201,0.187450614389275,0,0,0.582147069739777,0.197838238636113,0,0,0.528703472173687,0.227140050822258,0,0,1,1,1,1
"32",0.419536950903,0.187320293457873,19,0,0,0.427579100117907,0.201337053663703,0,0,0.412919937582563,0.206970918703036,0,0,0.373590949187251,0.257457856979314,1,1,1,1,1,1
"33",0.136779818293885,0.182365035958687,15,1,1,0.175333067245236,0.181983529602493,1,1,0.155337044828346,0.178431525169139,1,1,0.283479016508596,0.203697688062899,1,1,1,1,1,1
"34",0.646146586872587,0.191197726445191,19,0,0,0.675750827048635,0.174710073498881,0,0,0.688126238881193,0.182922780710724,0,0,0.759566406400697,0.223203139889776,0,0,1,1,1,1
"35",-0.218626998581807,0.186134860694092,7,1,1,-0.217403419346926,0.173386200797896,1,1,-0.236967771071643,0.16131500019233,1,1,-0.303300046017348,0.190000524585415,1,1,1,1,1,1
"36",0.268475123245217,0.197351068785577,19,1,1,0.333132630386773,0.197133502258137,1,1,0.327090453691266,0.185204150894199,1,1,0.413203718951314,0.207366821011208,1,1,1,1,1,1
"37",0.134966898539864,0.226705501906347,7,1,1,0.0355478484111732,0.192440035114359,1,1,0.0324808402820332,0.192251459335046,1,1,0.0309991430685899,0.214752088157876,1,1,1,1,1,1
"38",0.335518474658966,0.197852641194134,19,1,1,0.402242166108437,0.193472058950591,1,0,0.402757643180858,0.199605882927627,0,0,0.281057761695976,0.215211071791525,0,1,1,1,1,1
"39",0.35191664702625,0.210211305457463,7,1,1,0.375011032932557,0.195215210859026,0,1,0.364005221579127,0.220519935766531,1,1,0.258723087192838,0.224005655118715,1,1,1,1,1,1
"40",0.644267421061139,0.202684318101476,13,0,0,0.576352878781058,0.181890584904469,0,0,0.584172711961471,0.200994776478878,0,0,0.651325340840115,0.233911326284118,0,0,1,1,1,1
"41",0.226181704930956,0.245786280949234,3,1,1,0.129276166978527,0.230056947983484,1,1,0.120703075129607,0.213475960097166,1,1,0.393831619283223,0.26959609466937,1,1,1,1,1,1
"42",-0.00824752837692554,0.211574163302007,13,1,1,0.0146158726104223,0.208074588231389,1,1,-0.00582642115668208,0.209774278347251,1,1,-0.00269613557482516,0.241869709362214,1,1,1,1,1,1
"43",0.354098114982224,0.202452474329764,15,0,1,0.353833503588198,0.213716667778955,1,1,0.365592749333134,0.193433525010986,0,1,0.245642974381686,0.222531749751514,1,1,1,1,1,1
"44",0.519196787002461,0.228840897541495,11,0,0,0.484254058978895,0.207658794068937,0,0,0.482647508776569,0.176978025892273,0,0,0.641432507966436,0.221522311688321,0,0,1,1,1,1
"45",0.559134928082295,0.228275274276442,13,0,0,0.560348197133551,0.20672312655772,0,0,0.568112095552219,0.198770469820793,0,0,0.723366754104808,0.220113896910651,0,0,1,1,1,1
"46",0.228431015759137,0.189524186119537,13,1,1,0.248201211825987,0.191179334622372,1,1,0.247824708922009,0.181075526587348,1,1,0.339166743613559,0.230449952757722,1,1,1,1,1,1
"47",0.336094015411813,0.247248315209078,11,1,1,0.275513501178259,0.192532601196407,1,1,0.285142073904323,0.215539518306868,1,1,0.246216849212417,0.2190707940364,1,1,1,1,1,1
"48",0.70029334855966,0.17685669795433,19,0,0,0.721980894302182,0.186828007390663,0,0,0.732313534425698,0.181848557484811,0,0,0.614374656567972,0.224652667123691,0,0,1,1,1,1
"49",0.668771374683195,0.179582220803846,17,0,0,0.711504932604536,0.194110542344046,0,0,0.706909220866111,0.192562103063622,0,0,0.689435384088327,0.225250607706812,0,0,1,1,1,1
"50",0.181687404698962,0.218483235956643,11,1,1,0.202113463423703,0.236783921274414,1,1,0.215603842986707,0.22412989700499,1,1,0.475019960970515,0.269312161897184,1,1,1,1,1,1
"51",0.334863674963294,0.196565974821879,13,1,1,0.277027645076091,0.194220738049167,1,1,0.289025702976137,0.17076214754306,1,1,0.29093209598345,0.216451773826217,1,1,1,1,1,1
"52",0.527195614384003,0.174233811295905,19,0,0,0.551768248614795,0.167465309201803,0,0,0.554620273080612,0.180005770672377,0,0,0.525207464599614,0.184657641604452,0,0,1,1,1,1
"53",0.25668236783542,0.231193251042251,7,1,1,0.242700609719288,0.207525806055206,1,1,0.248739875271446,0.227445371750791,1,1,0.101210001185525,0.250319398894715,1,1,1,1,1,1
"54",0.299094318287367,0.200729635389932,3,1,1,0.358166024721203,0.188588563156269,1,1,0.347070142824649,0.190213284181094,0,1,0.351951858100574,0.221113169914564,1,1,1,1,1,1
"55",0.282887668560674,0.224052568257213,7,1,1,0.307230061547434,0.198572785914363,1,1,0.320765060253723,0.174639494548525,1,1,0.162798808681241,0.264678633989687,1,1,1,1,1,1
"56",0.348795146560426,0.190992154952833,19,1,1,0.339493639077546,0.183896668358461,1,1,0.327840603621892,0.194277562935847,0,1,0.323914087509943,0.206017938981693,1,1,1,1,1,1
"57",0.284335053384211,0.244639079049271,3,1,1,0.365558074135157,0.219951775367075,1,1,0.368524108849346,0.201000665599963,1,1,0.10813399624935,0.213984075808425,1,1,1,1,1,1
"58",0.147018787250578,0.188666886190203,5,1,1,0.135042048320177,0.188549245478139,1,1,0.138868751264869,0.179347659757834,1,1,-0.0730419926266308,0.20955617356081,1,1,1,1,1,1
"59",0.090310640941113,0.194351244902094,9,1,1,0.0968950136681566,0.188299427511938,1,1,0.0994884806987661,0.207180390861436,1,1,0.178325470497631,0.221699987302673,1,1,1,1,1,1
"60",0.221082894949698,0.197004298446361,19,1,1,0.228830463955469,0.186858452670587,1,1,0.23274326474109,0.192662931007902,1,1,0.333790004781949,0.24113920258214,1,1,1,1,1,1
"61",0.394855843996313,0.21384080242268,13,0,1,0.409773493070589,0.191936451428388,1,0,0.414945831071172,0.195954153118156,0,0,0.317806135914444,0.219720042590973,0,1,1,1,1,1
"62",0.135708199867431,0.240886593813356,9,1,1,0.224304486518838,0.215939986158429,1,1,0.209307613868766,0.205990934273107,1,1,0.251305697448903,0.259385079094801,1,1,1,1,1,1
"63",0.181956805350635,0.201131678422373,13,1,1,0.162799847439457,0.20326403194387,1,1,0.152531238535108,0.198379320381025,1,1,0.258684080004399,0.213006249393588,1,1,1,1,1,1
"64",0.166913631452958,0.209484531863892,5,1,1,0.17671331564129,0.22480771983908,1,1,0.168166928814255,0.179495466253309,1,1,0.23381592536607,0.250585594424747,1,1,1,1,1,1
"65",0.827372080759348,0.198104135841222,3,0,0,0.805120800626791,0.203401311994801,0,0,0.797601753968302,0.206993216999697,0,0,0.80596050700295,0.225446237344139,0,0,1,1,1,1
"66",0.167869046755406,0.213819266072993,11,1,1,0.221645894474807,0.172041650057482,1,1,0.241475176036437,0.175617823070531,1,1,0.142231225363338,0.20853091474804,1,1,1,1,1,1
"67",0.301425896169643,0.203514448518216,17,1,1,0.362948079329534,0.186213004975998,0,1,0.359126711962206,0.186963556656968,0,1,0.191565125764661,0.251636448089293,1,1,1,1,1,1
"68",0.356551989909992,0.175927048781175,17,1,0,0.320067282628723,0.186312820399425,1,1,0.320189874750034,0.20063443399765,1,1,0.232858094513047,0.237507485158011,1,1,1,1,1,1
"69",0.737244515356622,0.244726962002024,1,0,0,0.609941868837846,0.207583396026403,0,0,0.611864676936221,0.210539560559009,0,0,0.70746689319856,0.234769528485549,0,0,1,1,1,1
"70",0.273549520398834,0.187097623140129,19,1,1,0.244035849871976,0.164692740045248,1,1,0.240193387284931,0.186367243951192,1,1,0.38783499101532,0.216308746145435,1,1,1,1,1,1
"71",0.59991774934997,0.254664025224325,5,0,0,0.546423957272521,0.208247935194961,0,0,0.522322820481786,0.198138427337611,0,0,0.396681189630381,0.271111119156769,0,1,1,1,1,1
"72",0.120574937473222,0.224219312168213,11,1,1,0.0693668595845504,0.196567817939005,1,1,0.0660252758066683,0.238668565476698,1,1,-0.00789542998955833,0.238900754641634,1,1,1,1,1,1
"73",0.255140360090723,0.229541841331362,5,1,1,0.308359380023548,0.239971189264057,1,1,0.291949797685234,0.191544672777382,1,1,0.311084013038115,0.253241619557367,1,1,1,1,1,1
"74",0.641259290927778,0.237270738369628,9,0,0,0.606314745477537,0.19577408808241,0,0,0.616637452444192,0.191021720030505,0,0,0.325248997141454,0.224461377315443,0,0,1,1,1,1
"75",0.752440784818877,0.181548926350131,5,0,0,0.695771220278477,0.198391022261439,0,0,0.702609539375425,0.240900426734655,0,0,0.643085220821663,0.23329778509973,0,0,1,1,1,1
"76",0.368673058501872,0.189905654670974,17,1,1,0.330704707165169,0.190053435189116,1,1,0.355211573369033,0.213372507511665,1,1,0.492325504383236,0.260168183962651,1,1,1,1,1,1
"77",0.343922015395388,0.192607212696282,13,1,1,0.292563815194428,0.208904763944918,1,1,0.304444370691876,0.190116661735328,1,1,0.216863784728959,0.192266169485135,1,1,1,1,1,1
"78",0.268388748934917,0.226896842543774,19,1,1,0.278425724967254,0.195599723663627,1,1,0.281088816084897,0.198372669420831,1,1,0.25711149499942,0.206616485857814,1,1,1,1,1,1
"79",0.324577742286019,0.233135478739186,1,0,1,0.454691670299447,0.201424276517831,0,0,0.480886888867002,0.195916236354574,0,0,0.298688222235054,0.232119450668636,0,0,1,1,1,1
"80",0.0919951334117027,0.215067064499409,17,1,1,0.0227168730246634,0.204510601935209,1,1,0.0279652459108713,0.211535052044044,1,1,0.0329794255827598,0.258897108267173,1,1,1,1,1,1
"81",0.122514152578612,0.246681877987843,17,1,1,0.166091567763388,0.209387187678274,1,1,0.146278762778559,0.246111425958326,1,1,0.0661737934070813,0.2386851548052,1,1,1,1,1,1
"82",0.482897480034761,0.215317662998202,5,0,0,0.468165353225544,0.214895521208497,0,0,0.461010582693301,0.210088596465283,0,0,0.576207206639394,0.22588915721205,0,0,1,1,1,1
"83",0.23194374563426,0.217476527280699,3,1,1,0.291811469214811,0.211272612747517,0,1,0.286523533736678,0.176496441597408,1,1,0.305676920647729,0.220139758124445,1,1,1,1,1,1
"84",0.524818234566108,0.20795998142387,3,0,0,0.520261522669696,0.226309465847717,0,0,0.51404751177131,0.212822399578697,0,0,0.418511909478723,0.225833436151046,0,0,1,1,1,1
"85",0.384864049939773,0.178587395224387,17,1,0,0.368434417118166,0.187218731153514,0,0,0.368983999732754,0.171707059990065,0,0,0.514133231718396,0.21487456657768,1,1,1,1,1,1
"86",0.506259684555897,0.206263183401585,5,0,0,0.437211409594186,0.221800969003972,1,0,0.442678458059171,0.204433589373769,0,0,0.524610302398636,0.237815167533364,0,1,1,1,1,1
"87",0.291771595303885,0.23419123114995,15,1,1,0.318318245050454,0.205324072988398,1,1,0.307538444161174,0.229578417574911,1,1,0.10745670684215,0.221089247609745,1,1,1,1,1,1
"88",0.0819192334634902,0.198346458377831,7,1,1,0.140278438696974,0.193126890082012,1,1,0.142709840304834,0.210429144742754,1,1,0.081047675102492,0.214356646934168,1,1,1,1,1,1
"89",0.196777078280036,0.221003572139748,9,1,1,0.231413816310686,0.192671115545871,1,1,0.198529964858966,0.205712919647017,1,1,0.223928219973264,0.229957721928989,1,1,1,1,1,1
"90",0.134300272033027,0.203109422076507,11,1,1,0.111934864358696,0.19356909549757,1,1,0.115017214212043,0.195022018830324,1,1,0.0821475611835942,0.233065044657196,1,1,1,1,1,1
"91",0.455174790617324,0.2050681031498,17,0,0,0.436512619692018,0.201819141342571,0,0,0.431237100532079,0.206988594588281,0,0,0.424292628052462,0.210868527689654,1,0,1,1,1,1
"92",0.58556379653426,0.246142967234019,7,0,0,0.609328340114517,0.189018417469731,0,0,0.620834316187698,0.194790838291965,0,0,0.609647272379178,0.263627067814705,0,0,1,1,1,1
"93",0.676675847249543,0.211600147684728,7,0,0,0.637328748967344,0.191241903959412,0,0,0.631085736817037,0.196073400496717,0,0,0.736342619698256,0.253592278913089,0,0,1,1,1,1
"94",0.491908633243711,0.189003259634539,5,0,0,0.430584550340878,0.156120765855638,0,0,0.467031856908407,0.178339837397202,0,0,0.458161132184053,0.216097065916151,0,0,1,1,1,1
"95",0.44620130990324,0.225579057020446,19,0,0,0.520200017178134,0.226224468538861,0,0,0.52848991090048,0.207670935460083,0,0,0.381608558303501,0.225896399615514,0,0,1,1,1,1
"96",0.501253088570128,0.183525778615203,3,1,0,0.360141506968195,0.187924580644328,1,1,0.358604591046829,0.224479485805696,1,1,0.668247655437962,0.222667199165127,1,1,1,1,1,1
"97",0.406503532453954,0.229739781259394,1,1,1,0.385905235199641,0.189487509066808,0,0,0.378967324104136,0.206246967044957,0,1,0.444257984470789,0.211455414707379,0,1,1,1,1,1
"98",0.37059238918792,0.253717515387431,7,1,1,0.349449175761911,0.205034993745523,1,1,0.347755114141032,0.217859009602658,1,1,0.591732629829391,0.224281046519586,1,1,1,1,1,1
"99",0.577938838353423,0.198795458815952,19,0,0,0.603997401368083,0.171900324081275,0,0,0.607064612616755,0.20160380747561,0,0,0.558316107733529,0.238549655977307,0,0,1,1,1,1
"100",0.451321071999007,0.186612181178012,19,0,0,0.468231571776382,0.197293331529811,0,0,0.467828770884038,0.205194641450756,0,0,0.581878169125366,0.24930858276756,1,1,1,1,1,1
