"","V1","V2","V3","V4","V5","V6","V7","V8","V9","V10","V11","V12","V13","V14","V15","V16","V17","V18","V19","V20","V21"
"1",-0.0126356411960437,0.256635928028168,3,1,1,-0.0198798742471651,0.207350738860516,1,1,-0.0186220576197763,0.207917729950645,1,1,-0.0392286867890519,0.261295021191394,1,1,0.189885227878922,0.252543683072772,1,1
"2",0.187726016872304,0.265807302961758,5,1,1,0.171857430330888,0.215946605943357,1,1,0.14301575175909,0.230220187626703,1,1,0.28812672916627,0.306612500241112,1,1,0.422510086471172,0.305841105778312,1,1
"3",-0.0173765339443389,0.203946346561837,5,1,1,-0.142054608632655,0.2349903796661,1,1,-0.0903665917785746,0.228809358441209,1,1,-0.0632446369518921,0.233403674073833,1,1,0.227221527140923,0.240960455749336,1,1
"4",-0.0661972628185727,0.197030317906273,13,1,1,-0.109931144991921,0.179640970846041,1,1,-0.0995473294697411,0.181656869890389,1,1,-0.104998158830961,0.218576155543396,1,1,0.294883572320577,0.22083418132572,1,1
"5",0.286189972981695,0.25933612138853,9,1,1,0.276414184931629,0.221388135308983,1,1,0.230157808725808,0.220282239782063,1,1,0.208481039743087,0.321533866943133,1,1,0.440940969276599,0.307985717499432,1,1
"6",-0.106692432594895,0.2594117747154,11,1,1,-0.0748077198810643,0.234680696568826,1,1,-0.156140677439598,0.265398528796561,1,1,-0.0880966301085628,0.273854667764803,1,1,0.225439233065339,0.287200423674644,1,1
"7",0.0341585175452945,0.230307204365885,5,1,1,0.00783495934967187,0.196537108677127,1,1,-0.0295669503487314,0.202992068040905,1,1,-0.207661040731861,0.276167371759686,1,1,0.197781481472146,0.292641450502304,1,1
"8",0.0305423004089003,0.248720315344776,19,1,1,0.116173171367966,0.237659518718639,1,1,0.11668965662441,0.21240589286964,1,1,-0.080234348981064,0.281537966040403,1,1,0.390061352687304,0.297209221114731,1,1
"9",-0.164620937852884,0.213000008635323,13,1,1,-0.26539999810656,0.237195338573924,1,1,-0.280607752074265,0.238077746210691,1,1,-0.412966472669416,0.255883641493308,1,1,0.176676273643447,0.270497337734292,1,1
"10",-0.162657715941946,0.202678218450574,17,1,1,-0.237371164407224,0.202322054480498,1,1,-0.236248419607599,0.189667765136039,1,1,-0.377730034637221,0.232488277510749,1,1,0.0898356469900652,0.233889778099794,1,1
"11",-0.0245884795635164,0.237706399163251,15,1,1,-0.0563007561996892,0.213185819683937,1,1,-0.0227549917258289,0.233504250442227,1,1,0.205366109205362,0.279457583194742,1,1,0.201244151751513,0.29402272561559,1,1
"12",-0.403849551433607,0.285340437161039,7,1,1,-0.285945541453353,0.237793701140447,1,1,-0.341238871280707,0.243011803824145,1,1,-0.363442453979094,0.293607836981033,1,1,-0.00585021621693083,0.294283060750166,1,1
"13",0.286357076097531,0.204344027591963,19,1,1,0.372539581915392,0.271860172311291,1,1,0.355156688920119,0.266375883757584,1,1,-0.0195388831336107,0.257987517306051,1,1,0.622772400355253,0.267648318897976,1,0
"14",0.369429619594127,0.21724599809371,19,1,1,0.234150226940901,0.233818626626707,1,1,0.252436261653954,0.228324676421838,1,1,0.456726253473207,0.2770662468511,1,1,0.521237289879275,0.27947422649044,1,1
"15",-0.147573250244657,0.262946744492684,1,1,1,-0.0380680048702915,0.237960274678521,1,1,-0.0461361327278651,0.237749103097223,1,1,-0.143029245254899,0.274442464356564,1,1,-0.147573250244657,0.262947914827127,1,1
"16",-0.111820279291534,0.241594311611139,15,1,1,-0.0304463452157893,0.217110779477859,1,1,-0.0445735461563463,0.202767328653371,1,1,-0.028639264613312,0.249991670160182,1,1,0.294879085215415,0.244139941223902,1,1
"17",-0.301516310337294,0.195189181445792,11,1,1,-0.305296274056651,0.192129352736579,1,1,-0.260082504864278,0.187719328694778,1,1,-0.192951209053696,0.22965642394461,1,1,0.0554478809008275,0.232666586646671,1,1
"18",0.0653167572055596,0.265079300879819,3,1,1,0.139171998366443,0.269770443672842,1,1,0.124917566357293,0.249828853172519,1,1,0.159166283359898,0.287540005639412,1,1,0.287676937060431,0.279628077892107,1,1
"19",0.0817082351874054,0.227226770417023,17,1,1,-0.0655136315373304,0.2499399824928,1,1,-0.0110559607632599,0.234690458215217,1,1,0.0635838914683456,0.260226333181079,1,1,0.395425688829957,0.249519314546588,1,1
"20",-0.0528293801697714,0.219117426080006,17,1,1,-0.336267090919663,0.302401370768833,1,1,-0.342367715822059,0.305619338418932,1,1,-0.182727633515595,0.252083632254124,1,1,0.159733024694118,0.260880295278535,1,1
"21",-0.161148496055875,0.240150900380415,11,1,1,-0.129681131095571,0.221140988777489,1,1,-0.177057920118221,0.239189861193929,1,1,-0.00622202894805125,0.246646731614542,1,1,0.242949432269862,0.276183842011425,1,1
"22",-0.281953068769998,0.234661540845514,11,1,1,-0.153608854847439,0.199683189703657,1,1,-0.179929640181262,0.208115506301922,1,1,-0.244729516159801,0.246425507666965,1,1,0.113130842125285,0.239928893835708,1,1
"23",-0.278420044324188,0.215782705254663,15,1,1,-0.342761094903678,0.205118463438235,1,1,-0.321628335869664,0.199584182420348,1,1,-0.205457971617549,0.237427167019343,1,1,0.0301973835694759,0.235930992372105,1,1
"24",-0.127188861469971,0.231842066041963,15,1,1,-0.280440109545608,0.277270949824481,1,1,-0.278365255119449,0.234497592706287,1,1,-0.268205596844095,0.251042786111256,1,1,0.233205297178247,0.26781523356442,1,1
"25",-0.105669946878343,0.209517313558583,19,1,1,-0.075224311443131,0.198387850862047,1,1,-0.10903007436014,0.203953308233619,1,1,-0.445882464420642,0.252998176336759,1,1,0.0711963943311216,0.247705497746879,1,1
"26",0.0843698718281735,0.207224088383408,9,1,1,-0.0210490820486647,0.203372632014246,1,1,0.0114585281823791,0.208574405753207,1,1,-0.0295643423552157,0.250936336144593,1,1,0.384949920069287,0.238935766361219,1,1
"27",0.325982462456428,0.228183407741054,5,1,1,0.206107232267921,0.235464847556582,1,1,0.236559226707654,0.227599764051635,1,1,0.363312494191938,0.239805425538101,1,1,0.533300990619351,0.246088031439334,1,0
"28",-0.0586247970297435,0.246840413882614,17,1,1,0.0460523848331186,0.347791775819148,1,1,0.0359349164894154,0.331967904425633,1,1,-0.00299627735220899,0.32898387671789,1,1,0.3398166529363,0.338548708209615,1,1
"29",0.0712876460712898,0.203515565284636,9,1,1,0.161868102699675,0.190852671183271,1,1,0.169533223930245,0.195733444350678,1,1,0.218824466046113,0.222032544674272,1,1,0.422758433972413,0.232619846682089,1,1
"30",0.106538308411238,0.236391412505547,7,1,1,0.158069597434511,0.249094935906713,1,1,0.162651376620405,0.232284104219414,1,1,0.201084582798485,0.25969669053228,1,1,0.458478478726221,0.261789002306226,1,1
"31",0.199157984123453,0.236322107429323,15,1,1,0.419785579575296,0.257635878502941,1,1,0.4544349346534,0.262806176947923,1,1,0.233351615552127,0.288897833252576,1,1,0.644922915383742,0.307870582300189,1,0
"32",0.223935154973477,0.224230128501697,15,1,1,0.326137290790102,0.212643230762257,1,1,0.311520806325821,0.224630106769231,1,1,0.174029810696189,0.245466081860986,1,1,0.619585047571171,0.250190699240711,1,0
"33",0.305801444770354,0.217635369210299,3,1,1,0.27477634181973,0.202645626371893,1,1,0.323460722829999,0.204336822950445,1,1,0.242305900769657,0.234271464430688,1,1,0.453529702776117,0.225727357182178,1,0
"34",0.172656679226709,0.236123549936036,3,1,1,0.186392641621599,0.181212070164535,1,1,0.187803899999522,0.196946200936967,1,1,0.450109986146863,0.237526247464517,1,1,0.489583751789237,0.243712410046363,1,0
"35",-0.0626724645083257,0.252468628882679,1,1,1,-0.0241514509820511,0.210559599237815,1,1,-0.0520220989697063,0.212741402554952,1,1,-0.0382430058792085,0.266791937620843,1,1,-0.0626724645083257,0.236265199838213,1,1
"36",0.0184527168178869,0.226387022936924,13,1,1,0.166632464925735,0.185971004827519,1,1,0.122569359846404,0.19933798248078,1,1,0.120826107406471,0.24098118754075,1,1,0.297048743466468,0.237882851068867,1,1
"37",0.0332582558962878,0.221455716556478,11,1,1,0.119445449697139,0.208130717756463,1,1,0.168430466691382,0.203202963736094,1,1,0.117501534757592,0.253833694512523,1,1,0.424694661480979,0.261604420312452,1,1
"38",0.398413195625342,0.239327259137249,9,1,1,0.452343270461224,0.226794379308149,0,0,0.438311398077743,0.225814210694651,0,1,0.522101365223274,0.256962294952364,1,1,0.671605892204548,0.252077403792351,1,0
"39",-0.155924873242893,0.193491808864011,15,1,1,-0.202998545073108,0.184710925666868,1,1,-0.197608680130721,0.183228449359213,1,1,-0.0358909454920192,0.226420794604842,1,1,0.0572516310132411,0.229389576612144,1,1
"40",0.0864614434051158,0.225615914955772,9,1,1,0.104760415127599,0.202603007947111,1,1,0.0813763442717159,0.203342291500301,1,1,0.0310486942134939,0.249164089082098,1,1,0.253229770011747,0.26814067357379,1,1
"41",-0.165233725744504,0.211392344381665,19,1,1,-0.186397094456461,0.201545783102787,1,1,-0.203093842795073,0.199867583628385,1,1,-0.263722128806164,0.233988481430548,1,1,0.112196072803284,0.240717704016012,1,1
"42",-0.346883837901727,0.259077360751906,5,1,1,-0.306632410616665,0.205009449498827,1,1,-0.361611933709141,0.216387032291855,1,1,-0.528906623495865,0.289438310773806,1,1,-0.143938189563063,0.279370522202065,1,1
"43",0.302733982508795,0.205446884194796,11,1,1,0.18166246762737,0.244668231956476,1,1,0.18172406458192,0.227128597360262,1,1,0.205094589853398,0.232698835553116,1,1,0.534587245993044,0.235660678675927,1,0
"44",0.223822899314143,0.235777189106014,13,1,1,0.180765559590175,0.197716765362071,1,1,0.157141641648466,0.215477537939171,1,1,0.130942343089087,0.274872225390675,1,1,0.392268135731975,0.28264175290976,1,1
"45",0.292358039424747,0.249122246928763,9,1,1,0.136595349769087,0.206581066487472,1,1,0.190941603865172,0.216530781917058,1,1,0.261742317526336,0.25406819502372,1,1,0.309057288291825,0.271991247481366,1,1
"46",0.139063238763692,0.235434997115829,11,1,1,0.113923992621025,0.230819573800385,1,1,0.156662387093015,0.212227326816485,1,1,0.214109658905416,0.271378108054423,1,1,0.283918503409863,0.284947815938345,1,1
"47",-0.143034092413709,0.271903814038769,7,1,1,0.00997359726615424,0.227985468453061,1,1,0.0198525454874965,0.236169780781541,1,1,-0.244601629027501,0.269043300436623,1,1,0.241034721416482,0.287665889249101,1,1
"48",0.417633554829068,0.229156456757088,19,1,1,0.421660046337648,0.220238824245187,0,1,0.404589986635167,0.216607505565832,1,1,0.718620999352626,0.272820922922468,1,1,0.645373984737252,0.285915214480575,1,0
"49",-0.14642908941649,0.250680003473738,17,1,1,-0.363042530554789,0.246201074788188,1,1,-0.281947982868752,0.250109770501443,1,1,-0.169203486136633,0.266715544504977,1,1,0.166554363095153,0.275527096902015,1,1
"50",0.232233702005661,0.246797263979163,15,1,1,0.235550374073539,0.217213558690003,1,1,0.187644246245515,0.213974112241169,1,1,0.133815382868459,0.266671093613169,1,1,0.421532136726698,0.292606330479647,1,1
"51",-0.116830065181244,0.196664420817184,17,1,1,-0.129526118006566,0.201974622961366,1,1,-0.132359585686628,0.185961690269428,1,1,-0.412142234164602,0.230629146002318,1,1,0.0292454328274807,0.236815662240836,1,1
"52",-0.293080132547142,0.241415200102651,13,1,1,-0.228385117671332,0.200078836781929,1,1,-0.216292342270493,0.210473792708722,1,1,-0.201504192821171,0.282016083894949,1,1,0.115221607068693,0.271908433171769,1,1
"53",-0.571725202065133,0.215090396181849,19,0,0,-0.507435897750315,0.213041970933009,0,0,-0.505859555392015,0.227716769015688,0,0,-0.733068888588692,0.250896199059815,0,0,-0.287537365974503,0.2542304786989,0,1
"54",-0.377782155686819,0.20962578771298,11,0,1,-0.432586281639724,0.210632379226327,0,0,-0.395343527163908,0.224758967156648,1,1,-0.471177619603579,0.246759574517102,1,1,-0.0472058100504756,0.245148832006344,1,1
"55",-0.0052930251049153,0.189432794145828,13,1,1,-0.0951428791944766,0.222774749449334,1,1,-0.101290373021579,0.205478989182424,1,1,0.0195122017039213,0.222613895883551,1,1,0.229422071125799,0.222561333434637,1,1
"56",-0.00952312664439885,0.247265037972276,3,1,1,-0.472581762749737,0.515366670506701,1,1,-0.255881294948069,0.311947182696935,1,1,0.00331302059097686,0.251865878113743,1,1,0.197987147876784,0.259964703090041,1,1
"57",-0.00950081805029939,0.218066623394289,17,1,1,-0.12373692368037,0.188375044564329,1,1,-0.101167325841742,0.193860366241458,1,1,-0.0557554893362761,0.354596493183353,1,1,0.191452068168076,0.346101034996144,1,1
"58",0.0111409903564774,0.224652653907583,15,1,1,0.0100238250742645,0.213010392538922,1,1,-0.0118682060382185,0.213227977439404,1,1,-0.223689301261066,0.243061093334802,1,1,0.198781935140446,0.24459622491906,1,1
"59",-0.131701816344601,0.202761006053924,17,1,1,-0.128617872052781,0.201869433135149,1,1,-0.105976330748221,0.206771271461332,1,1,-0.0192441207731375,0.224428530397959,1,1,0.127972079383129,0.234681434879943,1,1
"60",-0.10371256839621,0.258588230587043,11,1,1,0.00927618188907152,0.245825836621137,1,1,0.00940510250609319,0.247248775980852,1,1,0.187906233751906,0.310382117600426,1,1,0.117701240516837,0.323287937660051,1,1
"61",-0.0111515329405926,0.2384315493885,15,1,1,-0.0417217355519272,0.233458549970251,1,1,-0.0373090304797884,0.208937308649248,1,1,-0.17874308320695,0.251111664154019,1,1,0.492249145266418,0.240960780676686,1,0
"62",0.335176772841292,0.208567117356523,15,1,1,0.181082226400044,0.231762571932176,1,1,0.199945706613245,0.204156322783073,1,1,0.156281721939189,0.241034916706944,1,1,0.504335242651175,0.236064199279867,1,0
"63",0.26839114926293,0.2035566030278,9,1,1,0.235487989189893,0.208109154604952,1,1,0.286957223770617,0.202952443086888,1,1,0.271782704726549,0.23927383659325,1,1,0.508165896047527,0.245815121736747,1,0
"64",0.391898145428385,0.244418077318761,11,1,1,0.393444588416042,0.219510113996247,1,1,0.390498584026138,0.224762628371762,1,1,0.471923108320096,0.264623003413411,1,1,0.557434238371091,0.268321032013795,1,0
"65",0.0783413886811055,0.226157262473812,9,1,1,0.11268161720372,0.232221165729203,1,1,0.159402972258483,0.225762858467064,1,1,0.0891906550329604,0.232828338964041,1,1,0.307682922348008,0.225719536098682,1,1
"66",-0.0878399391086986,0.235440709567458,5,1,1,-0.0392960635759822,0.209632262827266,1,1,-0.0300805861676438,0.211723994471502,1,1,-0.0303121568748485,0.230685081152515,1,1,0.265506119794925,0.239171832794185,1,1
"67",-0.284722162382083,0.237422675871492,17,1,1,-0.213181845988781,0.192951246253863,1,1,-0.211758865051065,0.202393209771827,1,1,-0.254401919245846,0.242164437959987,1,1,0.105279754913371,0.256660571031998,1,1
"68",0.212910774568381,0.246419915873178,17,1,1,0.138850308831673,0.225774193679306,1,1,0.161429521610253,0.22852547169963,1,1,0.122327050831634,0.318336743461137,1,1,0.41581623475543,0.298071791937362,1,1
"69",-0.0322131123507745,0.246718972232914,7,1,1,0.0719480056345622,0.219211521033145,1,1,0.0746701355807619,0.217880296403769,1,1,0.0435300759348545,0.245205867330437,1,1,0.188823725058445,0.246780486200552,1,1
"70",0.0521366509109023,0.220062639551454,19,1,1,0.0178692193177851,0.212288497321038,1,1,0.0416369961228221,0.197445800660389,1,1,-0.0504590664109988,0.270866507859343,1,1,0.278221062547194,0.248887838824725,1,1
"71",-0.226394385974953,0.209014846412783,17,1,1,-0.289851822645436,0.201209731246127,1,1,-0.257360337221931,0.195716949652507,1,1,-0.204423294056468,0.237731946955429,1,1,0.104802954643395,0.244525632535788,1,1
"72",-0.0576956454811379,0.220636744528702,17,1,1,-0.0357062910169416,0.207623724431258,1,1,-0.0901839200174276,0.223357207444061,1,1,0.0503627981670014,0.286883520782411,1,1,0.200775444765348,0.283229813558671,1,1
"73",0.00623476164963969,0.221794762797137,7,1,1,-0.0404499578489086,0.201244916640948,1,1,-0.0349886931762985,0.195937686235945,1,1,0.0613758040821292,0.240383403269099,1,1,0.244620122688387,0.242615967140789,1,1
"74",-0.0720717262798472,0.23199096333389,9,1,1,-0.0495892113251193,0.210846612777402,1,1,-0.113037760274629,0.217622700483303,1,1,0.0529976036304332,0.290220123680647,1,1,0.159064331928258,0.283803898414393,1,1
"75",-0.127699694970036,0.231523379300729,9,1,1,-0.101516876826115,0.207057226948467,1,1,-0.130452202075322,0.223657211861175,1,1,0.0228345161242442,0.288483941767648,1,1,0.0872474451757987,0.273687231591198,1,1
"76",0.239719174721661,0.226028684317715,11,1,1,0.229940604752021,0.216695792162381,1,1,0.301123677772985,0.205087037302713,1,1,0.272569236946167,0.263527002250689,1,1,0.515514469409846,0.248456709517051,1,0
"77",0.441020011523942,0.256139867222428,7,1,1,0.230815055510266,0.25250736432279,1,1,0.22272394658173,0.259543045444854,1,1,0.422670272453271,0.323663048815326,1,1,0.602964719321678,0.291138607080607,1,0
"78",0.330841009432307,0.211654563681498,9,1,1,0.322753306232328,0.203778046157418,1,1,0.349131762872887,0.196193145521373,1,1,0.266234178672044,0.227584779874491,1,1,0.586224097544589,0.231599911979484,1,0
"79",-0.156614373997885,0.222827040772994,19,1,1,-0.0216654422336191,0.212559916881804,1,1,-0.0685509289036296,0.215078633419918,1,1,0.0466281618588284,0.2614102343724,1,1,0.174374441271174,0.254245626860782,1,1
"80",0.273342304649882,0.216224759286811,17,1,1,0.213950774372383,0.214630989054466,1,1,0.22109544308631,0.205116504529319,1,1,0.251646639872807,0.265862019378962,1,1,0.613028103963466,0.253577526603163,1,0
"81",0.263754884026551,0.245571041832568,3,1,1,0.181698307082861,0.197810217296666,1,1,0.193047525450261,0.190146011864069,1,1,0.26933469292815,0.258127300902032,1,1,0.454579627961986,0.257519688973507,1,1
"82",-0.22366595094491,0.248138479452603,11,1,1,-0.339606740074543,0.281455389416082,1,1,-0.31968707951225,0.278568712924559,1,1,-0.0427552110852722,0.280136122893009,1,1,0.0677033530525578,0.265734066518129,1,1
"83",0.166345122010141,0.22106972912839,11,1,1,-0.130143232392462,0.355104575012069,1,1,-0.0909858035459991,0.342829363850368,1,1,-0.0635810376446316,0.256345765058315,1,1,0.44584899377031,0.263250507380821,1,1
"84",-0.0704166560411601,0.186891430531526,17,1,1,-0.0336646021327555,0.179347407097706,1,1,-0.04590874054281,0.176018488674202,1,1,-0.151077730525681,0.217184556803978,1,1,0.162195612138064,0.222561231509167,1,1
"85",0.143047474032696,0.205113155744083,9,1,1,0.161709928161651,0.185346383869337,1,1,0.137659185423098,0.191122503871112,1,1,0.31389624649971,0.229361380424424,1,1,0.448314268733802,0.227912557689759,1,0
"86",0.440556588865678,0.205025572158618,13,0,0,0.486785341750079,0.20331558785301,0,0,0.464005712844866,0.221629742872733,0,0,0.440039488760693,0.214369189393262,0,0,0.779505106859674,0.24010860099929,0,0
"87",-0.199676426788735,0.232407610761719,19,1,1,-0.352157572652656,0.262265251872894,1,1,-0.350310958513137,0.25667308104516,1,1,-0.447402177166632,0.28035522025231,1,1,0.0991239277508204,0.2814044450831,1,1
"88",-0.0571466123571984,0.251282509312364,19,1,1,-0.128885894077408,0.226274363166914,1,1,-0.138509078769702,0.227621244393089,1,1,-0.0575559289230392,0.264826943964545,1,1,0.28670868119322,0.25508738875197,1,1
"89",0.185466257271508,0.219029414528712,11,1,1,0.131399636889377,0.221244904601823,1,1,0.120513626288867,0.222865373553769,1,1,0.0176420921416733,0.264550870438329,1,1,0.363039442811492,0.242375909387284,1,1
"90",-0.0669462887059737,0.249770017078171,13,1,1,-0.111851778170976,0.233571520195605,1,1,-0.0706126052349849,0.214480296661008,1,1,-0.611512062235166,0.281608078576848,1,1,0.107665496916412,0.287076882842289,1,1
"91",0.0870196076395404,0.222751102488473,13,1,1,-0.0172881428678792,0.215941925533865,1,1,-0.0114135343846789,0.200171238101009,1,1,-0.0438545991860959,0.244793448586463,1,1,0.258183166680531,0.25207710561881,1,1
"92",0.0301564098891945,0.231177455988351,7,1,1,-0.184481136076924,0.249440385191662,1,1,-0.150925606214248,0.227145165927231,1,1,-0.0833315786206313,0.241896605191525,1,1,0.27463172087664,0.241902168213732,1,1
"93",0.198844217186372,0.211902956586074,9,1,1,0.144436659552617,0.186413071766294,1,1,0.173127229345749,0.187173490457383,1,1,0.13007966767169,0.229928027404667,1,1,0.416890046844537,0.237246940755011,1,1
"94",0.0863216999862446,0.224515159491279,5,1,1,0.0294020481186037,0.229548116094216,1,1,0.0197862643093084,0.217554526484725,1,1,0.165432749960884,0.234504121376309,1,1,0.442031691959374,0.240672303320463,1,1
"95",-0.158466596597927,0.225165552692221,15,1,1,-0.0704375114984729,0.227108552368657,1,1,-0.0435043089841321,0.241897259052924,1,1,-0.313172723996983,0.25109027271487,1,1,0.0504000176003211,0.26004271803918,1,1
"96",0.354414092630279,0.226369988938567,13,1,1,0.2790641677671,0.222971347637531,1,1,0.312082559325834,0.2180299212101,1,1,0.308577185403108,0.242915305633383,1,1,0.446212445531276,0.265397673007041,1,1
"97",-0.079086720833242,0.213300443357813,19,1,1,-0.045289839410712,0.212210665191355,1,1,-0.0256667752527458,0.204432523489135,1,1,0.0125851034070349,0.248269038854907,1,1,0.190746722256924,0.253188396152251,1,1
"98",-0.188262213691838,0.210113071081187,11,1,1,-0.146847336742437,0.196084471839751,1,1,-0.13242852219862,0.194319437054541,1,1,-0.296015398530928,0.222147942474497,1,1,0.184490016407482,0.234474068059198,1,1
"99",-0.166678504201892,0.217233785907335,9,1,1,-0.191911692330753,0.19010440138233,1,1,-0.200748005898474,0.206112363888286,1,1,-0.109404778177427,0.253035128908153,1,1,0.220543575805911,0.241181862526992,1,1
"100",-0.354846497147544,0.276259595723468,3,1,1,-0.38539321691414,0.234079734615854,1,1,-0.369345094787136,0.239718679638348,1,1,-0.357114526689066,0.278963291202927,1,1,-0.0302944977572666,0.289358149426707,1,1
