"","V1","V2","V3","V4","V5","V6","V7","V8","V9","V10","V11","V12","V13","V14","V15","V16","V17","V18","V19","V20","V21"
"1",-0.396339386355778,0.256009284784911,15,1,1,-0.405141148430633,0.242701679487798,1,1,-0.457825441127344,0.242309968712212,0,1,-0.479239065394546,0.257082196753683,1,1,-0.380309609981592,0.263222370519313,1,1
"2",0.0204254989455598,0.219083374690116,7,1,1,0.0689868858904901,0.19006136304141,1,1,0.089196883737568,0.217407653890194,1,1,-0.0137750279426679,0.198928144640807,1,1,0.0978734422285197,0.244849363704701,1,1
"3",-0.50429453674116,0.238506105108991,5,0,0,-0.390424028310988,0.218338467900923,1,1,-0.384551803297607,0.197479455507183,0,1,-0.62514716302781,0.223291349350315,1,1,-0.374738118809313,0.259267347359593,1,1
"4",0.528682713825642,0.21218156305042,19,0,0,0.521023194067044,0.203093314649093,0,0,0.509177271812248,0.195767464544202,0,0,0.44439705907482,0.24700605903786,0,0,0.533689070771107,0.257223190576538,0,0
"5",-0.0766992946412951,0.186915928396027,9,1,1,-0.142947653925282,0.247048059022778,1,1,-0.144347344528105,0.223541063450788,1,1,-0.0129380224318615,0.238532543659653,1,1,-0.0480491853379369,0.215329415754859,1,1
"6",0.079974148835308,0.267569255003049,17,1,1,0.138898424090133,0.238249844859468,1,1,0.139998413132347,0.211762755144265,1,1,0.187463559836375,0.28621034768824,1,1,0.0934799322133987,0.325518775026216,1,1
"7",-0.0985914019696112,0.245241514241427,13,1,1,-0.00130184980902024,0.213404341702061,1,1,-0.0200858199897709,0.20720638010215,1,1,-0.0905070114957012,0.240020059510622,1,1,0.0108573085181621,0.275033335118333,1,1
"8",0.1142016802873,0.220160346861722,7,1,1,0.179686809775392,0.216440572404098,1,1,0.139319882023831,0.211182747208239,1,1,-0.00851091314921892,0.20377203498422,1,1,0.13306842402085,0.207344026550183,1,1
"9",0.0615769755860192,0.248137287238943,13,1,1,-0.0182207719980641,0.21656570261534,1,1,-0.0328829988692046,0.224609565971308,1,1,-0.128039044857874,0.29527250377345,1,1,0.0017972278295479,0.272443532871052,1,1
"10",-0.395892565396068,0.252256348514336,5,1,1,-0.376445165023983,0.23168569162443,1,1,-0.310943660331833,0.184275879391454,1,1,-0.696515841807831,0.23328586687957,1,1,-0.353097295751662,0.230380187750516,1,1
"11",0.0138954686729261,0.252402742690733,17,1,1,0.0908397991645525,0.1776044132462,1,1,0.105105460107906,0.216517030215852,1,1,0.0924154239493063,0.262796436303727,1,1,0.00811852306684484,0.248267153786895,1,1
"12",0.209223511189174,0.210766052026519,13,1,1,0.171737785966846,0.194574423768318,1,1,0.212458903567437,0.234192939376411,1,1,0.266944837165931,0.240084917508514,1,1,0.128732781345726,0.258888336683412,1,1
"13",0.117033888129364,0.264528856889953,5,1,1,0.261310383676717,0.192949239822421,1,1,0.201881097609233,0.244354643581786,1,1,0.082758611825864,0.285652065093619,1,1,0.0933405348251156,0.259684080641852,1,1
"14",-0.371439125736865,0.196495033157426,9,0,1,-0.41344611415937,0.176982040248738,0,0,-0.421486489885856,0.197046041494804,0,0,-0.521712446577249,0.237321363895238,1,1,-0.376303239578211,0.233214111181797,1,1
"15",-0.198009644692144,0.207472548636061,11,1,1,-0.13903650823687,0.216789914788513,1,1,-0.144874442028109,0.22442106849689,1,1,-0.27851637131581,0.309381137540294,1,1,-0.107322368014311,0.257032036895947,1,1
"16",0.250240601634123,0.240470510344107,7,1,1,0.284371000465523,0.21501736268384,1,1,0.257625048917866,0.228376764592949,1,1,0.424371408822623,0.272406685732637,1,1,0.297197533178454,0.233229839300417,1,1
"17",-0.208441943941543,0.202135093233006,9,1,1,-0.269928319543366,0.225748640394212,1,1,-0.271502660320667,0.241424087870367,1,1,-0.528947057808813,0.263225091347293,1,1,-0.235823326346148,0.261753388201865,1,1
"18",0.270947010104999,0.207794807345311,15,1,1,0.231444934072286,0.208321309855685,1,1,0.248010455611431,0.214756350163014,1,1,0.473437495713798,0.253694399326469,1,1,0.265483293173345,0.262393703645529,1,1
"19",-0.286762695597638,0.242821567737929,17,1,1,-0.522224122011524,0.240922549966285,0,0,-0.474124646069648,0.22509192346854,1,0,-0.470019450875884,0.23938213404496,1,0,-0.300637402410416,0.243984504482438,1,1
"20",0.242854330215633,0.214716453702525,9,1,1,0.258067446264959,0.240646727364816,1,1,0.248905428953063,0.232402162485223,1,1,0.298943493973625,0.234994742970217,1,1,0.193911994227529,0.257895466378964,1,1
"21",0.121399297445597,0.186016746883697,9,1,1,0.0253730541024118,0.210361962762699,1,1,0.0321675842032936,0.19748466655396,1,1,0.241442848548983,0.230569899566558,1,1,0.138777244952297,0.251492627932404,1,1
"22",0.0613591914484242,0.228496455057028,7,1,1,0.0765747904495904,0.237088012741415,1,1,0.0728889766363865,0.204353933340652,1,1,0.0372143663193376,0.257876300346107,1,1,0.0879868976020706,0.242100394455728,1,1
"23",0.20437033365325,0.260997679527717,7,1,1,0.239835128600588,0.226474043588079,1,1,0.234682040012651,0.203919512566789,1,1,0.223941849196357,0.238144956040373,1,1,0.1851807473618,0.26084501562636,1,1
"24",0.116276667233345,0.223044364538304,17,1,1,0.135633286676907,0.179778598975164,1,1,0.109300962303879,0.206487185226872,1,1,0.244793094074603,0.225811188991038,1,1,0.166328588616728,0.215145890438633,1,1
"25",0.110636363116556,0.284193013830182,15,1,1,0.0227773168224772,0.233044621882639,1,1,0.0471770620757467,0.211748821608065,1,1,0.239363293094781,0.226936794526123,1,1,0.141426123200568,0.25928482178636,1,1
"26",0.058587853959569,0.229602794061353,3,1,1,0.0499979459803159,0.186720900883192,1,1,0.152285655400193,0.215362795617975,1,1,0.0768801088917913,0.253212360450365,1,1,-0.0207056144371032,0.25501313509351,1,1
"27",-0.0184718861290076,0.21979513812726,9,1,1,0.0255340509637557,0.2462813736066,1,1,0.00139546202121732,0.233226810485445,1,1,0.0705063578667368,0.242128652779856,1,1,0.116928422674442,0.253516768801064,1,1
"28",0.207243972540468,0.221840989288834,1,1,1,0.149108492872047,0.234024547425421,1,1,0.143717727104665,0.212203784560399,1,1,0.207377052667954,0.239453387587745,1,1,0.207243972540468,0.244503109946695,1,1
"29",0.34515958331871,0.254593788965973,15,1,1,0.484247911740189,0.211803700860611,0,0,0.494004096651687,0.20069850243105,0,0,0.784011542160471,0.278413292521371,1,1,0.379158979391132,0.238590258604429,0,1
"30",0.205408197930028,0.225368320203973,13,1,1,0.194481093069942,0.18392750878403,1,1,0.157735378044869,0.199934028762398,1,1,0.245816323876647,0.261468953542821,1,1,0.2017871110651,0.287392898005209,1,1
"31",-0.172247255737118,0.192455144744908,19,1,1,-0.208662702676267,0.201810471666753,1,1,-0.137497846500811,0.207913425833165,1,1,0.1141380541539,0.255800667737664,1,1,-0.129057468304968,0.235771070877647,1,1
"32",0.249284164456995,0.225643281146472,19,1,1,0.358948760564731,0.207282727901301,1,1,0.305757892983297,0.229459977944132,1,1,0.73300619732749,0.281039765204759,1,1,0.317490018511451,0.325650398035142,1,1
"33",0.0161206622598675,0.258966557659388,17,1,1,-0.00855205055695153,0.199982853783566,1,1,-0.00215366937523363,0.267474797671856,1,1,-0.0231533453104779,0.289473967793888,1,1,-0.0340792261826348,0.252335095701178,1,1
"34",-0.17161994135549,0.253219622938633,5,1,1,-0.15509513244345,0.225180251556003,1,1,-0.161366738016041,0.209074504282152,1,1,-0.394273212304244,0.271351205989795,1,1,-0.211711530692193,0.246988089682471,1,1
"35",-0.0508798088795924,0.239712482093243,5,1,1,-0.0705548998010298,0.245690920379529,1,1,-0.0532136913065018,0.201324146837096,1,1,-0.108083091191067,0.219714251537117,1,1,-0.0393123239101832,0.23513218032207,1,1
"36",-0.253352803267521,0.209669918545677,13,1,1,-0.244133667859904,0.219157372049108,1,1,-0.208868501997307,0.225532981947834,1,1,-0.0824114783754145,0.239573105653356,1,1,-0.141273879870286,0.265778480481942,1,1
"37",0.33315797697875,0.218504521030874,13,1,1,0.296498360851629,0.198362026588881,1,1,0.315771498557951,0.233951259056316,1,1,0.239832664339752,0.235064089002711,1,1,0.378936715589329,0.259292516715951,1,1
"38",0.259706642851814,0.21805402723593,3,1,1,0.225783323448548,0.218573536101698,1,1,0.247252101305808,0.23012920139581,1,1,0.0628607207612309,0.26666800612398,1,1,0.265799434022604,0.226096598472835,1,1
"39",0.0374793935338172,0.255602204954426,19,1,1,0.0538340864945778,0.218875049027559,1,1,0.0803905508113626,0.212984593860513,1,1,-0.0524567446304203,0.288921494106674,1,1,0.00398110845525056,0.266520215407844,1,1
"40",0.205169738903052,0.231867612111764,5,1,1,0.353351291216169,0.199882030865657,1,1,0.327958792835122,0.193604866456748,0,1,0.510808802984933,0.255407639598577,1,1,0.327486808677676,0.232988987647967,1,1
"41",-0.0974763945713875,0.194579295315938,11,1,1,-0.06588062372117,0.213739835005354,1,1,0.011092403307684,0.208422337359563,1,1,-0.0875011863411856,0.25826451846543,1,1,-0.138669889001953,0.252514574271045,1,1
"42",-0.342415014597475,0.180927407109473,9,0,1,-0.342246837409279,0.204992182509396,1,1,-0.360501673625993,0.200898560378705,1,1,-0.275963891366338,0.24276834753808,1,1,-0.285752170700239,0.227053425523334,1,1
"43",-0.16540682229234,0.26775180049252,7,1,1,-0.227195262696597,0.219840492246542,1,1,-0.208866739520366,0.234488434968888,1,1,-0.242236235037714,0.257492267014836,1,1,-0.246387330415963,0.254572759648637,1,1
"44",-0.481882155360379,0.224716817621112,7,0,0,-0.527963795447628,0.194786421757484,0,0,-0.523098768278786,0.201834697694314,0,0,-0.535172454289608,0.26105945044329,1,0,-0.411204184717658,0.251638979661643,0,1
"45",0.295677643428628,0.216429222419474,7,1,1,0.272191094769422,0.207623157232748,1,1,0.283125036316241,0.188304306855861,1,1,0.10316385776646,0.2399144381205,1,1,0.240105903166278,0.222557161461751,1,1
"46",0.02742718954907,0.279472079509116,15,1,1,-0.0264124340389857,0.247166471447149,1,1,-0.0182038272871851,0.214686614392473,1,1,0.0777427531905421,0.254222363468422,1,1,0.0518970772049734,0.245886888763406,1,1
"47",0.1182885056319,0.231928960969279,7,1,1,0.174933585304503,0.203419023693769,1,1,0.166762959499428,0.215301208875778,1,1,0.0471307781648828,0.233469332943823,1,1,0.187397235814149,0.231499580523902,1,1
"48",-0.0921583102910961,0.269888537210338,11,1,1,0.0109104423023334,0.292800934219427,1,1,0.00114208618932103,0.24889224599882,1,1,-0.10560036702141,0.279312245131047,1,1,-0.0111901541938221,0.262501108452459,1,1
"49",0.140194901551523,0.230750886723338,9,1,1,0.115438225665124,0.219190490053869,1,1,0.0871525030240961,0.20117348773415,1,1,0.127419528123969,0.286679825529354,1,1,0.0448462343335783,0.258910410075439,1,1
"50",-0.238617131676998,0.263145779461149,11,1,1,-0.137849541129201,0.203348090336518,1,1,-0.162482830000798,0.202211148952451,1,1,-0.435180811050294,0.273238111582961,1,1,-0.184593111605928,0.27539514411659,1,1
"51",-0.161466173388771,0.256254175638586,3,1,1,-0.230885558223257,0.236299269854957,1,1,-0.285081585075548,0.191249930508455,1,1,0.0190357507975954,0.285615898278758,1,1,-0.116880003216137,0.26804717915214,1,1
"52",-0.135432795568314,0.24781460659835,11,1,1,-0.205507599022214,0.238252557213063,1,1,-0.166105527561857,0.21090156834751,1,1,-0.131996818748771,0.25241010330864,1,1,-0.117855648253557,0.251744846101327,1,1
"53",0.414618485262749,0.236914491721384,13,1,1,0.407780817218076,0.247074525488532,1,1,0.406802351979102,0.227397884817428,0,1,0.556516787505982,0.315079675458806,1,1,0.269153510527997,0.272485162567008,1,1
"54",0.23857543854286,0.225992651675221,9,1,1,0.244241864092531,0.219800396343976,1,1,0.236402814716785,0.232305509787607,1,1,0.363661902913719,0.271737705546886,1,1,0.252393968438776,0.302958602768274,1,1
"55",0.388405046266693,0.237185915168449,5,1,1,0.409688935720868,0.263787095496895,1,1,0.417524336089756,0.243035907975282,1,1,0.630080579509587,0.249366403195459,1,1,0.436244810331347,0.285949857502809,1,1
"56",0.498195580733585,0.261706665141007,7,0,1,0.550929394802352,0.232622378861688,0,0,0.54571227397482,0.195826677354952,0,0,0.46901479316725,0.245810591292967,1,0,0.474440410384502,0.271617273855623,0,1
"57",-0.000521671923288472,0.239171699109124,13,1,1,0.00854594058219538,0.192006985083198,1,1,-0.0429629221746852,0.2231055837501,1,1,-0.0167187088206807,0.281571168886031,1,1,-0.156519366005146,0.258745205565473,1,1
"58",-0.179091161481798,0.195303721277689,19,1,1,-0.0399434217216984,0.252808689951919,1,1,-0.0449942642693015,0.230447888547696,1,1,-0.193970768526916,0.26194357934305,1,1,-0.144224649998201,0.284039058532604,1,1
"59",-0.331519292432445,0.209068556898234,11,1,1,-0.325173937359442,0.212402733441098,1,1,-0.336432520924652,0.229923962671744,1,1,-0.33297989062348,0.235739461881435,1,1,-0.319192082480166,0.245026943892272,1,1
"60",0.280483596764142,0.21644400436477,17,1,1,0.0845161053125026,0.303029402137861,1,1,0.218988339921306,0.26838639846454,1,1,0.321201093457436,0.261254598326855,1,1,0.179127412360365,0.258625759302815,1,1
"61",-0.155323128506894,0.226314512832797,15,1,1,-0.143508407629832,0.213307137746289,1,1,-0.131872847882938,0.210932325860907,1,1,-0.149145164329485,0.260775629465991,1,1,-0.191532379714052,0.262905625717059,1,1
"62",-0.354780427150655,0.233066870672388,9,1,1,-0.208705920070694,0.220635796398546,1,1,-0.220695001783937,0.232883282878593,1,1,-0.287963814288408,0.277447345396098,1,1,-0.406368892332535,0.272488617151609,1,1
"63",0.282103750925002,0.222063979327954,3,1,1,0.319046503830035,0.17316796977808,1,1,0.300524518588615,0.171194975767275,1,1,0.270125144802072,0.239302005558977,1,1,0.253906906452537,0.225801770374881,1,1
"64",-0.235075650361266,0.221449900578522,13,1,1,-0.264711166838629,0.215259222729251,1,1,-0.276135091595423,0.213597005263652,1,1,-0.199429426377881,0.239168643990936,1,1,-0.246920518601804,0.228961577551216,1,1
"65",-0.451249820858952,0.196731987364838,5,0,0,-0.547587375432885,0.209151910359487,0,0,-0.481118117102051,0.193275117196603,0,0,-0.398978343133956,0.199019258902381,0,0,-0.396996529999865,0.222348422504141,0,1
"66",0.33524306362148,0.208839884220571,11,1,1,0.22977481078395,0.2033708994502,1,1,0.218638639267743,0.169143161887005,1,1,0.331580165376202,0.255619882061216,1,1,0.277565545745142,0.246753632854533,1,1
"67",-0.20469417561602,0.262564105361969,3,1,1,-0.217476325898346,0.201928243957826,1,1,-0.263641889301852,0.213663178848675,1,1,-0.230697685618726,0.229558694291152,1,1,-0.324901762862328,0.264858691846773,1,1
"68",0.0601942568115717,0.289677520966863,9,1,1,0.0335366190208422,0.18913883607281,1,1,0.0337545533656957,0.221715298526471,1,1,-0.0236758823022334,0.286780359381628,1,1,0.0407290774259516,0.2699597321677,1,1
"69",0.0282413379041998,0.234677860026279,15,1,1,0.0626162500756496,0.222420113069442,1,1,0.0193573019617881,0.209970060830124,1,1,0.135632245613532,0.26814854527438,1,1,0.0672577033080675,0.261365063229076,1,1
"70",-0.249572325154181,0.224463563776641,15,1,1,-0.200151209507948,0.205308549210233,1,1,-0.274964576109982,0.202293192395271,1,1,-0.0643132233772779,0.287467374465026,1,1,-0.224286074771592,0.260886550204266,1,1
"71",-0.113978392497462,0.234316606904891,5,1,1,-0.127012881508411,0.224999776507467,1,1,-0.137293101943145,0.219334775526688,1,1,-0.135739144876778,0.212118862714386,1,1,-0.144127249117014,0.232403976719259,1,1
"72",-0.0667712716768289,0.226023054845418,5,1,1,0.0675882105173031,0.186790885603929,1,1,0.0530931586836928,0.175428888115137,1,1,-0.137981241894077,0.222174815885586,1,1,0.0479233788915618,0.243433426711359,1,1
"73",-0.123666974182617,0.205047894615379,11,1,1,-0.136534433647551,0.190708422918851,1,1,-0.0542028870184057,0.221661489009438,1,1,-0.0482103575595538,0.262470172714628,1,1,-0.0375972113168357,0.251982244928643,1,1
"74",0.558823820464939,0.248160584297276,11,0,0,0.314474194850291,0.203489244059438,1,1,0.311892005146578,0.254941616950515,1,1,0.2580804669369,0.340319639712613,1,1,0.339580126597166,0.293978114876124,1,1
"75",-0.116678131750244,0.200112336223831,17,1,1,-0.119158262244225,0.189830516748301,1,1,-0.157896368249092,0.198175800211442,1,1,-0.111855380916809,0.225876948215528,1,1,-0.130080169344773,0.2364155657488,1,1
"76",0.289848598954131,0.220043497085416,11,1,1,0.295576154183581,0.216215602318382,1,1,0.367204110658469,0.224896528056429,1,1,0.402088665878589,0.238567884886261,1,1,0.260128423000436,0.261212630164015,1,1
"77",0.116860555107469,0.231537398013793,1,1,1,0.099235823291701,0.251133741892159,1,1,0.0805273377923353,0.209029913372831,1,1,0.11668841644647,0.280093597880395,1,1,0.116860555107469,0.243683496791812,1,1
"78",-0.0338480372757282,0.224451834919267,5,1,1,0.102559639898401,0.255242658104294,1,1,0.0825940475980584,0.242805116633211,1,1,0.108208914939179,0.253451419959727,1,1,-0.051202299318703,0.246728363766414,1,1
"79",0.423060257981982,0.231307504540471,7,1,1,0.33035843414057,0.228265392476203,1,1,0.294808863874522,0.228610431007345,1,1,0.371208719598949,0.218345891779382,1,1,0.266774071106441,0.225874113772124,1,1
"80",-0.41196754999942,0.199115525602628,17,0,0,-0.411853044444534,0.190748022290891,0,0,-0.41612107106908,0.202216150708752,0,0,-0.394606316072285,0.237816791341511,1,1,-0.406605460295957,0.235433949820089,1,1
"81",0.171302565051717,0.218698057705483,3,1,1,0.083054447745595,0.201065553427496,1,1,0.0851555691549686,0.197032908191575,1,1,0.135791199116618,0.232999741436642,1,1,0.0558405513287953,0.245187564040204,1,1
"82",-0.312324769603555,0.228422105895368,13,1,1,-0.237600531561845,0.204212702173306,1,1,-0.25944862384985,0.227130219254571,1,1,-0.177581145590517,0.267060400586368,1,1,-0.30388423781953,0.248347257685691,1,1
"83",0.324018854700169,0.251123884066039,9,1,1,0.26582595992874,0.275207978305716,1,1,0.278092088162572,0.236671020417257,1,1,0.0924364155118255,0.237050724479991,1,1,0.208706982929768,0.254698731642578,1,1
"84",-0.0235525739543416,0.247033878421642,19,1,1,-0.0345344845073128,0.204095219061253,1,1,-0.0579534467308355,0.212408400140108,1,1,-0.162529063669724,0.287454026389863,1,1,-0.034711933008802,0.29551430643461,1,1
"85",0.251807268479283,0.186420097314059,13,1,1,0.19974107509448,0.1942397161412,1,1,0.176667186378656,0.204414879999526,1,1,0.297975825408248,0.242713738693425,1,1,0.109670169018592,0.258709193877507,1,1
"86",0.323505666024855,0.271198139434874,19,1,1,0.186038340882519,0.241530110793515,1,1,0.230956937167292,0.20291271752525,1,1,0.399974147545511,0.254108454821197,1,1,0.290734684059476,0.246526753746673,1,1
"87",0.0674812241007824,0.195106088048912,13,1,1,0.0769447481103075,0.189496421962385,1,1,0.0986407626205954,0.210655776607682,1,1,0.0561441923904708,0.238989782560511,1,1,0.0663901699515188,0.245662182260909,1,1
"88",-0.0508001864777536,0.246787911747851,17,1,1,0.0477767826795628,0.225859399281973,1,1,0.0259364876553133,0.217761294262473,1,1,0.342352929072212,0.332367814496172,1,1,0.0541367426945995,0.291677723924076,1,1
"89",0.0744756348028171,0.202058587624639,19,1,1,0.0719979293452081,0.207881103766804,1,1,0.0271658985292908,0.203488796737317,1,1,-0.0130098349364711,0.291109536123513,1,1,0.0487574606607156,0.259838740319859,1,1
"90",-0.331793438804047,0.20390392051774,11,1,1,-0.332815275844122,0.206691443231925,1,1,-0.320226834180969,0.226430584072021,1,1,-0.28988658011012,0.245614546268037,1,1,-0.290446924594882,0.219409804197205,1,1
"91",0.15184580895551,0.252970332402007,3,1,1,0.187372845334097,0.19482310109986,1,1,0.160264886071082,0.197001574705832,1,1,0.181801519510452,0.276411223384979,1,1,0.127969438144961,0.271646565668275,1,1
"92",-0.262516434902187,0.211394427011775,17,1,1,-0.219693414357619,0.193804671148494,1,1,-0.229360658958732,0.199258839740072,1,1,-0.0969556756512799,0.247635284241036,1,1,-0.185404569328247,0.222846961274102,1,1
"93",0.475556704272338,0.235010042072373,15,0,0,0.402595066903023,0.202813299585522,1,0,0.374994839739612,0.177397861945771,0,0,0.354432626535751,0.234248807370164,0,1,0.348537372210507,0.243984680889403,0,1
"94",0.159511569745698,0.250237202016396,7,1,1,0.248962819869529,0.202532228102881,1,1,0.178594818350662,0.20021042067402,1,1,0.28649147605425,0.254904752167934,1,1,0.0868697796941945,0.23390913782295,1,1
"95",-0.417587893875547,0.24293139033401,19,1,1,-0.280448756198908,0.251172316758213,1,1,-0.323001855671215,0.215407892562076,1,1,-0.446472251948615,0.252881865679936,1,1,-0.259089686482621,0.25759477138513,1,1
"96",0.0829355613681103,0.239175810344233,13,1,1,0.117859746461538,0.17892257282118,1,1,0.10723649923634,0.21490516068415,1,1,0.0837118740146996,0.233826887849021,1,1,0.158119774872181,0.223772705747795,1,1
"97",-0.0167954684451955,0.222574861220184,19,1,1,0.0641605976278525,0.236415937569328,1,1,0.0598753813523496,0.247477864093924,1,1,-0.0622217898980906,0.272036513054383,1,1,-0.0559935833004373,0.243113653721363,1,1
"98",0.384487393482773,0.223986965064415,7,1,1,0.30729539694968,0.208586771554872,1,1,0.31172473138854,0.215797055149993,1,1,0.291302531117924,0.228404589826195,1,1,0.296421320069295,0.237134740612601,1,1
"99",0.00714767670072983,0.238746179898951,11,1,1,-0.0312798203034133,0.205069250544381,1,1,-0.0696351593289452,0.208595879737965,1,1,-0.179839238977142,0.234811128250973,1,1,-0.0446810690040347,0.236177766333911,1,1
"100",0.141680915501492,0.220524134090136,3,1,1,-0.0165984321901037,0.251428376308276,1,1,0.0856921057214039,0.214804742580637,1,1,-0.0801440004322727,0.236742627712197,1,1,0.125295632233023,0.229601490259141,1,1
