"","V1","V2","V3","V4","V5","V6","V7","V8","V9","V10","V11","V12","V13","V14","V15","V16","V17","V18","V19","V20","V21"
"1",0.227903242380022,0.216972023492551,13,1,1,0.479020972231813,0.197533960350702,0,0,0.153850704986676,0.225000177766517,1,1,0.481605559779148,0.272596529978667,0,1,0.107303408328021,0.292635860371144,1,1
"2",0.226729884293119,0.277228099897789,1,1,1,0.465647620923392,0.213095608870917,0,0,0.168018553987933,0.215984317527923,1,1,0.522174848620914,0.250244667968307,1,1,0.226729884293119,0.279233211174316,1,1
"3",0.367799009791187,0.227902789542383,11,0,1,0.499767854219844,0.196087349564789,0,0,0.378603923080848,0.225447441364473,1,1,0.397111546599797,0.222802841320059,0,1,0.399507574650307,0.222153732402434,1,1
"4",0.5175289493156,0.192548381683584,17,0,0,0.766268472426956,0.166810160467702,0,0,0.50902920203124,0.193367777208819,0,0,0.735848546673766,0.22994624655906,0,0,0.459887363770855,0.231643365425205,0,0
"5",0.429430600061411,0.20979484714494,1,1,0,0.583261595736152,0.194317582752754,0,0,0.343066856734183,0.215618845345162,1,1,0.658004588123824,0.210020605228879,0,1,0.429430600061411,0.244923880606539,1,1
"6",-0.205991884987353,0.232365259930524,15,1,1,0.15639690709305,0.180538727193568,1,1,-0.272533099748239,0.207663268933079,1,1,0.276215206138909,0.24246515816901,1,1,-0.259271231264911,0.229878819819187,1,1
"7",-0.419453616553428,0.21129613531715,7,0,0,-0.00845223076962483,0.190673265178041,1,1,-0.476049684343654,0.1926709795839,0,0,-0.0282592959327301,0.248061499473155,1,1,-0.439805915397491,0.262952559262699,1,1
"8",0.474977103126103,0.231315923593654,19,0,0,0.665679429415377,0.202482895726041,0,0,0.454643610793054,0.196191719972043,0,0,0.631160928058155,0.218908369776176,0,0,0.454436580717769,0.200296115626905,0,0
"9",0.132705462271177,0.213532775526453,15,1,1,0.449622416091545,0.194561812593043,0,0,0.0957678868348396,0.21780545961764,1,1,0.355049861083431,0.219735637436268,0,1,0.111637170212273,0.33659241645964,1,1
"10",0.00333368828416807,0.237966730959356,3,1,1,0.168302028845183,0.238481067014835,1,1,-0.0164506043915044,0.196896489451576,1,1,0.176646658777589,0.262360122402121,1,1,-0.0166326074464403,0.238948996227968,1,1
"11",0.103544884444508,0.254837779574038,17,1,1,0.45615586521289,0.218007623732585,0,0,0.1741161403416,0.209351070666138,1,1,0.32848193910408,0.221182928581374,0,1,0.210148045413689,0.253554248738598,1,1
"12",-0.396874193825726,0.211247468641708,5,1,1,0.00401424985508774,0.207469634143262,1,1,-0.436051025451097,0.21401193190755,0,0,0.157621481247082,0.244996573955082,1,1,-0.391228534312553,0.267902999873467,1,1
"13",0.0451993906882018,0.196036776637044,17,1,1,0.369690053196107,0.22445576969127,1,1,0.0959862124261527,0.219805519167283,1,1,0.462847257411532,0.213608715624856,1,1,0.0778290237321959,0.250966063669874,1,1
"14",-0.0619224257362761,0.213839323704986,9,1,1,0.153091854311571,0.22443416822812,1,1,-0.135803576390647,0.203689198649947,1,1,0.179181961083556,0.234087941832077,1,1,-0.119514012829966,0.227488548463793,1,1
"15",0.155566342199464,0.207133175081197,7,1,1,0.56871466348442,0.180262614641106,0,0,0.123846951222989,0.226845857286417,1,1,0.594911491003733,0.220234379450078,0,1,0.0730518402371412,0.231096126023291,1,1
"16",-0.213730177085122,0.214621955884867,5,1,1,0.183175263141881,0.188378574642362,1,1,-0.140087247778344,0.215771772659643,1,1,0.250585233864391,0.210223538200939,1,1,-0.165460627458786,0.258597028294941,1,1
"17",0.19852672934874,0.2350568746255,15,1,1,0.437061398179683,0.186471842284893,0,0,0.145214087706347,0.21138717398029,1,1,0.513955829215183,0.250125197559159,1,1,0.147604599990777,0.25190757341601,1,1
"18",-0.172974250722675,0.237829848808209,17,1,1,0.187776651866778,0.210637154337182,1,1,-0.177510469071591,0.225911517176281,1,1,0.259530486482445,0.23636148296889,1,1,-0.0799012362539185,0.218752754713321,1,1
"19",-0.0033980961349415,0.233382464686349,17,1,1,0.33464636880361,0.178946611259245,1,1,0.0198801064680566,0.205657362426089,1,1,0.527172704433126,0.209323130941511,1,1,0.0224074033734513,0.25481981092477,1,1
"20",0.451976012627159,0.186872572622532,19,0,0,0.720579563897414,0.188535024679841,0,0,0.435494991032144,0.179403286546789,0,0,0.827806816782512,0.228230105732521,0,1,0.421205958413914,0.245115213591036,1,1
"21",0.0853886892347398,0.237805426555467,13,1,1,0.471603684379483,0.196606310600808,0,0,0.154322559553815,0.223412158901558,1,1,0.395685349920913,0.26571211875734,0,1,0.0985830420005885,0.222757898468605,1,1
"22",0.215082325366866,0.203631529681988,11,1,1,0.625713515421435,0.192603459652331,0,0,0.281010846512648,0.199923207533218,1,1,0.489552937719528,0.254056379292839,0,1,0.276294689467364,0.28135223628406,1,1
"23",0.100800507126883,0.17028519672024,11,1,1,0.390415045654932,0.201464479567598,0,1,0.0818310970643463,0.206315205040141,1,1,0.33353079164618,0.218473345803464,0,1,0.12576613899492,0.24412180110382,1,1
"24",0.613776408271092,0.221708102620304,9,0,0,0.886457882620789,0.214974561681322,0,0,0.63951393543889,0.209429409930542,0,0,0.732844395245787,0.235484152857305,0,0,0.634985809932491,0.265454662044619,0,0
"25",-0.255860345709265,0.25362824214206,17,1,1,0.133736304611383,0.200840644306589,1,1,-0.337160006733309,0.213083062768546,1,1,0.265498475955318,0.273098677294767,1,1,-0.309315727976433,0.287521746716392,1,1
"26",0.036567501728407,0.315953152916862,1,1,1,0.288073993332652,0.215830255817974,1,1,-0.0745459945602543,0.231589929391239,1,1,0.446069813107459,0.26883200289771,1,1,0.036567501728407,0.257689427722084,1,1
"27",-0.206578716556191,0.255907987143339,9,1,1,0.142093153824974,0.210991568598776,1,1,-0.214231856634213,0.219905358821319,1,1,0.171594526948419,0.255096944527883,1,1,-0.182271984903488,0.272997292807265,1,1
"28",0.0980085364731688,0.217582515871861,9,1,1,0.570286569668818,0.204614390693997,0,0,0.176608191988646,0.194405158320177,1,1,0.503493924735693,0.239936860954645,0,1,0.228301150763077,0.247519452060945,1,1
"29",0.315714288169427,0.228154477084792,15,1,1,0.503437220117159,0.21806823672124,0,0,0.308939018488575,0.199652701320858,1,1,0.448632876458438,0.242326526629396,0,1,0.262358633343759,0.228436185064972,1,1
"30",0.133070269596711,0.261102752162756,7,1,1,0.505290521727756,0.18406621021398,0,0,0.207533651448377,0.211999703466535,1,1,0.394375426557992,0.221160503853012,0,1,0.206164585181932,0.230279301764173,1,1
"31",-0.0330918077306356,0.259675287864256,3,1,1,0.324146040399319,0.192739523199092,1,1,-0.0271426078188299,0.214983307801583,1,1,0.3947881577103,0.241264191879794,1,1,-0.0224118802086373,0.229475825809083,1,1
"32",-0.104227199297713,0.277827780555148,1,1,1,0.161929472645053,0.191055718512353,1,1,-0.212859164749758,0.234673145570911,1,1,0.318311664050467,0.224151898367098,1,1,-0.104227199297713,0.256632049526257,1,1
"33",-0.214847128278294,0.234784434145091,7,1,1,0.264710948491597,0.204936722942412,1,1,-0.136685925378807,0.24189649893375,1,1,0.2452110143298,0.247973929166041,1,1,-0.085127465414269,0.272399902794685,1,1
"34",0.255604017611227,0.244827000780231,13,1,1,0.380682319395633,0.176692580404887,0,0,0.196798659731945,0.226921538196058,1,1,0.450472272231459,0.212532969040747,1,1,0.226417706145043,0.266044060615065,1,1
"35",0.235631881109478,0.215170574821311,13,1,1,0.392626770934828,0.185922750955931,0,0,0.1689746018533,0.226404313539455,1,1,0.303057183333654,0.226675776102669,1,1,0.180251299283402,0.217364293834394,1,1
"36",-0.0983061495669177,0.24077190733391,5,1,1,0.154878395185168,0.199053096594182,1,1,-0.159012226944875,0.190673014733527,1,1,0.286464485378276,0.242831033617034,1,1,-0.123433153095358,0.230114333194878,1,1
"37",-0.0966394432115547,0.204226143766655,3,1,1,0.241678319569378,0.20581098772861,1,1,-0.0956267243830717,0.172281168342782,1,1,0.210168564193231,0.240814887811166,1,1,-0.120148677848161,0.252847822024347,1,1
"38",0.485821201037192,0.248994261337919,1,1,1,0.539839347581985,0.18629663926082,0,0,0.27932108205896,0.197302111709587,1,1,0.714223537897938,0.243406753253372,0,1,0.485821201037192,0.232964736058929,1,0
"39",-0.0681611451393972,0.268984044249818,3,1,1,0.270785370281803,0.220915398785196,1,1,-0.0798689766027765,0.231330202918404,1,1,0.571697040162722,0.227643563621346,1,1,-0.0245248516159323,0.243048305736671,1,1
"40",-0.0298245851041511,0.213465682824357,19,1,1,0.25353409098944,0.215410812062827,1,1,-0.0430360165402011,0.195731392252364,1,1,0.471785063572537,0.257509381742351,1,1,-0.083080855043228,0.261085805114371,1,1
"41",0.377749693645203,0.237057421243055,19,1,1,0.624325694299577,0.220181500317611,0,0,0.346233372467905,0.213723983952363,1,1,0.662655694794017,0.219195236925808,0,1,0.410444743866028,0.233235356070523,1,1
"42",-0.100858348930636,0.214395765942974,13,1,1,0.278056645826746,0.173530644311108,1,1,0.00452801480839608,0.198855199044166,1,1,0.0575920421717716,0.268991087557849,1,1,0.0466010746238531,0.256827963930614,1,1
"43",-0.113811321452597,0.237528410547397,11,1,1,0.0940255847305929,0.21465555693223,1,1,-0.171697997997895,0.230823643210475,1,1,0.0335141603295252,0.237571922206066,1,1,-0.125570448258981,0.257256619325394,1,1
"44",-0.320888973785107,0.232749141210928,11,1,1,-0.0156802685080136,0.208809776027131,1,1,-0.268431944281291,0.22072234546944,1,1,-0.459164374192971,0.23627025248344,1,1,-0.216555097000631,0.245996168091425,1,1
"45",-0.540136351577008,0.202122100701904,15,0,0,-0.20438437381111,0.227047315053724,1,1,-0.567453775025457,0.221773584528078,0,0,0.207119141092174,0.262278775637418,1,0,-0.436346580253548,0.287235671164709,1,1
"46",-0.118428030974469,0.221781730471753,15,1,1,0.304414908686719,0.21820077767895,1,1,-0.0959816209643021,0.238761639792921,1,1,0.417883857659383,0.219594990941125,1,1,-0.0997622983180109,0.21203633397907,1,1
"47",0.124492351905215,0.221342104481921,15,1,1,0.482852261363239,0.150070340882081,0,0,0.106871678116514,0.220234144890393,1,1,0.529822580876272,0.217583773438611,0,1,0.0691043071297117,0.220124191369092,1,1
"48",-0.117310964960539,0.241406040283463,7,1,1,0.175699346899378,0.210885527189404,1,1,0.034152114235113,0.233757550929605,1,1,0.084234860846369,0.280595625357512,1,1,0.048040161168881,0.252929611908355,1,1
"49",0.194515770800032,0.209525313441504,5,1,1,0.558399204491284,0.182076135546066,0,0,0.191466446109648,0.196499074863599,1,1,0.51212839163035,0.218341436191024,0,1,0.194817820041436,0.249058023645212,1,1
"50",0.119467459130706,0.200887068911738,13,1,1,0.357936510889283,0.212419863350986,1,1,0.15351630708066,0.203156680698112,1,1,0.293587455342568,0.240184743144611,0,1,0.15834262300157,0.242517249579927,1,1
"51",-0.133191383304819,0.240388196372319,5,1,1,0.370688768564533,0.227173375161387,1,1,-0.0358816812841291,0.212849414377461,1,1,0.102466818636374,0.249725879273589,1,1,-0.106031659766747,0.240455271421576,1,1
"52",0.319922581163167,0.253807027649397,9,1,1,0.544358066991525,0.21337030916159,0,0,0.328319023224986,0.201717910151929,1,1,0.543492395488165,0.247824171212026,0,1,0.339270308999349,0.279252779239626,1,1
"53",0.00726981723296215,0.230852638533785,3,1,1,0.289239405658905,0.189247855878258,1,1,-0.0287627812446406,0.228660214563775,1,1,0.168709594884992,0.235358515053843,1,1,-0.0693308175795335,0.242987226994721,1,1
"54",-0.176811146724137,0.244139119477508,11,1,1,0.271802561575887,0.201731900346492,1,1,-0.197984037535142,0.213595013478849,1,1,0.29182103880532,0.208321062663184,1,1,-0.208369937460762,0.273836518320894,1,1
"55",-0.0826707805901718,0.253099280884235,15,1,1,0.343098686181544,0.208881073551043,1,1,0.00507585073468996,0.214873819065846,1,1,0.47860214477734,0.259871179823495,1,1,-0.0155325862876078,0.242877627632722,1,1
"56",0.133621247352632,0.227132491982187,3,1,1,0.346819011185562,0.200529628921195,1,1,0.177889877510985,0.194335123575479,1,1,0.168612438676368,0.227833063020482,1,1,0.103227168476648,0.231981136704881,1,1
"57",-0.124637190773542,0.226888963720734,7,1,1,0.163057299412765,0.198941172410269,1,1,-0.110045709305282,0.203702003833781,1,1,-0.0304105845685255,0.253919049381708,1,1,-0.0751769164341505,0.248989769509109,1,1
"58",-0.204186473453476,0.209136744536438,3,1,1,0.281968270764065,0.189451128660834,1,1,-0.107943389008455,0.184775500914316,1,1,0.132529900050662,0.245232111180813,1,1,-0.217105925195748,0.248863923857286,1,1
"59",0.00861655288387761,0.188226449395865,9,1,1,0.278746297718027,0.176865873860461,1,1,0.0688147423764425,0.192819118959893,1,1,0.306429672162308,0.20523655313057,0,1,0.0689689432482272,0.227153701265464,1,1
"60",0.0470740720944633,0.20678630338435,17,1,1,0.377767268932496,0.168875165979087,0,0,0.0569224336103849,0.214637811367262,1,1,0.206768716443633,0.222184903088388,1,1,0.101749757315302,0.238900312672661,1,1
"61",0.114089619121369,0.197060930128333,9,1,1,0.287227404931111,0.182210685942799,1,1,0.143555812109545,0.213082632168805,1,1,0.296061912593264,0.209732220976177,1,1,0.193618317907701,0.238171003185116,1,1
"62",-0.0302653860543105,0.280338939689911,3,1,1,0.221493393605676,0.281946947304417,1,1,-0.0697047524805398,0.235024230910023,1,1,0.316354294267142,0.295218786204664,1,1,-0.0533428905012965,0.323877008604946,1,1
"63",-0.0925737778443512,0.244126956968793,17,1,1,0.426625378832802,0.21092902957972,0,0,-0.0832776001738213,0.232859490589852,1,1,0.472411402084811,0.21955141906994,1,1,-0.00785263607307756,0.219471554674995,1,1
"64",0.0755761812694193,0.231453837494139,7,1,1,0.375182821427794,0.191883503442825,1,1,0.0897940301738148,0.232700881950226,1,1,0.311372106012577,0.239319425606119,1,1,0.110523252195636,0.252472434799811,1,1
"65",-0.00786274230565181,0.261499237393665,1,1,1,0.286214786992661,0.202869428783035,1,1,-0.0482736253133522,0.235904715033078,1,1,0.320239833475828,0.236266712867589,1,1,-0.00786274230565181,0.2717795235164,1,1
"66",0.307936590552335,0.234815470868093,15,1,1,0.526614305884819,0.195571820877759,0,0,0.231612679896528,0.18917467059313,1,1,0.54899217799289,0.254345982982374,0,1,0.247983760994224,0.251866591958422,1,1
"67",-0.0720449527937572,0.219108960712682,5,1,1,0.216959295727028,0.197235454354789,1,1,-0.109844438451142,0.217513720831082,1,1,0.315853064185647,0.216231166623521,1,1,-0.036907684736413,0.238799720925768,1,1
"68",-0.147684490759829,0.228291758387275,5,1,1,0.0945679517791155,0.204242587030577,1,1,-0.204900438035556,0.1939225275578,1,1,0.232792986604671,0.225242947216585,1,1,-0.0776522659682623,0.212038017176157,1,1
"69",0.0620941093363298,0.19085482388639,15,1,1,0.471852334478441,0.181810005096455,0,0,0.0206549681568071,0.199753943757918,1,1,0.675548262705844,0.208552837255969,0,1,0.0922694692361093,0.225079596892858,1,1
"70",-0.0743637535578462,0.212781004610571,13,1,1,0.160973950470482,0.196609999796804,1,1,-0.0381131604525438,0.176390431757266,1,1,-0.0493070504466312,0.222375159898376,1,1,-0.0751784855162108,0.222360603797537,1,1
"71",-0.0371937876912994,0.204279157600463,7,1,1,0.288501439227575,0.207853930504428,1,1,-0.0197048298812863,0.213812633149754,1,1,0.228186069366793,0.24741418077935,1,1,0.0109232198435172,0.250441158514379,1,1
"72",-0.168640715273017,0.238330372391579,3,1,1,0.137674519180195,0.207442932381884,1,1,-0.177767641074546,0.199145836565972,1,1,0.10047298136772,0.22765916009946,1,1,-0.180849032496498,0.240093768068621,1,1
"73",0.192391220592816,0.189332303341852,17,1,1,0.480996674957294,0.229478833560834,0,0,0.153072277674184,0.20111950629955,1,1,0.348306879157334,0.200140234070507,0,1,0.189625172800469,0.241559638592157,1,1
"74",0.259745705552403,0.19314259932348,7,1,1,0.370664862067008,0.234623613291635,1,1,0.254035896067863,0.18537154134146,1,1,0.297441378664221,0.216265902210219,1,1,0.24227351436273,0.238826415290306,1,1
"75",-0.240688475935136,0.253401519915907,13,1,1,-0.0130581554547371,0.218235777411773,1,1,-0.232326642392684,0.201112827187864,1,1,0.0189751472100615,0.238270624982715,1,1,-0.22966894597138,0.274971216252363,1,1
"76",-0.200842755389828,0.257666839934508,3,1,1,0.269344935371821,0.222373546420655,1,1,-0.0694904559980584,0.236000069899965,1,1,0.150481464822743,0.277216836167179,1,1,-0.115086011130874,0.224981676985432,1,1
"77",-0.0395383692000355,0.194813181472327,17,1,1,0.336801862353609,0.198177132922898,1,1,-0.0279548052359376,0.167741579477359,1,1,0.37369555114037,0.224794811721769,1,1,-0.00265595344636393,0.258326003673998,1,1
"78",-0.0819144102587154,0.232347094278224,13,1,1,0.323382086029988,0.172474386847431,1,1,-0.103612473837729,0.236386563347034,1,1,0.397666564778188,0.204624930178114,0,1,-0.105073208916919,0.222216934647516,1,1
"79",-0.18143622562576,0.238721813032777,17,1,1,0.172030721624509,0.205380711849702,1,1,-0.185607055689776,0.214635910578254,1,1,0.0762340013237761,0.201957020990963,1,1,-0.180619919786093,0.230986154106698,1,1
"80",0.162131700854517,0.203182976147064,17,1,1,0.552510008813518,0.188558134397582,0,0,0.176849195609233,0.192638870816619,1,1,0.445221140713226,0.215382008310732,0,1,0.208955136669501,0.215909919633982,1,1
"81",-0.0462794453485592,0.230735464678329,19,1,1,0.208447404841225,0.20053541084348,1,1,-0.0342982215406482,0.233320165853031,1,1,-0.14099727320531,0.267158697429715,1,1,-0.0420611409955062,0.259493742261095,1,1
"82",-0.441472046409576,0.258803193506003,9,0,1,0.0346383245799318,0.190382421902657,1,1,-0.452773316511219,0.21947391293155,1,0,0.167027756862775,0.21837654003039,1,0,-0.466040619978489,0.264610793747434,1,1
"83",-0.161582025356124,0.189861059099585,19,1,1,0.246164980936963,0.193301852934731,1,1,-0.167259178245568,0.191751665975919,1,1,0.224389346660654,0.250728721682371,1,1,-0.115492505152174,0.219099328565576,1,1
"84",-0.360237783292486,0.19928882663259,17,1,1,-0.0874547333367459,0.184884873005238,1,1,-0.40053415690451,0.184673741868881,0,0,-0.230980387717794,0.228207359079476,1,1,-0.374571962189284,0.22138350249578,0,1
"85",-0.0961462533289558,0.197657439862358,11,1,1,0.348131685551603,0.205097885835051,1,1,-0.010254426047439,0.214288283931107,1,1,0.413367279005828,0.20740287684011,1,1,-0.0151505357889725,0.229375057197231,1,1
"86",-0.0814226054904035,0.2369836170731,19,1,1,0.44197249653284,0.193894599644333,0,0,-0.0754315101384954,0.203356181735593,1,1,0.562061732385952,0.210506191455714,0,1,-0.0517358753936702,0.24549015577575,1,1
"87",0.0678703074101601,0.226113299001796,17,1,1,0.345463535213054,0.199837199068899,1,1,0.0937438462865776,0.221765835977951,1,1,0.381107561745047,0.236882440609776,1,1,0.103208412133127,0.219311360473326,1,1
"88",-0.0916856476363105,0.21515637531193,11,1,1,0.274227811843494,0.193122026152557,1,1,-0.0980099670403766,0.222561751930515,1,1,0.194278984908106,0.251218893492563,1,1,-0.114196455560262,0.251989736463204,1,1
"89",-0.271621712622588,0.232924135838278,3,1,1,0.0429137643543845,0.162114819699477,1,1,-0.265697097467255,0.208609577602342,1,1,0.162618771006874,0.190550470767439,1,1,-0.2457672405751,0.220257544347116,1,1
"90",-0.394470161697102,0.216816744075322,7,1,1,0.0767638392140034,0.194283936684625,1,1,-0.362085437966517,0.194611409905258,0,1,0.0410816980048499,0.209804750868328,1,1,-0.3653627067362,0.218205168289793,0,1
"91",0.306079290022618,0.242055428000353,11,1,1,0.518680584071779,0.21104851640788,0,0,0.297797628619397,0.180353992564647,0,1,0.86291174319578,0.273240973636286,0,1,0.340017007552428,0.280620605711676,1,1
"92",-0.156169190286084,0.237426509593838,9,1,1,0.117504352105403,0.198825735279147,1,1,-0.130363901348434,0.19630105359822,1,1,0.116556949862735,0.203830475452513,1,1,-0.193048435107515,0.25322705468377,1,1
"93",-0.253470888779605,0.255168911243236,17,1,1,-0.000734841449096451,0.215316994836117,1,1,-0.279662952046893,0.240242701480842,1,1,0.161441329053655,0.285919043799932,1,1,-0.254532890441808,0.279874165199517,1,1
"94",0.125977844338193,0.272146540473377,1,1,1,0.568298708771775,0.21650168507303,0,0,0.127357485296352,0.220919444885101,1,1,0.518407532635424,0.263883773390031,0,1,0.125977844338193,0.247880406688941,1,1
"95",0.045923338657725,0.211521558840149,17,1,1,0.403203621770294,0.173139551965831,0,0,-0.0120508898623188,0.209607692414536,1,1,0.350144704686243,0.228817932796162,1,1,0.00630593847063667,0.238910029170965,1,1
"96",-0.0301605584753273,0.238165157986302,13,1,1,0.229621054457517,0.175900650937752,1,1,-0.104840517767329,0.224582783669698,1,1,0.228604546990887,0.257676059503879,1,1,-0.0351066798524248,0.294928068766265,1,1
"97",0.076875689337761,0.218003887119361,11,1,1,0.406367812885938,0.165836981098108,0,0,0.0978536269210629,0.187626022795087,1,1,0.477850054640973,0.194250531662802,0,1,0.117650234494124,0.23238204995911,1,1
"98",0.0288453512393505,0.229066270021011,7,1,1,0.265026472475848,0.194107971396511,1,1,0.060542098349611,0.231623204536568,1,1,0.303659812340897,0.267315329969287,1,1,0.0553672485585604,0.281464740115518,1,1
"99",0.157055078304974,0.233564278202037,7,1,1,0.507964808048658,0.197218615511165,0,0,0.15079085199352,0.225866289268689,1,1,0.372753261923413,0.240387083392158,0,1,0.191088514021484,0.279458009505945,1,1
"100",-0.084274942177456,0.211183645522081,13,1,1,0.44425587535291,0.202125246568261,0,0,-0.0376684193461505,0.174110814825534,1,1,0.481234003291941,0.209115462669504,0,1,-0.0355106541674206,0.20804676284302,1,1
