"","V1","V2","V3","V4","V5","V6","V7","V8","V9","V10","V11","V12","V13","V14","V15","V16","V17","V18","V19","V20","V21"
"1",0.789010512329706,0.266638273396491,9,0,0,0.581790319456941,0.188943190322647,0,0,0.613808960416615,0.232348679152283,0,0,0.532092872301481,0.274819937422038,0,0,1,1,1,1
"2",0.578858008349349,0.272689295525647,17,0,0,0.588772037322204,0.212282539277403,0,0,0.524826102405612,0.214815356812716,0,0,0.330180480136781,0.275213357792361,1,1,1,1,1,1
"3",0.814194895680609,0.201260381433193,19,0,0,0.835557558857067,0.218493502095067,0,0,0.832136618220772,0.254851574916051,0,0,0.704356786419943,0.221651249333239,0,0,1,1,1,1
"4",0.228504883626288,0.264642508572525,17,1,1,0.257935401900686,0.187700895242413,1,1,0.204975506287785,0.282582153066687,1,1,0.198130218961657,0.481519352547153,1,1,1,1,1,1
"5",1.14113874975369,0.241389789551104,11,0,0,1.1121665729783,0.257188125709101,0,0,1.15095685270472,0.245455270139822,0,0,1.09070005794475,0.263125704917475,0,0,1,1,1,1
"6",0.295476026711259,0.235660891351315,13,1,1,0.290741271504267,0.213177618069558,1,1,0.290539968255879,0.208008540805648,1,1,0.369479964866752,0.280739982899888,1,1,1,1,1,1
"7",1.16585323247996,0.239735867783088,19,0,0,1.20261003982051,0.236441888420106,0,0,1.23427429221986,0.212017899551766,0,0,1.64537784132917,0.293282323815753,0,0,1,1,1,1
"8",0.540260995069386,0.256203601299838,15,0,0,0.47791068352988,0.224132658870399,0,0,0.464229017710919,0.212904045676412,0,0,0.202626233628926,0.316027743985721,1,1,1,1,1,1
"9",0.252085585552538,0.242863706662793,13,1,1,0.249269478165941,0.230390626777789,1,1,0.239406109293721,0.208814635800077,1,1,0.285753485880018,0.23208914854684,1,1,1,1,1,1
"10",0.502784641770979,0.248805240271068,5,0,0,0.497514075892674,0.234464721263368,0,0,0.487953095109382,0.248428438764333,0,0,0.482871300409743,0.25825527996903,0,1,1,1,1,1
"11",0.876623861257874,0.258883833060606,5,0,0,1.00295702436393,0.205960809515087,0,0,0.987157268096685,0.222698693546789,0,0,1.23038695773905,0.262381122638728,0,0,1,1,1,1
"12",1.00758440255284,0.235520505149356,11,0,0,0.741938115625632,0.288544573531565,0,0,0.737630774815032,0.296515076170917,0,0,0.901025040508216,0.32292848895909,0,0,1,1,1,1
"13",0.685646497218985,0.277974324301175,7,0,0,0.810093458182469,0.296672452862687,0,0,0.773924183943774,0.268509772269767,0,0,0.639974411995189,0.296714106739216,0,0,1,1,1,1
"14",0.715712373352781,0.244369538729005,11,0,0,0.758105557809468,0.243714563114787,0,0,0.744351676646775,0.251698248671885,0,0,1.14494891862032,0.359188440277237,0,0,1,1,1,1
"15",0.827016605171814,0.215835248129591,13,0,0,0.976297222335652,0.212103931751311,0,0,1.04444241084312,0.229592197820987,0,0,1.37201191176774,0.298731140585639,0,0,1,1,1,1
"16",0.650165962072127,0.234910081454412,7,0,0,0.505789891533576,0.196884103260716,0,0,0.561335205930218,0.186202046241078,0,0,0.680646458823727,0.272505609957237,0,0,1,1,1,1
"17",0.283062503500096,0.198856175851697,15,1,1,0.310633997862471,0.180046924892827,1,1,0.283059221625307,0.207078798331051,1,1,0.304363579186284,0.203194822287364,1,1,1,1,1,1
"18",1.00153393191676,0.262412401596582,15,0,0,0.89497489204565,0.253588901608725,0,0,0.925857554452292,0.251399194898465,0,0,0.795466799593487,0.342978220200627,0,0,1,1,1,1
"19",0.497681082481905,0.221802437729274,15,0,0,0.560012471009127,0.18620410092568,0,0,0.536485833155302,0.213499786353552,0,0,0.497169789852222,0.268606973288,0,0,1,1,1,1
"20",0.507468684753426,0.249194571229297,11,0,0,0.670471360045305,0.272252753847589,0,0,0.639181407053069,0.28622670571136,0,0,0.362844789186467,0.302267095048429,0,0,1,1,1,1
"21",0.328905773581735,0.229099245977935,15,0,1,0.42102209222957,0.316090722690188,1,1,0.414906864007562,0.30676926556993,1,1,0.164662003933709,0.278062226384981,1,1,1,1,1,1
"22",0.96060846829185,0.30420235974011,11,0,0,0.960564542856708,0.202990263741753,0,0,0.968377593402901,0.268561375151596,0,0,0.681308054675157,0.378179264532167,0,0,1,1,1,1
"23",0.750957254474575,0.265192236752458,19,0,0,0.801816674318682,0.208632747133969,0,0,0.801595518283258,0.232154285712808,0,0,1.41262284299459,0.317162139278221,0,0,1,1,1,1
"24",0.358487555291454,0.268125050712822,17,1,1,0.524319833080635,0.237743612977503,0,0,0.495694134275733,0.222376887977563,0,0,0.533058045302151,0.286559517791582,1,1,1,1,1,1
"25",1.00263407596514,0.256456092909712,13,0,0,0.846706448033546,0.241322198553181,0,0,0.867832787685543,0.258896680089629,0,0,0.834339176265203,0.270117706421821,0,0,1,1,1,1
"26",0.592711795422007,0.200227568131317,15,0,0,0.731342186626386,0.210362149385205,0,0,0.725626706662896,0.253244838818552,0,0,0.340880428829584,0.303894647810648,0,0,1,1,1,1
"27",1.06862627879242,0.232798832977367,19,0,0,0.880665741462315,0.208173014561696,0,0,0.973282019715233,0.237481980169571,0,0,0.684062127170018,0.291426219121639,0,0,1,1,1,1
"28",0.643854948010674,0.257256133894585,5,0,0,0.441640815950482,0.31363018064435,1,1,0.426320941836143,0.316574837647291,1,1,0.491864039043141,0.292092035954697,1,1,1,1,1,1
"29",0.962121998444189,0.236980556590364,9,0,0,1.09363170429178,0.234182497707537,0,0,1.11409263746117,0.22758530354503,0,0,1.16596872181903,0.254399202288788,0,0,1,1,1,1
"30",0.799265940586096,0.267521018560376,17,0,0,0.776617480045863,0.283997057922776,0,0,0.786196153045503,0.293801617441312,0,0,0.786439622941447,0.342781678108015,1,0,1,1,1,1
"31",0.577866298928837,0.262123787600096,17,0,0,0.641882017190876,0.185234793216312,0,0,0.634423925660128,0.196849061433876,0,0,0.811038673631677,0.296360745951534,0,0,1,1,1,1
"32",0.396142154404176,0.294669581862752,19,1,1,0.600060015367369,0.235888633397286,0,0,0.548471198684764,0.269072715888357,0,0,0.277975366090101,0.49741771288353,1,1,1,1,1,1
"33",0.595059806066304,0.253400135258983,3,0,0,0.575253752614942,0.230484868249222,0,0,0.602592034311166,0.217260384586327,0,0,0.582407039428963,0.296229049959417,0,0,1,1,1,1
"34",0.496165039514959,0.243395690464429,17,1,0,0.471797723834241,0.267108654138072,1,1,0.488740325183565,0.251188340936352,0,1,0.441994431569133,0.244635725135934,0,0,1,1,1,1
"35",0.868451776727446,0.301602742181147,7,0,0,1.05819997204643,0.265109046153759,0,0,1.03934275379797,0.30676723623258,0,0,1.03236960009297,0.300621179568913,0,0,1,1,1,1
"36",0.759884274448021,0.268929293513995,5,0,0,0.577417197930936,0.258899934996436,0,0,0.587340438432985,0.286055820058641,0,0,0.734286726709906,0.269854838406732,0,0,1,1,1,1
"37",0.630069784524163,0.23792704426563,11,0,0,0.591243446935022,0.193054354724037,0,0,0.57058819005384,0.217725113250062,0,0,0.589739737179499,0.29159280229719,0,1,1,1,1,1
"38",0.705459231153004,0.263085197769025,19,0,0,0.60137744444872,0.237347400276957,0,0,0.63731935461206,0.248091223624468,0,0,0.566229009894435,0.283990544012991,0,0,1,1,1,1
"39",0.462297218087409,0.215252978582506,13,0,0,0.432614234693041,0.214510597258007,0,0,0.407595207634594,0.238395295532285,1,1,0.206405343851056,0.28979709382982,1,1,1,1,1,1
"40",0.827257978895054,0.222025816077633,11,0,0,0.926890579806552,0.232542617038208,0,0,0.889615165282512,0.226246815688835,0,0,0.9140710017715,0.23236531358362,0,0,1,1,1,1
"41",0.49030927711265,0.25846783106872,19,1,1,0.780134929004625,0.430686577064844,0,1,0.837812821221697,0.365674803084934,0,0,0.615931542795638,0.270985069709703,0,0,1,1,1,1
"42",0.829849420823886,0.256198624211503,19,0,0,1.14371254970231,0.318487385586795,0,0,1.15630125530012,0.390647863070362,0,0,0.980336525129652,0.308584337918309,0,0,1,1,1,1
"43",1.24482918366264,0.227810401661525,5,0,0,1.11331290263632,0.21482221427352,0,0,1.15196259420658,0.243322649480703,0,0,1.0305360154757,0.265519239086316,0,0,1,1,1,1
"44",0.632396307622292,0.245662247345734,15,0,0,0.566604640162802,0.243523590212523,0,0,0.55640975611126,0.215730135569456,0,0,0.553556048147198,0.291045873112761,0,1,1,1,1,1
"45",0.501002882048813,0.249222859959914,11,0,0,0.588891178378871,0.218783722868875,0,0,0.602715664572799,0.214974224397411,0,0,0.652191402727839,0.268953074617773,0,0,1,1,1,1
"46",1.16930252886938,0.220515355856603,11,0,0,1.23125073606321,0.288587477641659,0,0,1.28499918769255,0.263081263840395,0,0,1.17153950613222,0.24468470978666,0,0,1,1,1,1
"47",1.05229294018557,0.242467450208333,19,0,0,0.889499934440992,0.209847965737894,0,0,0.854742002002575,0.227673631657817,0,0,0.521328386249385,0.398256340824264,0,0,1,1,1,1
"48",0.360614134706954,0.251004424822342,15,1,1,0.316068960585867,0.231578883373689,1,1,0.26925749490089,0.258426120350098,1,1,0.318008499295662,0.260348211981565,1,1,1,1,1,1
"49",0.653515871412576,0.271960210815702,9,0,0,0.714502440548408,0.252536536341961,0,0,0.721699940813517,0.246303309333475,0,0,0.753063377089524,0.358297742379918,1,0,1,1,1,1
"50",0.419255483401891,0.258666545000425,9,1,1,0.480294136554593,0.229030229806239,1,0,0.483288947464031,0.251683936922668,0,1,0.595993642881653,0.380893816149656,1,1,1,1,1,1
"51",0.976310497923885,0.218966735047239,19,0,0,1.1481164769094,0.217339289973255,0,0,1.19469445772595,0.242911923156447,0,0,1.02014436028951,0.298265880012039,0,0,1,1,1,1
"52",0.608465155699272,0.29426348593008,1,0,0,0.651110632683518,0.218488994053955,0,0,0.61229477249998,0.191004445944907,0,0,0.598952385606838,0.231193016218386,0,0,1,1,1,1
"53",0.764981100461503,0.234126764457439,15,0,0,0.836916942406634,0.217967502718129,0,0,0.828988839694095,0.221127935209405,0,0,1.0853651340492,0.214891172295976,0,0,1,1,1,1
"54",0.558479348927566,0.247202114509535,15,0,0,0.672561021516876,0.227338968502444,0,0,0.612782277525445,0.241792394073529,0,0,0.685905503920918,0.261068923748291,0,0,1,1,1,1
"55",1.05723770509808,0.309498013291999,11,0,0,1.04060592138991,0.265364196885041,0,0,1.10515624859861,0.224394669572355,0,0,1.05970149858134,0.369417028809705,0,0,1,1,1,1
"56",0.33483884146288,0.282099627514831,5,1,1,0.256790477127818,0.248740223573544,1,1,0.284432622269476,0.227179494212932,1,1,0.270678660716135,0.30680500471543,1,1,1,1,1,1
"57",1.01674847615276,0.199665570493338,17,0,0,0.938422720806808,0.199628229969315,0,0,0.985268733081837,0.238449827802123,0,0,0.820853570727606,0.257354517454024,0,0,1,1,1,1
"58",0.585806189401618,0.22306027102224,17,0,0,0.508485400022099,0.26008507120347,0,1,0.520106189176608,0.264830349945419,1,0,0.577905225694919,0.328565182844199,1,1,1,1,1,1
"59",0.617327177228069,0.266957891884715,5,0,0,0.740743179667234,0.20784338542088,0,0,0.678017252210165,0.252699063860938,0,0,0.670801471987499,0.307922822332427,0,0,1,1,1,1
"60",0.403864305926716,0.226263728998005,15,1,1,0.282249278285906,0.299349528958993,1,1,0.293059162465305,0.281004046135799,1,1,0.297940296337069,0.238616920479273,1,1,1,1,1,1
"61",0.479058682045139,0.2841396778347,11,1,1,0.415365676803276,0.231499737497405,1,1,0.497955115357283,0.252020994663798,0,0,0.273243761573878,0.427761753598145,1,1,1,1,1,1
"62",0.501733029628316,0.264366913183849,11,1,1,0.586348248129245,0.23817870197247,0,0,0.505011825707474,0.239158926033832,0,0,0.477653046565977,0.283502576650682,0,1,1,1,1,1
"63",0.502918808730009,0.298547339620495,11,0,1,0.695158802160745,0.240980064910183,0,0,0.674279677553745,0.288556403669252,0,0,0.691530104947179,0.280191336291454,0,0,1,1,1,1
"64",0.612013831269403,0.283956106505896,15,0,0,0.566040569944275,0.22025368916108,0,0,0.58527817473059,0.227986979967462,0,0,0.42763112084958,0.318027486897061,1,1,1,1,1,1
"65",1.0913505647806,0.265291246430567,1,0,0,0.828753424952108,0.226094223528254,0,0,0.875238754660896,0.292039987966243,0,0,1.07484163176563,0.301445873389475,0,0,1,1,1,1
"66",0.71071559061104,0.211710396016743,17,0,0,0.615694640040832,0.303820462089619,0,0,0.604481361613775,0.271569050820707,0,0,0.637255615505004,0.281882629122183,0,0,1,1,1,1
"67",0.893459881502335,0.190973499250608,19,0,0,0.914129367210602,0.214433898033033,0,0,0.866019659948648,0.195049574389033,0,0,0.901801505031349,0.224685443051467,0,0,1,1,1,1
"68",0.401484148267418,0.264320508523151,3,1,1,0.392900342939274,0.285959657800994,1,1,0.427927685130041,0.232318166804804,1,1,0.46627843223941,0.288228165169111,1,1,1,1,1,1
"69",0.619710031959409,0.253166452404172,13,0,0,0.688204881371766,0.219967050236757,0,0,0.704486233450072,0.207779281856915,0,0,0.753333437143062,0.285165707734289,0,0,1,1,1,1
"70",1.03765456567102,0.254552116185797,19,0,0,0.913826839511877,0.192740248187315,0,0,0.962959122620366,0.206355750583772,0,0,0.88431271190278,0.248088868580779,0,0,1,1,1,1
"71",0.635033775106892,0.257737292855361,5,0,0,0.73274693992096,0.277512649337752,0,0,0.727770122968164,0.219401404910966,0,0,0.724610210518762,0.238040800021368,0,0,1,1,1,1
"72",0.881290732924721,0.312756455782695,17,0,0,1.10131686610109,0.232709339643171,0,0,1.08743356392711,0.210964644398817,0,0,1.77567272639955,0.300952270963828,0,0,1,1,1,1
"73",0.492727864112956,0.211338094108355,11,0,0,0.497489214930016,0.205918214867317,0,0,0.533847060452558,0.208061257689597,0,0,0.27757719321007,0.226438257095604,0,0,1,1,1,1
"74",0.91063266971567,0.216249148286387,19,0,0,1.11206917040522,0.26466484941768,0,0,1.08333725043832,0.257356097027819,0,0,1.13977000949444,0.226029690705689,0,0,1,1,1,1
"75",0.918318371482085,0.221268111294864,11,0,0,0.951328785841095,0.182615085540149,0,0,0.986641327122646,0.201934575495836,0,0,0.981068400706974,0.210651498129958,0,0,1,1,1,1
"76",0.728796787544487,0.24285744349466,15,0,0,0.607654382600427,0.290867347305628,1,0,0.640910979900651,0.260179814811154,0,0,0.736471405281782,0.247105924433863,0,0,1,1,1,1
"77",0.860108012004607,0.363648982541837,5,0,0,0.792313310266629,0.383156558969094,0,0,0.8264366979145,0.321538742810774,0,0,0.974963000718103,0.470743633436615,1,1,1,1,1,1
"78",0.681234514705661,0.23193000955404,19,0,0,0.73866254827616,0.212248397763232,0,0,0.698855326226295,0.196539191738714,0,0,0.849405578291803,0.269440146394173,0,0,1,1,1,1
"79",0.827341007564212,0.284137623504075,5,0,0,0.728120226714827,0.213530298755018,0,0,0.734776579486891,0.225137615016543,0,0,0.759850706327848,0.271322252225264,0,0,1,1,1,1
"80",0.867235330517139,0.227241829911139,13,0,0,0.682481039945356,0.268777925126294,0,0,0.691824391903836,0.242249003061445,0,0,0.727509284641436,0.266890340380134,0,0,1,1,1,1
"81",0.726418812449563,0.224393592967584,17,0,0,0.791657696119892,0.199015982318618,0,0,0.774523810143717,0.202671959306588,0,0,0.748926865658853,0.24004795240688,0,0,1,1,1,1
"82",0.662307167195416,0.243849522243658,11,0,0,0.791381685996965,0.228073848563347,0,0,0.785062867831782,0.254966534860819,0,0,0.799262122709283,0.300442428904259,0,0,1,1,1,1
"83",0.952879757706328,0.212222862664991,17,0,0,0.896778032510855,0.203280320921556,0,0,0.942735223151418,0.224608406719289,0,0,0.784800080849254,0.210986271253947,0,0,1,1,1,1
"84",0.661006897321169,0.223905158253357,9,0,0,0.553285476364365,0.237657970936186,0,0,0.612930233609276,0.236536118087781,0,0,0.637746621509553,0.237108703209255,1,0,1,1,1,1
"85",0.299379472179807,0.290897486392083,7,1,1,0.32596892015909,0.217191631436543,1,1,0.311786052670746,0.276437057260321,1,1,0.300270149190229,0.300716832542649,1,1,1,1,1,1
"86",0.495204320326725,0.326235088304896,15,1,1,0.494795133319491,0.268078796240636,0,1,0.417118245027645,0.267379425895095,1,1,0.606682920166921,0.383269385241909,1,1,1,1,1,1
"87",0.94823209268602,0.285145118349598,5,0,0,0.908631418916665,0.197789153514214,0,0,0.869090266041792,0.237220828787034,0,0,1.08963806847652,0.247064306577749,0,0,1,1,1,1
"88",1.00491877299196,0.22377036203354,17,0,0,0.909433444528168,0.236464641323621,0,0,0.873626236838999,0.234132749751591,0,0,1.00319048676584,0.272672047777639,0,0,1,1,1,1
"89",0.822796490539657,0.234739932932758,19,0,0,0.795267862595083,0.223857434107877,0,0,0.816607482561441,0.242864434741703,0,0,0.817743232378152,0.258069535359971,0,0,1,1,1,1
"90",1.16378637329003,0.290448455881007,17,0,0,1.29250106123241,0.31366255825875,0,0,1.28266818633544,0.314576820154729,0,0,1.60311226353555,0.299872234585299,0,0,1,1,1,1
"91",0.46484458985945,0.269360712631458,19,1,1,0.303503339513657,0.290909590701742,1,1,0.279092041141316,0.25927072751233,1,1,-0.552381686640036,0.529419449750563,1,1,1,1,1,1
"92",0.755337612799371,0.268248928839563,7,0,0,0.799031633505112,0.229276206002023,0,0,0.827559315631419,0.248963660382936,0,0,0.848558158895168,0.298143800996547,0,0,1,1,1,1
"93",0.771120563583451,0.221608606129008,15,0,0,0.729875099199272,0.25211165191074,0,0,0.709725724377896,0.215888323829607,0,0,0.830216534104447,0.287090303723501,0,0,1,1,1,1
"94",0.663976687536188,0.226677175169182,13,0,0,0.707838472451952,0.198575703126759,0,0,0.69216227369639,0.219407687315432,0,0,0.844538642964392,0.242881169563641,0,0,1,1,1,1
"95",0.792358227637833,0.209694189815549,13,0,0,0.815150105921813,0.195884102327793,0,0,0.795524220622643,0.232992254517777,0,0,0.890565557863578,0.312292608153912,0,0,1,1,1,1
"96",0.898572957242845,0.260536161337419,15,0,0,0.790184958914127,0.208855727359043,0,0,0.795481946905929,0.207769942322319,0,0,1.01260216742978,0.280358037441181,0,0,1,1,1,1
"97",0.894860339736986,0.233707356088486,5,0,0,0.941461793288745,0.192846321334883,0,0,0.954955940236581,0.208643537549047,0,0,0.808806149289321,0.263324277970702,0,0,1,1,1,1
"98",0.879177069042605,0.203717561791916,9,0,0,0.841026435861189,0.273434166296493,0,0,0.87183479272506,0.237825430021775,0,0,1.00315763050761,0.35105890465619,0,0,1,1,1,1
"99",0.502350331628712,0.221501118737507,13,0,0,0.456388454690262,0.235630513685215,0,1,0.441958230683364,0.250750537162196,1,1,0.192525687046559,0.262579826981998,1,1,1,1,1,1
"100",1.00453275107192,0.207721646467958,9,0,0,1.22939402113684,0.325010642892754,0,0,1.17684005264647,0.315736646437666,0,0,1.14579274451607,0.23305809301077,0,0,1,1,1,1
