"","V1","V2","V3","V4","V5","V6","V7","V8","V9","V10","V11","V12","V13","V14","V15","V16","V17","V18","V19","V20","V21"
"1",0.643601641753366,0.410241598308912,13,1,1,0.271541966160179,0.618988167556162,1,1,0.281044660016176,0.575851727988753,1,1,-0.666765666333375,1.17520023710269,1,1,0.777233299661293,1.1430586511855,1,1
"2",0.315529704340814,0.396645065238581,19,1,1,0.02205765517163,0.508417699679568,1,1,0.0449343146808883,0.454644607106549,1,1,-0.764723371635611,0.615457203789004,1,1,0.516547331647832,0.647844089401113,1,1
"3",-0.277665146903034,0.415761150637217,11,1,1,-1.46771506589506,1.77942962978789,1,1,-1.48611676655528,1.77652435868662,1,1,-1.08181644389736,0.671706076338117,1,0,0.310597322941141,0.686932111969548,1,1
"4",-0.0253847676929855,0.342698087317136,17,1,1,-0.227936367079246,0.601681052650886,1,1,-0.269871526412162,0.610010287045299,1,1,0.601183988467493,0.731913955200519,1,1,0.681361713226473,0.781696992884224,1,1
"5",0.680136864633563,0.369507908315663,15,1,1,2.4758575207322,2.57868586312599,1,1,2.23743961486629,2.19759374631502,1,1,0.989733002552776,0.601665075409549,1,0,0.762374722597195,0.562087064330735,1,1
"6",-0.457945505421597,0.386254004446288,3,1,1,-0.48492736766547,0.480773415933713,1,1,-0.703325907965548,0.503308997310284,1,1,-0.385304331541084,0.462943882981571,1,1,-0.110745285930718,0.460812038920981,1,1
"7",0.00411156197333371,0.359680860351069,15,1,1,0.120855291488043,0.280539439051654,1,1,-0.0533289120668656,0.350715882768887,1,1,0.532478208054884,0.442794899097455,1,1,0.398110087375174,0.465670550780651,1,1
"8",0.20624822353976,0.313566243822057,19,1,1,0.387614621597656,0.415004567612199,1,1,0.380551919899118,0.438192797186496,1,1,1.17528219173932,0.77716890212989,1,1,0.477184840399001,0.721170261481273,1,1
"9",0.41153822366429,0.290053853552521,15,1,1,0.861219287177386,0.523316130898137,1,1,0.906900094572366,0.545067223011094,0,1,0.473105714291489,0.366341616383339,1,0,0.83020039708522,0.351789943385844,1,0
"10",0.656236819975814,0.412976426958659,15,1,1,0.619724541244446,0.466283143619,1,1,0.634754767330378,0.468272917577944,1,1,1.06716974300137,0.985146122273271,1,1,0.736569980826903,0.944105497000822,1,1
"11",1.11623879706895,0.423171599033038,5,0,0,0.80647289196833,0.286626589349062,0,0,0.760625394074188,0.287691767657497,0,0,1.17405036937678,0.602257691694552,1,1,0.902839708381653,0.611385199431757,1,1
"12",0.45290368646846,0.364241756609807,19,1,1,0.296701143378409,0.265781639930722,1,1,0.421357884184903,0.311428207413643,1,1,0.0378890582018138,0.34811935546816,1,1,0.808678501772823,0.380181313456145,1,0
"13",0.716047798965015,0.393657900425106,9,1,1,0.72685890255834,0.704206819224001,1,1,0.627322474167157,0.603279097371765,1,1,0.302731357994488,0.5326614571565,1,1,0.928751724763979,0.527660167163242,1,1
"14",0.0535539455769513,0.435681320564911,17,1,1,-0.285355290515314,0.748617478437478,1,1,-0.299680055978361,0.710843074943953,1,1,-0.980909098591772,0.822062101444932,1,1,0.778496889394467,0.779538377428869,1,1
"15",-0.0910736987975513,0.429671395423505,11,1,1,0.286518490568168,0.403395585397429,1,1,0.225014136661168,0.413278871238764,1,1,-0.247856935187592,0.644931975281551,1,1,0.609831563472111,0.681504695630033,1,1
"16",0.391476038694279,0.434661855456484,13,1,1,-0.0874223789341845,0.520643068151774,1,1,0.025786875695917,0.484200868579458,1,1,-0.0840214003528874,0.78563058385631,1,1,0.660116902815552,0.8520590680276,1,1
"17",-0.717930551343194,0.350931316595069,17,1,0,-0.381267982013834,0.279049501561483,1,1,-0.386047096759826,0.2366422037447,1,1,-0.611161852646345,0.488980356836339,1,1,0.167939020127137,0.426339473922055,1,1
"18",0.271852250099309,0.363922266413209,17,1,1,0.822486818935572,0.407479908398244,0,0,0.910341751006511,0.421510346740438,0,0,0.835144536280789,0.380682339341293,1,0,0.800660972480027,0.379478844370497,0,0
"19",0.50740154777736,0.358473936610216,15,1,1,0.652175787607429,0.218915679061538,0,0,0.711946804409998,0.254066837258953,0,0,0.784255982247049,0.620383441005307,1,1,0.990486332748481,0.535960294191397,1,1
"20",0.209566003785887,0.395886468329358,13,1,1,0.226512044992317,0.335140531817076,1,1,0.282259458408207,0.373094167995164,1,1,-0.831879616162595,0.650962888785415,1,1,0.702047483716523,0.697907085214798,1,1
"21",0.409586252440038,0.406888133439812,17,1,1,0.736627861928605,0.423709118783162,1,1,0.472459765261848,0.403626670995805,1,1,0.175862536746029,0.628229089216263,1,1,0.835439640783373,0.634374750604242,1,1
"22",-0.0309202697933659,0.325307364303429,19,1,1,-0.0432682759814872,0.588264844874139,1,1,0.0140599841453026,0.590034318013962,1,1,0.322408554159424,0.529431650644215,1,1,0.661749799063772,0.538047473957878,1,1
"23",0.464864152404573,0.38697015971661,11,1,1,0.312556741888974,0.35717409184596,1,1,0.3047106968006,0.410816691237669,1,1,0.239874653405394,0.433605528911901,1,1,0.793623000974968,0.463598903884715,1,1
"24",0.97728585763637,0.512366765563238,17,0,1,1.04427807251765,0.512365348570546,0,0,1.24114732662915,0.509430521789432,0,0,3.28266739774836,1.41532835479968,1,1,1.21850991551307,1.45636430746733,1,1
"25",0.185381368126141,0.403045552915166,19,1,1,-0.0206060879795047,0.275040699906554,1,1,-0.014231194649139,0.313417959646519,1,1,-1.10321877623629,0.812215709063902,1,1,0.325480783930696,0.89405574434635,1,1
"26",0.248475429194728,0.407523564606943,15,1,1,0.33241610360462,0.355899498751184,1,1,0.304678416647134,0.361943812032105,1,1,0.00436079215390434,0.819530158087755,1,1,0.533795928723466,0.764931577770843,1,1
"27",-0.0707622567713604,0.481434193081315,3,1,1,0.288291249817438,0.261656955120975,1,1,0.227072034485708,0.27360151353535,1,1,0.423372371731187,0.501554571494018,1,1,0.522981839756401,0.485844251782825,1,1
"28",0.202770811583679,0.340255997483649,1,1,1,0.199151932069415,0.2745856871076,1,1,0.276342560743121,0.294511489076117,1,1,0.109833803794794,0.34949003085595,1,1,0.202770811583679,0.406605112500842,1,1
"29",-0.0938298454156948,0.400663953752686,11,1,1,2.85408679059466,3.46661203025436,1,1,3.00425836993991,3.59537907456785,1,1,0.458709436226085,0.520710821965001,1,0,0.584351289473392,0.549453836537705,1,1
"30",0.482583909745754,0.514030287268292,9,1,1,0.59763465567071,0.603584899278631,1,1,0.525057009351944,0.51868813515194,1,1,0.306328982057891,0.81879767050205,1,1,0.510660998925448,0.83370032053255,1,1
"31",0.180541870985065,0.434520806493026,5,1,1,0.0979013636862426,0.361936325236105,1,1,0.154438179977979,0.414374330498026,1,1,-0.240275406358418,0.384033316620424,1,1,0.715458612601123,0.452862536760926,1,1
"32",0.660207716990583,0.347529180839152,17,1,1,1.55124051711472,1.38625526847403,1,1,1.33935032686107,1.4085960422412,1,1,0.880841968149053,0.376111061431909,0,0,0.920213000843732,0.386201709216223,1,0
"33",0.412385355592063,0.398958992614121,15,1,1,0.410371174068807,0.311282951259722,1,1,0.350173326720489,0.339701102169062,1,1,0.688869187946498,0.590267537356777,1,1,0.761932425537419,0.60129433024492,1,1
"34",-0.0306555048637179,0.346757516439429,9,1,1,-0.450893271018448,0.780353602138417,1,1,-0.430019373354547,0.823669712731492,1,1,-0.290717205824531,0.473111050171674,1,1,0.558649655514602,0.525880056853838,1,1
"35",-0.0462048090346752,0.351112875717281,17,1,1,-0.5436606790759,0.46312470540911,1,1,-0.313132804181132,0.454603806598639,1,1,-0.402556977059752,0.349950438827716,1,1,0.387494942772964,0.394659609099356,1,1
"36",0.103865633341488,0.392109545662029,15,1,1,-0.0548350583790381,0.316391106556826,1,1,0.0251574593930064,0.319846006880172,1,1,-0.0187594413912971,0.386930694680019,1,1,0.660762936735826,0.371081865321624,1,1
"37",0.361568057672269,0.446718440683529,9,1,1,-0.412137471007732,0.981313025619729,1,1,-0.4630187035963,0.959599222346143,1,1,-0.262857917252984,0.684643160274885,1,1,0.576974899833487,0.733596367952592,1,1
"38",-0.126976634080178,0.405724186655974,13,1,1,-0.922057587209822,0.864580805670065,1,1,-0.982860110035042,0.741815644156436,1,1,-0.196834027729292,0.505606102739549,1,1,0.482928498255126,0.45909344138637,1,1
"39",-0.190401584729909,0.347392662266726,11,1,1,-0.22822039398924,0.306463885469178,1,1,-0.499109961004996,0.350683864221928,1,1,-0.465479237818325,0.462386158854676,1,1,0.0435134382212305,0.409225329414548,1,1
"40",-0.010931313004072,0.4443863313202,15,1,1,0.0809785273648631,0.330756097560354,1,1,0.118538374116981,0.370877953064476,1,1,-0.778186492870775,0.896892358023371,1,1,0.583920294430183,0.894315022077592,1,1
"41",0.203654000937866,0.308124174897781,17,1,1,2.67002575183088,2.72540441123684,1,1,2.61675962721823,2.53688886711223,1,1,0.348217658642113,0.484739240032733,1,0,0.79980158031112,0.480246698430273,1,1
"42",0.150551361852504,0.380481566454692,11,1,1,0.128031741968059,0.927785943594267,1,1,0.119795138469641,1.30483446077445,1,1,-0.20145487217371,0.814457192189327,1,1,0.671926419114919,0.847887722568199,1,1
"43",0.222612165545443,0.412840744080517,13,1,1,-3.03925165436881,3.78618422334263,1,1,-1.51885567433397,2.28824813280611,1,1,0.357378867881421,0.458911637980419,1,0,0.471594740210103,0.379950425383194,1,1
"44",0.289834691033517,0.400754776010168,15,1,1,0.361953810550568,0.47152449167816,1,1,0.328996240658604,0.444328550955703,1,1,0.488848197034817,0.745117891219194,1,1,0.759355604512481,0.716289048898056,1,1
"45",0.311873124117079,0.384024464660739,17,1,1,0.0078811913425784,0.323237300730359,1,1,-0.0148262816281707,0.35134231761409,1,1,0.0190148893869267,0.478912781426089,1,1,0.576014902942568,0.508050425803072,1,1
"46",0.362695522276004,0.384921153167269,11,1,1,0.276938255656513,0.354866127938054,1,1,0.0923049931959355,0.38748868732089,1,1,0.539580326636658,0.431772433415608,1,1,0.634969724024507,0.418847592880469,1,1
"47",0.00541980465054607,0.322341912653645,17,1,1,-0.485592379974723,0.69780551913028,1,1,-0.459098880310312,0.629945896630097,1,1,-0.553483018960806,0.460550580038363,1,1,0.473509874276855,0.521637899791019,1,1
"48",-0.0234923374355557,0.435415238326042,19,1,1,0.1219472589996,0.28186348188884,1,1,0.0985643759199794,0.30822910238008,1,1,-0.325151656698403,0.424643175212927,1,1,0.7288862368249,0.449918760635755,1,1
"49",0.522985508863669,0.400275962561657,11,1,1,-0.254661188792253,0.691775464995989,1,1,-0.387589337269299,0.935343992939597,1,1,0.0721501282654946,0.527727426504964,1,1,0.565037217080667,0.534429409523854,1,1
"50",-0.375398804197184,0.373593333027702,19,1,1,-2.39860624132513,1.8086715946432,1,1,-2.28552708070767,1.71750236580971,1,1,-0.963411762848928,0.566644768252515,1,0,0.313105259039114,0.600975229296809,1,1
"51",0.201703321771739,0.344581275277195,19,1,1,0.747445783879722,0.757259464460614,1,1,0.240882591802316,0.907556950861121,1,1,0.199046774517872,0.612493548630633,1,1,0.691418269301217,0.663949581222261,1,1
"52",1.05603772140179,0.329731927087898,19,0,0,0.614283634319503,0.223666951087398,0,0,0.662798805761245,0.251177624622882,0,0,0.703654312111864,0.552320324968734,1,1,0.780941824827179,0.496960119082622,1,1
"53",0.196466199152796,0.320798856219774,19,1,1,0.264286060224997,0.196209263117882,1,1,0.213283626002145,0.265155712957672,1,1,0.0240843978665427,0.545872672422639,1,1,0.426311761507946,0.519117574174325,1,1
"54",0.412185150408209,0.431864719440199,17,1,1,0.714137974902027,0.327785536451739,0,0,0.690288223624326,0.330218079829828,0,0,0.428589936854558,0.444330744544476,0,1,0.566185477633481,0.516427231454128,1,1
"55",0.555917684733916,0.369784012878932,17,1,1,0.0380923601949714,0.288906884386508,1,1,0.0447663353338547,0.303177781695405,1,1,-0.469512966801915,0.65517675881595,1,1,0.453833227823923,0.688326702195228,1,1
"56",0.0816718664201313,0.402773041272571,17,1,1,-0.248415537897227,1.02497350689726,1,1,-0.0970093413113706,0.756101859386612,1,1,0.286426818515695,0.403609179036152,1,1,0.544198618849776,0.394627953449468,1,1
"57",-0.096266662022684,0.284078511294911,17,1,1,0.522775782967274,0.354217902683553,1,1,0.597182366510753,0.375724078007756,1,1,0.627095381643072,0.46922698911872,1,1,0.592151299717203,0.479074634051588,1,1
"58",-0.367080070992728,0.371649361586947,19,1,1,-0.82598947408473,0.401911605666624,0,0,-0.842850207700926,0.397856954387976,0,0,-0.920859664534367,0.709471601273679,1,1,0.194196323362951,0.832574174433631,1,1
"59",0.242328643894446,0.370026578291141,9,1,1,-1.57426836291246,2.066811506976,1,1,-1.55650213060821,1.77726335812056,1,1,-0.688640659829854,0.409123733342065,1,0,0.264220660187238,0.50692462473853,1,1
"60",0.107030444987188,0.338608744582215,19,1,1,0.284251945776954,0.222565723119787,1,1,0.251715326186435,0.255303236507929,1,1,0.706712448357503,0.405008203427237,1,1,0.651129616955744,0.447602632609044,1,1
"61",0.438202858130145,0.317767490915056,19,1,1,0.320166220912741,0.260484194749123,1,1,0.249158284926576,0.294398328423331,1,1,0.377312755521306,0.355798463828926,1,1,0.687405872032433,0.406045291341958,1,1
"62",0.931450713651956,0.336458742471425,11,0,0,0.640958437336796,0.258154468972712,0,0,0.727970426392694,0.26672283302622,0,0,0.0258365789103459,0.907426712845124,1,1,0.798236684740724,0.811204163018877,1,1
"63",0.154831856301721,0.29335042304904,19,1,1,0.853052802704307,0.59842802786124,1,1,0.675038601838454,0.589220350940007,1,1,0.280931609374228,0.431479484042076,1,1,0.556556214978746,0.376979522611642,1,1
"64",0.484122009620879,0.42548617082952,11,1,1,1.24914213368947,0.996877412451329,1,1,1.1898700830167,0.826358673730739,1,1,1.50881711004331,0.812111728754422,1,1,0.894199732896712,0.789620810987716,1,1
"65",0.340927146791655,0.37080860070434,15,1,1,0.016070236299892,0.426651176981403,1,1,-0.0248930352158923,0.415038960516455,1,1,-0.576138373128161,0.735263172967382,1,1,0.323997566710606,0.735256407398603,1,1
"66",0.110715810140423,0.397270815308026,17,1,1,0.0802170233414869,0.447615694725901,1,1,0.108499754764965,0.445187872086263,1,1,-0.436213688881082,0.833647298010211,1,1,0.578236005591425,0.842278793133951,1,1
"67",0.151057087390256,0.328540801153511,19,1,1,0.109241034995283,0.33071497275722,1,1,0.0551442467497724,0.356274402028991,1,1,-0.26561687974426,0.577357055237903,1,1,0.752073419505084,0.611349365301928,1,1
"68",0.0333280963847535,0.348584089288316,15,1,1,0.437153873007045,0.318281702283157,1,1,0.499527745430714,0.324205492326723,1,1,0.155619549361374,0.376802738037151,1,1,0.76663285315223,0.372418886747255,1,0
"69",-0.689025246651233,0.396008538548939,9,1,1,-0.585765532741276,0.324387162206484,1,1,-0.528091318902197,0.415284662071217,1,1,-1.02132723412638,0.446685702104117,1,1,0.0271753436138402,0.474769676929797,0,1
"70",0.301936488444254,0.281058863798537,1,0,1,-0.232310896919291,0.879855116032753,1,1,-0.507273721320036,1.41370897544684,1,1,0.29194947929468,0.256969845763627,1,0,0.301936488444254,0.27722800420387,0,1
"71",-0.0838892573517145,0.639711962472446,7,1,1,-0.406920522096744,0.577851830117699,1,1,-0.494219208948684,0.657770472487404,1,1,-0.654778287448717,0.616759417365734,1,1,0.594624177524051,0.593342995823294,1,1
"72",-0.354101931780707,0.340981095315097,19,1,1,-0.335006162077966,0.435650578869137,1,1,-0.207073538675729,0.492567573177982,1,1,-0.2963823300445,0.386663295134697,1,1,0.67375484859477,0.378934009340109,1,1
"73",-0.00423457415881875,0.358547535251351,13,1,1,1.85650631477985,1.54837067990773,1,1,2.32619198098111,1.8465980035246,1,1,1.0748546972331,1.00810145610598,1,0,0.531579081052668,1.01254944467737,1,1
"74",0.433788050138057,0.464466347316993,9,1,1,-0.0252852756710923,0.341430472589302,1,1,0.0456755334157472,0.329528404616523,1,1,-0.398169050715816,0.772518868308085,1,1,0.672830159973072,0.743369240221902,1,1
"75",-0.343320423881594,0.391623231175873,11,1,1,-0.156434218922125,0.609938623487455,1,1,-0.138853941511042,0.500106355080812,1,1,-0.385485574225457,0.504710673791326,1,1,0.544792450053674,0.478397737854962,1,1
"76",-0.0238498799608836,0.463868627016457,19,1,1,-0.16738071213911,0.520092075975695,1,1,-0.0324567392112225,0.534488619143842,1,1,-0.211661641575782,0.838573121683901,1,1,0.813812482238703,0.890328920975073,1,1
"77",0.442552321401008,0.359435862959013,15,1,1,0.699999525003452,0.428583449057523,0,1,0.547655127277347,0.377750607928198,1,1,0.577454884486577,0.57923553470456,1,1,0.798629841462141,0.612278626783761,1,1
"78",0.513644097137336,0.427765837278067,11,1,1,0.627533839483166,0.302971020454268,0,0,0.564904022527586,0.296558503346294,0,1,0.88442340369119,0.633306635039902,0,1,0.671422375584441,0.527698633583375,0,1
"79",0.0323634875756738,0.388064027172525,19,1,1,0.469096392404503,0.275901601522633,1,1,0.427880013446516,0.278108726078869,1,1,0.434967888644803,0.351805430957901,1,1,0.598461459898126,0.340607390208427,1,1
"80",-0.0214742975540219,0.407960732579131,15,1,1,0.144759030834468,0.418793357543138,1,1,0.310905002459893,0.516011593232656,1,1,0.619555097108573,0.363205448582547,1,1,0.609373376809372,0.398593493589453,1,1
"81",0.438281963843079,0.425486379396414,9,1,1,0.174526678405533,0.504634429400849,1,1,0.144927544849366,0.483529477346471,1,1,-0.00540299457745735,0.707513639227658,1,1,0.479292139544112,0.701817183198688,1,1
"82",-0.218202796015122,0.340179556986195,5,1,1,-6.1536254062153,8.55100080346251,1,1,-5.20688615358612,6.05165837499086,1,1,-0.0511604162371264,0.414317162559481,1,0,0.493890305431793,0.443802137972921,1,1
"83",0.422883285609049,0.388804145903317,13,1,1,0.532575381451263,0.231829637187653,0,0,0.486732730714459,0.25863575639416,1,1,0.618562017880385,0.631477334102367,1,1,0.460281376931296,0.629605140241915,1,1
"84",0.985806347389654,0.42339508437229,15,0,0,0.383559875402381,0.42327346852629,1,1,0.434722080352695,0.479846706268064,1,1,0.043286308309639,0.554571945151036,1,1,0.835846528899878,0.559846967103681,1,1
"85",-0.0258854512788931,0.413171696150558,13,1,1,0.239604852458737,0.276662271617555,1,1,0.205175769028608,0.293086455344063,1,1,0.0998467537482613,0.643347915887283,1,1,0.77101416556154,0.569109020310897,1,1
"86",0.564168835155269,0.439137857679896,13,1,1,0.315092599609381,0.286539270525498,1,1,0.146061055590959,0.298004727067272,1,1,0.456929681398704,0.829483118522017,1,1,0.43518131649936,0.786015508051775,1,1
"87",0.00325690746252937,0.378340697737764,19,1,1,-0.107629920621631,0.530118667862592,1,1,0.0882711332567875,0.457856354652127,1,1,-0.314824510336491,0.682352215325946,1,1,0.709688228581762,0.802251292220789,1,1
"88",0.228495728547716,0.400444476720171,13,1,1,2.78944375027802,2.92252964967662,1,1,2.97868235556745,2.95355409379392,1,1,1.57355001085865,0.700414705042709,1,0,0.77700207961463,0.801149911752511,1,1
"89",0.958668889630259,0.492078697105753,3,1,1,0.582308724316736,0.285563511229821,0,0,0.496461065291643,0.323700611555733,1,1,0.82378145047208,0.510978886791819,0,1,0.467265851019396,0.525500685192596,1,1
"90",-0.143948066691877,0.335402077140953,11,1,1,-0.439919411061059,0.534221885434201,1,1,0.0466120865193762,0.562911119510089,1,1,-0.278903177559438,0.439304299368392,1,1,0.752163953280796,0.454709951443828,1,1
"91",0.0402226018256667,0.371561391611384,17,1,1,-0.34377454450026,0.723301315695427,1,1,-0.285000906852963,0.608038831588857,1,1,-0.222833841313359,0.467864437454853,1,1,0.387279766737574,0.434193956263252,1,1
"92",1.0734482728721,0.374596652364503,3,0,0,1.15556591716094,0.361892457581075,0,0,1.22106102274201,0.550852225243862,0,0,1.57921332063184,0.41655970859097,0,0,1.10565497613682,0.477004179822833,0,0
"93",-0.701947029839162,0.363904053302125,17,1,1,-0.0689028805556341,0.220620384791131,1,1,-0.187803456122051,0.283790740028177,1,1,-0.451045841088874,0.49821680999138,1,1,0.163826115484381,0.509136981183368,1,1
"94",0.708558792322558,0.253436895999931,17,0,0,1.18868484129624,0.61436293736537,0,1,1.03886394870465,0.551556269545232,0,1,1.01638023601811,0.417911988486699,0,0,0.908268333446234,0.388189719163549,1,0
"95",0.194086754883285,0.369555957460618,19,1,1,-0.217279272302969,0.701720529143098,1,1,-0.23145583215768,0.634684425920539,1,1,-0.509244700854106,0.623482676038336,1,1,0.504292459089901,0.598216558205786,1,1
"96",0.189595644183703,0.366854037457886,11,1,1,0.470397455574489,0.250328977967926,1,1,0.408894483235054,0.269550167316966,1,1,0.644949268464234,0.621885061792344,1,1,0.530319001882918,0.574571988030785,1,1
"97",0.100599689044166,0.379368564603328,11,1,1,0.159626372294167,0.302976870012906,1,1,0.188499476571718,0.297282691210823,1,1,-0.641365187008253,0.7366213043809,1,1,0.536245584166764,0.78007301848248,1,1
"98",-1.25728190408977,0.771953796580358,5,1,1,-0.524276650259965,0.554419243979612,1,1,-0.533396945905856,0.597740255137917,1,1,-1.11076622460215,0.901660716469452,1,1,0.220100429279995,0.904550454318852,1,1
"99",-0.207856658812651,0.557978475628418,13,1,1,0.0358215450797448,0.43834155777183,1,1,-0.00402106958455783,0.447739124269587,1,1,1.03323889248491,0.947339829038052,1,1,0.492330706374423,1.00392649256292,1,1
"100",0.065193400874636,0.44430997193926,9,1,1,-1.89854887292016,2.13587217627583,1,1,-1.30789133769146,1.439989427216,1,1,-0.438582679036739,0.781484468796012,1,1,0.550600807947728,0.715101396372874,1,1
