"","V1","V2","V3","V4","V5","V6","V7","V8","V9","V10","V11","V12","V13","V14","V15","V16","V17","V18","V19","V20","V21"
"1",0.228391181515289,0.324092629211449,17,1,1,0.11768299238341,0.585821638667881,1,1,-0.0400406742277999,0.610464889696285,1,1,-1.27123433273212,1.37955769043573,1,1,-0.0979549185737582,1.21290360423868,1,1
"2",0.523739155830205,0.349718639071674,19,1,1,0.414547095943681,0.267247998435236,1,1,0.423270757314527,0.294436089809257,1,1,0.585861450757534,0.590203793664679,1,1,0.43509355447178,0.487220089139121,1,1
"3",-0.256584600722204,0.386234701862161,19,1,1,0.0484992352279744,0.673385075185259,1,1,0.178264720433617,0.639008464428482,1,1,0.16732877256132,0.40123089759467,1,1,-0.316502942270785,0.498435940361589,1,1
"4",0.906474220294643,0.409817876385052,9,0,0,0.375188918959668,0.569475514031709,1,1,0.391280491008036,0.38264503389225,1,1,0.806955183682579,0.370588364542863,0,1,0.318331845312998,0.434702950088594,0,1
"5",0.0677411942387876,0.403517346559291,19,1,1,0.587457678262527,0.555780118181719,1,1,0.378782881561761,0.535742438752082,1,1,0.606866741640723,0.752626820010304,1,1,-0.0607845429440696,0.777779289543744,1,1
"6",0.347189682456274,0.368392307031451,13,1,1,0.837654300296634,0.319735078037085,0,0,0.595194994277221,0.432593528446105,1,1,1.14865401450439,0.539538776475991,1,1,0.0832113841713177,0.561178247878306,1,1
"7",-0.045233287905268,0.378711275590861,17,1,1,0.028978857828883,0.325852939873724,1,1,-0.0278482276994704,0.281808485970502,1,1,-0.112987372638167,0.260687349421904,1,1,0.185295114675311,0.358951600757383,1,1
"8",0.652814072484516,0.369738561269691,7,0,1,0.716370648252106,0.255827391015476,0,0,0.611798914299541,0.291156892405513,0,0,0.787783411605015,0.52787449007363,0,1,0.517892239289486,0.389971587512129,0,1
"9",-0.478262693478294,0.381739279834979,19,1,1,-0.460333452370185,0.495186053263639,1,1,-0.67063611959467,0.370850028087083,0,1,-0.821348110756308,0.703462240374186,1,1,-0.503017133189465,0.761761525443548,1,1
"10",0.653685967394831,0.440273722861654,3,1,1,0.700009159677323,0.342944009900074,0,0,0.533067965295571,0.313359500287977,1,1,1.50963954235713,0.481237438540925,1,1,0.534547917433803,0.386792572097354,0,1
"11",-0.663668475282966,0.47700723446905,7,1,1,0.0645689145788906,0.251589272337512,1,1,-0.258097927393384,0.333511190334662,1,1,-0.380535688033199,0.725636060532123,1,1,-0.202706227093882,0.734061753718594,1,1
"12",-0.33276600874106,0.320196815144491,17,1,1,-0.101124436162828,0.474914725131241,1,1,-0.414253651697694,0.44525835414715,1,1,0.549275600390239,0.721693315501183,1,1,-0.136416417575385,0.850058943878233,1,1
"13",0.136368049318925,0.432914346321661,7,1,1,-0.0674176489920236,0.262453880730486,1,1,-0.227088757703466,0.266406361703332,1,1,-0.130611603096184,0.33411623883652,1,1,-0.0470546206740023,0.379378423894737,1,1
"14",-0.338258727969403,0.43333279371262,19,1,1,0.0339445101103079,0.304893206115432,1,1,-0.29015446899981,0.324881364584636,1,1,-0.209609375780701,0.77377777539469,1,1,0.01119593585253,0.71362355710037,1,1
"15",0.0619808427256891,0.467219223409216,1,1,1,0.505094768326472,0.422594011216211,1,1,0.214447216674724,0.437654576743867,1,1,0.325558138088441,0.488116102769138,1,1,0.0619808427256891,0.590669094402756,1,1
"16",0.288402801485547,0.455492801600571,5,1,1,0.176753739807398,0.74953029627044,1,1,-0.178806079694779,0.935040766696199,1,1,0.63489406996377,0.562291095961235,1,1,0.58651666017329,0.606394249550755,1,1
"17",0.15778580813118,0.423580682295641,11,1,1,0.312146070292386,0.331933100892591,1,1,-0.0589891696510866,0.447859552103392,1,1,0.318446488884484,0.524819199640598,1,1,0.276930269274885,0.568053265727973,1,1
"18",0.357922228492163,0.314277820468128,15,1,1,-0.216244046404188,0.938118213370669,1,1,-0.159360183882369,0.412090749301541,1,1,0.15944196898472,0.539784241598761,1,1,-0.106931510100832,0.499112357619675,1,1
"19",0.121500970964382,0.443632943509035,19,1,1,0.142822161610684,0.307346277378776,1,1,0.0805089216917338,0.332198847587302,1,1,-0.661799485053282,0.934280944239971,1,1,0.101880835757976,0.901027210614912,1,1
"20",0.231131035080707,0.39162623211432,9,1,1,0.362937833337652,0.380745883753486,1,1,0.44522671243442,0.408929739311767,1,1,0.506391977396853,0.368795174190521,1,1,0.0726309155304461,0.437513180488358,1,1
"21",-0.560507913608183,0.487345749339232,3,1,1,-1.89338224543648,2.0650494198179,1,1,-1.61756862974848,1.63432417601871,1,1,-0.65930573826661,0.627332057692679,1,0,-0.15158262957511,0.580699739387506,1,1
"22",0.859506497741846,0.416483200467017,17,0,0,0.77951757401546,0.54281951098725,1,1,0.580073743542409,0.54988761962845,1,1,0.595736024596326,0.626422651887121,1,1,0.17402172671595,0.620340366675166,1,1
"23",0.320517607986189,0.37413699610108,7,1,1,0.291646570028865,0.273080269400274,1,1,0.0579843087687304,0.2797583418268,1,1,0.0273282208482108,0.548343439530175,1,1,0.0300519710392778,0.528483083194321,1,1
"24",0.32521993441842,0.377657222931636,17,1,1,-0.990450135176847,1.72174993645671,1,1,-0.630474557313439,1.20037748428046,1,1,-0.299976208052028,0.602287260826631,1,1,0.0797250487302743,0.474274068092604,1,1
"25",-0.54168630098548,0.351976457039125,7,1,1,-0.0233092954905183,0.282052180320676,1,1,-0.234391597959731,0.291585459319399,1,1,-0.311645324874723,0.409874858057622,1,1,-0.0575794310724184,0.442235766363425,1,1
"26",0.168817659610906,0.546675730058397,17,1,1,0.594823564131361,0.638881528102137,1,1,0.80903832158631,0.704010885829546,1,1,0.899179219145827,0.702790969088181,1,1,0.0643823138990462,0.645312964518048,1,1
"27",0.275679135531885,0.380112519163066,17,1,1,0.476235643850263,0.463913709386719,1,1,0.637151137472085,0.613186768024718,1,1,0.200217363913312,0.623082333080454,1,1,0.228536816244712,0.653586994464247,1,1
"28",-0.294021094220071,0.493115826183189,11,1,1,0.436485605305743,0.356036858681057,1,1,-0.0144461343274861,0.327564351977861,1,1,0.383207987124057,0.512133497333223,1,1,0.276969222283756,0.604756586145917,1,1
"29",0.732877749241151,0.607968773398153,3,1,1,0.9390735070633,0.525484732092948,0,1,0.802995406436235,0.626255112520734,1,1,1.57352354454527,0.601556565199459,1,1,0.434151774969406,0.512085693536652,1,1
"30",-0.0532243481973971,0.432679976660974,17,1,1,0.321978886846717,0.266510323630749,1,1,0.152269961801277,0.349481444751546,1,1,1.85341056497617,1.17251756640236,1,1,0.335837514064632,1.36609219002378,1,1
"31",-0.760172267517147,0.361796171848102,9,0,0,-0.550154318652225,0.447883452362886,1,1,-0.824449348925697,0.357370109414357,0,0,-0.664727660874159,0.379752625353119,0,0,-0.587016590325828,0.469055067840165,1,1
"32",0.431908567241262,0.339584549108161,11,1,1,0.315481010737798,0.283577973105083,1,1,0.210290699819504,0.239396641959105,1,1,0.0522390385954766,0.480580250756174,1,1,0.198567679656541,0.471181756052777,1,1
"33",-0.218188215683751,0.478058378682212,7,1,1,0.0317431173051675,0.50058335465852,1,1,0.316360456118899,0.588259882466357,1,1,0.136083394086512,0.516565108971094,1,1,-0.177348244860798,0.388734387005291,1,1
"34",0.220233574589164,0.40863555183162,19,1,1,-2.96842997014189,3.18248436109066,1,1,-2.58901098016051,3.16344086494099,1,1,-0.648480766788387,0.659972519119455,1,0,0.108470445099325,0.737476413774318,1,1
"35",0.190710379724838,0.495718339436863,19,1,1,-0.0810642062120004,0.384783060795728,1,1,0.00613200094866608,0.406452423756134,1,1,-0.6345763049556,0.771474785919832,1,1,0.203509245796078,0.807831891010792,1,1
"36",0.218646093074537,0.412751332357266,15,1,1,0.709776921702901,0.430707147852375,0,1,1.03921715644116,0.686217061970981,1,1,1.65695050829989,0.935414788194616,1,1,0.305824401870745,0.89271768473717,1,1
"37",0.0137104140251491,0.416786062766578,15,1,1,-0.331340659928458,1.08359909080251,1,1,-0.534890855571902,0.686664497891245,1,1,-1.26750106137804,1.29362404789023,1,1,-0.20968618913058,1.63661967157522,1,1
"38",0.473206312837458,0.462692360909466,11,1,1,0.176736800988287,0.487403788419665,1,1,0.291282271555963,0.309086258679913,1,1,0.956200463584747,0.840842633793454,1,1,0.167432945579168,0.752987878890648,1,1
"39",0.830646979018568,0.374177797166906,15,0,0,1.24145538668965,0.418918266775362,0,0,1.1366041557083,0.390455492833467,0,0,2.0193529177752,0.518271037544424,0,0,0.740932460724033,0.502426557317626,0,1
"40",-1.64227728695684,0.52253179700221,1,0,0,-4.11967532836419,4.13403526318621,0,1,-3.42726180561314,2.98133945878433,0,1,-1.66479599959009,0.523465136090835,0,0,-1.64227728695684,0.463710808233418,0,0
"41",-0.416442501190529,0.577741917687424,19,1,1,4.6573256979507,5.42134758554681,1,1,4.46371656586245,5.93866654766197,1,1,1.01679236732514,0.895684738632552,1,0,0.0141187383630117,0.898184565331109,1,1
"42",0.325122202537339,0.38553848591499,11,1,1,0.623249556336007,0.343828783627666,0,1,0.350033423369423,0.432802969933773,1,1,0.80619993876774,0.568838621467939,1,1,0.0887401032533016,0.575567160127447,1,1
"43",-0.519647122633707,0.304740739024875,17,0,1,-0.0811391278692926,0.256560079146515,1,1,-0.395234378664679,0.306414824387218,1,1,0.498737682410988,0.736995668515309,1,1,-0.299206750565158,0.648574743743108,1,1
"44",0.494843259450392,0.380082044340183,17,1,1,0.444226658470483,0.500417863416831,1,1,0.631303087162884,0.577184087855598,1,1,1.03454557322734,0.708288579111899,1,1,0.48421290342139,0.620150361919619,1,1
"45",-0.159952562127077,0.419581124765311,15,1,1,-0.0404627155713294,0.34416470000847,1,1,-0.257216301943821,0.345779871039646,1,1,-0.621009461246404,0.723999550286906,1,1,-0.368724311134052,0.728880297903388,1,1
"46",1.3369226524513,0.542463178293172,11,0,0,-0.568900355372047,2.78784313423575,1,1,-0.157476616223114,1.45676970245072,1,1,0.855722360519983,0.683110083799891,1,1,0.418650309777549,0.743818046192591,1,1
"47",0.211108119841778,0.359078741369057,17,1,1,-0.579978423563925,1.56573347840954,1,1,-0.0980973963326397,1.04798281307977,1,1,0.0153201935790518,0.535846703703765,1,1,-0.091536004343108,0.504684961075109,1,1
"48",0.321119268499385,0.429838117390183,17,1,1,0.275989131531725,0.247930417190212,1,1,0.109303853333593,0.321775420695572,1,1,0.207730830718101,0.345955392872658,1,1,-0.136784193574073,0.356520707768636,1,1
"49",0.0259885771696268,0.330875377284781,17,1,1,0.363827320629006,0.237227180616274,1,1,0.116994158214979,0.292476186538032,1,1,0.281170778417966,0.477854002895684,1,1,0.163083634503316,0.519102024776804,1,1
"50",0.580065959410408,0.356014649803866,19,1,1,0.500576027936433,0.506506677146244,1,1,0.37982939739658,0.480061873361066,1,1,-0.297547024633247,1.03032114187671,1,1,0.44987347921497,1.06580804952603,1,1
"51",-0.36135484772708,0.296871632440762,15,1,1,0.0424516644700143,0.243005360731334,1,1,-0.114245288023365,0.250257021045522,1,1,0.174309794190274,0.45824347196156,1,1,-0.0508384973349825,0.397625162962186,1,1
"52",-0.037418924188513,0.39736533251081,15,1,1,-0.0184836163851271,0.639060811140549,1,1,0.311167930551272,0.69566785699878,1,1,0.254439604406112,0.386431610319561,1,1,-0.280287018396395,0.394850080976287,1,1
"53",-0.34839797022471,0.455482697574628,13,1,1,-3.83080317177143,4.37168908685054,1,1,-1.71273556311304,1.67522848004248,1,1,0.310622939842294,0.601603029698683,1,0,-0.404750353235745,0.587111474895981,1,1
"54",0.981096746080824,0.558262074062577,1,1,1,0.493376804713918,0.463335144159107,1,1,0.398160452540535,0.369401704036933,1,1,1.37254922478978,0.560724234395137,0,1,0.981096746080824,0.556768293503021,1,1
"55",0.245890850615659,0.382083949350033,17,1,1,0.591523814192171,0.427809254589028,1,1,0.687376619792905,0.472057089119038,1,1,0.225620190475635,0.335322376977565,1,0,0.242846735441814,0.408242769745119,1,1
"56",1.13350608689166,0.549497006596705,1,1,0,1.08192140207955,0.514487105827761,0,0,0.828933751047432,1.41449356303435,1,1,1.38722657370581,0.628187458002088,1,1,1.13350608689166,0.50767638008976,1,0
"57",-0.361268979841231,0.391419193318907,15,1,1,0.253614773688233,0.332759966847629,1,1,0.598310010557409,0.637100294643202,1,1,-0.309665628723388,0.76042060802897,1,1,-0.11026908780143,0.597522825422515,1,1
"58",0.323321035922629,0.273207661083173,7,1,1,0.0214894117804937,0.560080427350212,1,1,0.0545822797493571,0.495547987579897,1,1,0.320805232253093,0.363429264619308,1,1,0.379542039114882,0.358988361989454,1,1
"59",0.720885129977771,0.319340547976929,19,1,0,0.482471727246938,0.263111040654986,1,1,0.219955256808405,0.316042285090732,1,1,-0.645401004039414,0.529871212171817,1,1,0.184008954967145,0.600324837794422,1,1
"60",0.514041496775132,0.396944705843415,13,1,1,0.465454867848427,0.21037769780622,0,0,0.216489617474776,0.267100879370124,1,1,0.211173182996696,0.47372757090938,1,1,-0.037009849870317,0.453663795697033,1,1
"61",0.135021448908374,0.369646785309448,15,1,1,0.852375619144673,0.461680557584618,0,1,0.592864874917315,0.666051008509667,1,1,0.651743955955959,0.322405952343662,1,1,0.235251145252283,0.417870953109593,1,1
"62",0.302629666168177,0.41345484159917,11,1,1,-0.911421219116734,1.68438289750649,1,1,-0.325523649537351,0.57102172285002,1,1,-0.216745318538283,0.600096380774351,1,1,-0.318278082223578,0.500955657841381,1,1
"63",-0.296379939220253,0.325310031981706,15,1,1,0.115302216791531,0.239797652633834,1,1,0.135730529568213,0.407560795197416,1,1,0.253259773262196,0.393407910866347,1,1,-0.329002364204992,0.31401526531052,1,1
"64",0.0345020489405334,0.350450927472817,19,1,1,0.345070793542843,0.393578052742843,1,1,0.111046040371015,0.347516255708139,1,1,0.601124349717754,0.526038632552646,1,1,-0.0696406959772026,0.568201737392755,1,1
"65",-0.768664786885125,0.310549477992523,11,0,0,-0.0819388661255516,0.177247278750335,1,1,-0.554734014723898,0.285873086882615,0,1,-0.522235145675282,0.417496186737525,1,1,-0.299820100636429,0.477912826951788,1,1
"66",0.16695171695076,0.443656089637197,9,1,1,0.125977105419333,0.433379735600649,1,1,0.0240249089623592,0.422063003083933,1,1,-0.450302890777147,0.738423971588591,1,1,0.10811115220861,0.617942224160251,1,1
"67",0.471791800350099,0.371431513196212,9,1,1,0.785089047399802,0.727126265431982,1,1,1.37624902455813,1.10385758644998,0,1,0.668657791606315,0.49277968922988,1,0,0.0307582409808699,0.431852575431691,1,1
"68",-0.318679008286691,0.374005474624056,17,1,1,0.118508717699756,0.226027449990787,1,1,-0.134330230424603,0.331583990012894,1,1,-0.1912370452297,0.427359841818626,1,1,0.223255706344217,0.459175252509352,1,1
"69",0.120685467786641,0.334588833937973,9,1,1,0.244854191781572,0.275031830949155,1,1,0.0502878634653539,0.35236654488651,1,1,0.55700667706013,0.433332593163992,1,1,-0.12264670968445,0.57483457401072,1,1
"70",0.174389942206157,0.365406700327783,19,1,1,0.609759373389062,0.579136778714419,1,1,0.451860353050161,0.405860368397771,1,1,0.523400333104126,0.283620062743674,1,1,0.37916387652331,0.363641442425849,1,1
"71",1.67910158401232,0.611379671431536,1,1,0,0.890382338100545,0.473490590391039,1,1,0.683088796481569,0.477307217650231,1,1,1.53516695537365,0.470586106145882,0,1,1.67910158401232,0.56847922402484,1,0
"72",0.329714227409496,0.440829508902141,9,1,1,0.352121228897819,0.277835077023972,1,1,0.192801610625343,0.318705392364896,1,1,1.09396808363051,0.692092166900106,1,1,0.394777383308167,0.730658737642898,1,1
"73",-0.360317394424631,0.368274806571762,19,1,1,0.437154503166866,0.195653882953823,0,0,0.246286865136364,0.308893468621311,1,1,0.930336030656291,0.494991386754611,1,1,0.150600906237353,0.500662709291503,1,1
"74",0.175379063968027,0.368583065681494,9,1,1,-0.359124523023024,0.626716039296434,1,1,-0.238096542258854,0.448300216201875,1,1,-0.129010403293389,0.551282637509172,1,1,0.00484205945595024,0.488269137196039,1,1
"75",0.121477866129402,0.641308531452658,7,1,1,0.473655490896637,0.353590475401145,1,1,0.224441139410953,0.452603603926242,1,1,0.722418799384603,0.847242444597455,1,1,0.0296772014297172,0.845821126235597,1,1
"76",-0.0534449011183751,0.380840166452166,9,1,1,0.240113943581752,0.219794603103803,1,1,0.00479018283118508,0.256471713352439,1,1,-0.551757409371125,0.499438176515529,1,1,0.144063672449631,0.532902267990588,1,1
"77",-0.380538038563451,0.383425233087314,5,1,1,-1.85066621790351,2.37145460779821,1,1,-1.82247484312216,1.6066840225334,1,1,-0.645704572038779,0.552457004550171,1,0,-0.362385799757381,0.494488197517518,1,1
"78",0.150708685995811,0.361768838640253,13,1,1,0.272485006611245,0.398519297893098,1,1,0.0785333127378043,0.42436977343996,1,1,0.184729845972416,0.465950020943279,1,1,-0.114035228213066,0.463502371465883,1,1
"79",-0.0195626143336837,0.399475820086362,15,1,1,0.265895932705958,0.543728263065732,1,1,0.468266328115817,0.490648261357492,1,1,0.229193294647235,0.589303596228848,1,1,-0.121201277884861,0.548637802941559,1,1
"80",0.452679350193133,0.385932886720729,19,1,1,0.308648311598609,0.322761375552414,1,1,0.583495275658322,0.395694113920215,1,1,0.447772796971676,0.465723506581587,1,1,0.270008618343954,0.408469134103198,1,1
"81",0.272034078823722,0.581936350486409,5,1,1,0.434533779893719,0.26601381840751,1,1,0.0206644602088353,0.325618847861582,1,1,1.34613666700527,0.91153830319585,1,1,0.118706978366094,0.881984845006418,1,1
"82",0.330093226144086,0.438107544022188,11,1,1,0.614939108954955,0.348021938596887,1,1,0.181288659329982,0.427581341300289,1,1,1.01833235017508,0.792777369739666,1,1,-0.245342279895324,0.737176741242891,1,1
"83",0.0122062227997344,0.384355024986744,17,1,1,0.134109150052482,0.787118962692193,1,1,0.0146936865272537,0.713014488888996,1,1,-0.352717937267961,0.710395885807602,1,1,0.0765953837790457,0.739849022896669,1,1
"84",-0.567412229870311,0.302973891110513,17,1,1,0.424235007565414,0.465319758588638,1,1,0.0511879355415541,0.486870129707522,1,1,0.444654957526047,0.519103161847635,1,1,-0.198567552469379,0.577896150159403,1,1
"85",-0.033496682609383,0.338375116119565,15,1,1,0.357355270998155,0.52155020260293,1,1,0.209109211429166,0.506752196442734,1,1,0.728749799808903,0.64675140052426,1,1,-0.0947028850178955,0.539314145521693,1,1
"86",0.101727866430503,0.670677154877862,3,1,1,0.365905689830403,0.233600845580941,1,1,0.0410251152313468,0.300360841246038,1,1,-1.29887037057909,0.986173207056257,1,1,-0.48259278168826,0.914828558364845,1,1
"87",0.0548051125117722,0.342386255721357,9,1,1,-1.4222810524222,1.92408557082998,1,1,-0.658680006060627,1.30509407088269,1,1,-0.15958971563285,0.360209820192483,1,1,0.0214255208175669,0.308149803652871,1,1
"88",-0.138196538009307,0.469106068669937,17,1,1,0.0197919645986154,0.2871579189634,1,1,0.108100580674809,0.362979597263667,1,1,-0.19671222533751,0.416584333790348,1,1,-0.132006000027922,0.479737783873948,1,1
"89",-0.522418433134634,0.388928788954332,17,1,1,0.01236702620826,0.468568689253707,1,1,-0.351802734166071,0.461183166381007,1,1,-1.57066864595116,1.36247628461119,1,1,-0.113112097602738,1.37845460614304,1,1
"90",0.56859882778041,0.417042331857702,13,1,1,1.14445252204873,0.703164724835281,0,1,0.951706280698056,0.589418087540991,1,1,1.38267718165136,0.546852429897699,0,1,0.0614687227553094,0.521850092876038,0,1
"91",-0.319950235555045,0.42845538599511,11,1,1,0.201632824454834,0.239932483518494,1,1,0.0172656613155456,0.335880985083533,1,1,0.182768480410006,0.315990372458505,1,1,-0.442375852490135,0.368913574674134,1,1
"92",0.503414923678079,0.358314439594352,17,1,1,0.164434150082969,0.453608468092852,1,1,0.0952068751369874,0.417861072099371,1,1,0.167873683302235,0.659616890830275,1,1,0.0238767620494848,0.600349827095887,1,1
"93",0.603186346170688,0.474904070330493,1,1,1,0.645924168980753,0.305911843385164,0,0,0.375505799141016,0.542220663623672,1,1,0.798479401502595,0.387862870393086,0,1,0.603186346170688,0.490592396310585,1,1
"94",0.342526540624914,0.349261696458465,19,1,1,0.0310804367465122,0.424091489770778,1,1,-0.104623294449953,0.319840735696426,1,1,-0.515569703371335,0.571585659477245,1,1,0.117840752785611,0.555075101931622,1,1
"95",0.268322537675748,0.373097027809263,17,1,1,0.1708747932364,0.678944281697079,1,1,0.480469273151769,0.589745009278862,1,1,0.262675072494827,0.42436852318396,1,1,0.140976942213596,0.411633274849488,1,1
"96",0.159841749226718,0.32634240878995,19,1,1,-0.187613547773445,0.753566994357331,1,1,0.385687984554887,0.375960138581144,1,1,0.291751008552964,0.345091449159867,1,1,0.0521939398055468,0.351545597806758,1,1
"97",-0.0249078578127987,0.432636325342934,15,1,1,0.108659517900336,0.402713542500462,1,1,0.132607114627313,0.395330084968331,1,1,0.304584985422088,0.568095691073091,1,1,-0.173027660551277,0.601904034240411,1,1
"98",0.0325727674408502,0.429772674335586,19,1,1,0.322430764638291,1.16540150970704,1,1,0.713873595881161,1.00010419938568,1,1,1.1751352346401,0.484054862549269,0,1,0.332930203698271,0.416182039148284,0,1
"99",-0.0719883481003099,0.451978277091764,13,1,1,-0.160000367538654,0.473341642498039,1,1,-0.807660533040991,0.9555834791811,1,1,-0.197373548514741,0.607672604872103,1,1,0.0853739293406282,0.726661852500411,1,1
"100",0.386956449391141,0.391172556568288,11,1,1,0.498812878878272,0.257816466720062,1,1,0.256689326827602,0.261761028407383,1,1,0.528012308668461,0.425548860943981,0,1,0.00401498105563368,0.362613930858299,1,1
