"","V1","V2","V3","V4","V5","V6","V7","V8","V9","V10","V11","V12","V13","V14","V15","V16","V17","V18","V19","V20","V21"
"1",0.101720916525405,0.299067398530898,17,1,1,0.805285887738997,0.190595370795229,0,0,0.137081461459032,0.298401716071664,1,1,0.379377639341913,0.340155952369076,0,1,0.130587911007563,0.375144157928364,1,1
"2",0.892989337268641,0.304837826992903,7,0,0,1.41754417955149,0.190741071443563,0,0,0.979006889182723,0.266103378183701,0,0,1.39580494698461,0.270353966318416,0,0,0.830660366468309,0.280002366400151,0,0
"3",-0.437783126057832,0.357494741705784,5,1,1,0.607540645460806,0.207355221947218,0,0,-0.273671845136536,0.348035981053105,1,1,0.393709050578647,0.269455062374187,0,1,-0.364964791935367,0.302687791219437,1,1
"4",0.369031524726042,0.348462967898559,7,1,1,1.01795568243848,0.229658614603419,0,0,0.29523646199799,0.386609644480346,1,1,1.12978287643885,0.282474258634335,0,1,0.194414745651693,0.372241640922805,1,1
"5",0.0912090150368097,0.337406689294694,7,1,1,0.760001900748756,0.25910953941422,0,0,0.051622280095666,0.314421938197123,1,1,0.872238804713296,0.337661400994077,0,1,0.195791841459984,0.377476165503869,1,1
"6",-0.102102934520358,0.292356406537153,7,1,1,0.591619695833114,0.198462965468195,0,0,-0.165932011732953,0.285245863159616,1,1,0.80910177071536,0.342729855799183,0,1,-0.138973095792159,0.371715992444168,1,1
"7",0.385490074479789,0.27591113917475,7,1,1,0.872084579706779,0.277736459559808,0,0,0.507845237084445,0.253873486082759,1,0,0.638089185141232,0.259633799127943,0,1,0.330435312805422,0.296049929855154,1,1
"8",0.135957195272809,0.356240883069184,5,1,1,0.913410817477816,0.330181309871078,0,0,0.324129615678428,0.308428905159152,1,1,0.885387484525316,0.283123526947682,0,1,0.150674904819232,0.321917799302652,1,1
"9",0.15474477136867,0.30784440755573,11,1,1,0.843029399045996,0.220209410762072,0,0,0.161178688305134,0.294470376265157,1,1,1.00288885065598,0.328641883430968,0,1,0.226090115167098,0.372659492878786,1,1
"10",-0.0454777834941249,0.349698539862534,3,1,1,0.591814402631212,0.21738732441643,0,0,-0.0589785162340493,0.295410436231917,1,1,0.6311002512398,0.3434312571373,1,1,-0.0286793688829095,0.352828776820026,1,1
"11",-0.164127427003957,0.312418539103247,7,1,1,0.452272660017553,0.209102724826364,0,0,-0.10340026174952,0.306725745727232,1,1,0.449108591400776,0.243867549261054,1,1,-0.0225347431667011,0.317162852069793,1,1
"12",0.0804261074205266,0.267709163899981,19,1,1,0.705431022865664,0.271508653007711,0,0,0.017238114198609,0.295498113310944,1,1,1.0870820674004,0.269061079740697,0,1,-0.0489803190058566,0.296568913315097,1,1
"13",0.217552908605651,0.308121931267557,19,1,1,1.22373039104026,0.314956682569975,0,0,0.477837001853852,0.311224467158008,1,1,0.896241183612887,0.287112543118538,0,1,0.194483625251903,0.314185607136839,1,1
"14",-0.165192915809662,0.27874238377001,15,1,1,0.776810398447967,0.188677690246508,0,0,-0.171603938364909,0.261175471558868,1,1,0.861777828307555,0.293537604210532,0,1,-0.155477666019027,0.312390242193956,1,1
"15",0.125193469389374,0.318336650764276,17,1,1,0.664256561042715,0.273379427861931,0,0,-0.0704682081051867,0.316823146846461,1,1,0.913962726998619,0.304532299815283,0,1,-0.0338635862549879,0.322573581459534,1,1
"16",0.0930185247414598,0.270207138127155,17,1,1,0.685546976498972,0.218683639744295,0,0,0.101773001391032,0.26348479443265,1,1,0.632785210295194,0.259126913526157,0,1,0.0695121688654264,0.282218264826961,1,1
"17",-0.121949859991115,0.359972121199365,19,1,1,0.622256069578826,0.253382111209182,0,0,0.0373814097661045,0.377741507576239,1,1,0.472221606568539,0.41770465773791,1,1,0.177841269369509,0.40023991562746,1,1
"18",0.0431517775910314,0.274764134967209,3,1,1,0.93381488382635,0.182423776106619,0,0,0.146871101865473,0.270635402163594,1,1,0.896191146481488,0.223719590780331,0,1,0.191751118520439,0.310142027431194,1,1
"19",-0.163216556695973,0.345588176313641,7,1,1,0.703021876713805,0.253982806772658,0,0,-0.144956050540693,0.345950445884136,1,1,0.927227505172699,0.3332209233504,0,1,-0.288805006531183,0.362409434299162,1,1
"20",0.32376603419386,0.312238493002865,11,1,1,0.53659081454471,0.259451611308601,0,0,0.281369674535606,0.30760575085736,1,1,0.616964272584345,0.252394817984544,0,1,0.225536287449586,0.294157952264923,1,1
"21",0.0223430111089734,0.313362133414258,19,1,1,0.699130477015386,0.241174669029514,0,0,0.037475234924999,0.311897340992792,1,1,0.701029933512461,0.341755316986726,0,1,0.0499097213251882,0.360220364679518,1,1
"22",-0.607092859130154,0.297388414300249,19,1,0,0.0801540260993292,0.258527037111895,1,1,-0.630550034253598,0.260880755769953,0,0,0.0628794804650004,0.280572010169775,1,0,-0.513825802225098,0.325690549273596,0,1
"23",0.357790646224438,0.304956092327536,13,1,1,1.08739876299831,0.347825636282033,0,0,0.532355786118577,0.384223317093175,1,1,0.748732808486895,0.341007359023456,0,1,0.373670726947735,0.389503618949934,1,1
"24",0.456781581602454,0.316359851898514,15,1,1,0.95118674736394,0.199951911869991,0,0,0.39437001479922,0.32088544284236,1,1,1.05442916129546,0.343395697663325,0,1,0.474876450091075,0.344620564808629,1,1
"25",-0.15090691193788,0.305290914799315,7,1,1,0.388198658581834,0.215339659786188,0,1,-0.203389291315808,0.255010125135883,1,1,0.246918688022821,0.280155660106664,1,1,-0.197149417949608,0.30254639297537,1,1
"26",0.124215810375671,0.253571124596247,19,1,1,0.829122792011664,0.23692902871797,0,0,0.152802903097852,0.280833984433138,1,1,0.770823414422879,0.25021027639352,0,1,0.307044099066261,0.317657864571109,1,1
"27",0.107104364753869,0.270886448390755,11,1,1,0.708158242654531,0.207844183719507,0,0,0.166663179865548,0.29299304679809,1,1,0.676246521141779,0.267360709553446,0,1,0.103932296203866,0.272937134327305,1,1
"28",-0.264597249513207,0.362600408430156,3,1,1,0.334684785642461,0.29541800158451,1,1,-0.134696289638443,0.326629049903737,1,1,0.134364244988166,0.299794200803607,1,1,0.00660709680075983,0.330394136523561,1,1
"29",0.211625792031239,0.32454596573181,11,1,1,0.766342210058464,0.231080538068988,0,0,0.229816401747323,0.332049162187538,1,1,1.03717898934468,0.423493909802762,0,1,0.210890121013019,0.413871189059004,1,1
"30",-0.317507855662964,0.324430810650138,7,1,1,0.470667816291719,0.197885603665398,0,0,-0.304809980335635,0.302955392385405,1,1,0.28576511935078,0.32610059295746,1,1,-0.411991373995223,0.338800715822441,1,1
"31",0.185248337475301,0.292239097519668,19,1,1,0.727920140491439,0.26101785148658,0,0,0.183390801534595,0.307147963253211,1,1,0.802682070178304,0.279105231055596,0,1,0.157602666204379,0.320516266650821,1,1
"32",-0.569343441103166,0.353310653841293,1,1,1,0.310534526055131,0.219454033128526,1,1,-0.659842587825015,0.292806165510713,0,0,0.450493596862798,0.255307253474845,1,0,-0.569343441103166,0.329454002755679,0,1
"33",0.390627125693003,0.33564387503138,11,1,1,0.734689001362465,0.264635299927609,0,0,0.512257291628762,0.352505255525827,1,1,0.52957516124734,0.299319959820829,0,1,0.321083732555531,0.352616501317058,1,1
"34",0.24535949581344,0.32836427261016,13,1,1,0.795509741351808,0.21298557437349,0,0,0.181317668193997,0.303711473753817,1,1,1.12607645794612,0.391165530070895,0,1,0.0914605830003854,0.448922954083125,1,1
"35",-0.284734147065237,0.396325797508124,11,1,1,0.627983816254251,0.239800290970009,0,0,-0.206740095175849,0.268032504225261,1,1,0.482503238552521,0.433374115996815,1,1,-0.232008791676161,0.448936850982079,1,1
"36",0.409351194371983,0.292382720629982,15,1,1,0.92529656102514,0.223814640053742,0,0,0.387060031235439,0.255976309757847,1,1,0.878071825103416,0.257079578307171,0,1,0.235439873797457,0.304660062997112,1,1
"37",-0.0496627756821176,0.331840448409972,15,1,1,0.775567820635115,0.264302613971072,0,0,-0.0333654697634686,0.276557999861359,1,1,1.09042683127735,0.372785459352791,1,1,-0.0757310302468003,0.397597024866516,1,1
"38",0.162560346841296,0.293511100759258,19,1,1,0.83440545569874,0.219077881621956,0,0,0.156144826916026,0.279242860501997,1,1,0.943891544453323,0.326859478791502,0,1,0.200522182325798,0.355820410757134,1,1
"39",0.212137072284549,0.325988738638518,5,1,1,1.04266164572356,0.204742487533955,0,0,0.232546590748119,0.272954854932718,1,1,0.493807520885536,0.356618042116112,0,1,0.0617027831781744,0.38994202803818,1,1
"40",0.00121201740745502,0.301086765480301,9,1,1,0.898434365894499,0.225594754850323,0,0,0.00322834743197991,0.296196748067472,1,1,1.16070366899945,0.410995312084552,0,1,-0.0415254744359662,0.380201201840762,1,1
"41",0.306814403062872,0.312986043826483,5,1,1,0.692534105303234,0.208986637585108,0,0,0.22773395543714,0.277677511714566,1,1,0.629829679677389,0.300426766443206,0,1,0.204792620749029,0.328204435196147,1,1
"42",-0.591744928477311,0.24935504299259,11,0,0,0.395875367227708,0.21744307044813,1,1,-0.579407757997118,0.2704621066526,1,0,0.240690398343593,0.223611855327998,1,0,-0.530053261061022,0.294442743277189,1,1
"43",0.208232154583667,0.313652769088437,7,1,1,0.547121842178602,0.19415550755765,0,0,0.0991505492125505,0.304754401929364,1,1,0.294777665811599,0.42142254845175,1,1,0.145521276916358,0.403258542378081,1,1
"44",-0.375090561551532,0.299801381938639,17,1,1,0.276661968350523,0.21062630767618,1,1,-0.547811592814717,0.258260114074451,0,0,0.341533510630203,0.252127031212755,1,0,-0.357526635864576,0.279018172683978,0,1
"45",0.607427902861422,0.32905922811347,17,1,1,0.722476927724488,0.241285756460566,0,0,0.347031624612472,0.32600130581507,1,1,0.492710513707536,0.321205499362873,0,1,0.470128945925838,0.39126975478737,1,1
"46",0.461289353487793,0.334820872647086,15,1,1,1.09999201629481,0.195343274715964,0,0,0.41494323718503,0.273943197199941,1,1,1.1703948449043,0.281363956089663,0,1,0.178888154691939,0.315609363579356,1,1
"47",-0.460797690130002,0.296240583054719,19,1,1,0.429298007913126,0.217783163106302,0,0,-0.430624294883053,0.281852982128829,1,1,0.0389935550444462,0.265243715226676,1,1,-0.270353030665476,0.276258608537701,1,1
"48",0.0777406170038795,0.300959595798253,13,1,1,0.886263830016002,0.197198129444701,0,0,0.0396783804201791,0.313089114374508,1,1,0.743968274455862,0.291364687319707,0,1,-0.134761210489807,0.323169190688105,1,1
"49",-0.284714413676947,0.313524510142705,17,1,1,0.94884339508652,0.36575216311065,0,0,0.146296279275806,0.397289773128673,1,1,0.542267140129685,0.303809405021131,1,1,-0.177228115893846,0.323667589492903,1,1
"50",0.0348760984312031,0.285734765150841,17,1,1,0.658113722586172,0.214510645248588,0,0,-0.0413736245315856,0.262801660337258,1,1,0.707482100751655,0.266892100812496,0,1,0.0105372976377321,0.325452584968392,1,1
"51",0.431524410111006,0.319083926550518,5,1,1,0.942268370079421,0.230574230378649,0,0,0.394365589508761,0.311734574205006,1,1,0.824348501968037,0.309649534454963,0,1,0.355667477684535,0.335546477056912,1,1
"52",0.228278759948049,0.269552129014865,11,1,1,0.898248458721011,0.184876806590099,0,0,0.297061735487642,0.257872821115277,1,1,0.852014781700722,0.245313053867889,0,1,0.304629741358705,0.295010099681058,1,1
"53",-0.305901383255148,0.343730302337115,9,1,1,0.74675242070122,0.262537439292174,0,0,-0.273650742178699,0.320168322881818,1,1,1.04601014657534,0.406438807878438,0,1,-0.377463856339155,0.488533824865693,1,1
"54",0.13133599359312,0.304724652016794,9,1,1,0.717402391592816,0.248905061169195,0,0,0.127789594424595,0.256747965594926,1,1,0.773118675228823,0.265353221142203,0,1,0.0534153981798964,0.280048690778518,1,1
"55",-0.145449325496131,0.286531035620449,11,1,1,0.470005008921897,0.225429427015581,0,0,-0.189078513725394,0.294474963661114,1,1,0.289774708783026,0.279126840904713,1,1,-0.278303937757544,0.27267150456687,1,1
"56",-0.133596348699633,0.288058998266705,15,1,1,0.595590642537797,0.198623958045441,0,0,-0.139207961065906,0.301790210840066,1,1,0.25834028618151,0.264678902368486,1,1,-0.138845372562314,0.325942825136026,1,1
"57",-0.248347988353293,0.293255626703828,9,1,1,0.33594513687973,0.23893027058748,1,1,-0.272898112265506,0.303122970004888,1,1,0.391062217587716,0.258370851311022,1,1,-0.160966250710812,0.358283690927626,1,1
"58",-0.22551551532712,0.353451562419378,3,1,1,0.330572359149335,0.262115796504243,1,1,-0.206255376557004,0.246147050031088,1,1,0.400080110516714,0.297421773284913,1,1,-0.025192628128382,0.31860588856394,1,1
"59",0.185321340549916,0.294004753642958,17,1,1,1.00993309193957,0.229301051922235,0,0,0.204697024297772,0.338856445749085,1,1,0.885783180225434,0.29833207578836,0,1,0.0670607244287993,0.351899656464676,1,1
"60",0.0375857238574419,0.277780084743917,17,1,1,0.450620014739312,0.239949363449408,1,1,0.0240959686524635,0.320927481024211,1,1,0.565303981175908,0.261487589045299,1,1,0.147762456785469,0.351589582199905,1,1
"61",-0.112091000944215,0.282832769608634,13,1,1,0.383497466176046,0.200657185596568,1,1,-0.242832690216622,0.320384603066529,1,1,0.765004799694841,0.29127416783127,1,1,0.0449263117488984,0.37267318353212,1,1
"62",-0.380333260568699,0.255974930608826,19,1,1,0.584403468009634,0.186253239149708,0,0,-0.401308745651918,0.27786641787698,1,1,0.726623739359661,0.245433546254922,0,1,-0.35915456387924,0.289061857133348,1,1
"63",-0.0286623409784355,0.285600148012223,5,1,1,0.693364754155181,0.230041692374809,0,0,-0.0312586366071212,0.297100046544003,1,1,0.810692179575474,0.318159328035237,0,1,-0.0196325277904472,0.384997273110486,1,1
"64",-0.0501684774852551,0.319964166224706,9,1,1,0.830638980908637,0.240840034764074,0,0,0.112511614644844,0.346973418170515,1,1,0.695591647905799,0.298396758243427,0,1,-0.0137463028200547,0.385897386732758,1,1
"65",-0.11719470045827,0.263183969768319,19,1,1,0.8877886652046,0.232451082511497,0,0,-0.00997211558595834,0.297871348517765,1,1,1.07628004208078,0.30592369909244,0,1,-0.0271033041727627,0.352768965436758,1,1
"66",-0.50164153618573,0.27993382696128,13,1,1,0.327472647364638,0.296917598770738,1,1,-0.575788179467461,0.315996289912399,1,1,0.199726743007227,0.289426633476024,1,0,-0.453840518537173,0.311877301539325,1,1
"67",0.012245573443634,0.264688639315088,19,1,1,0.74410413391504,0.227043159647508,0,0,0.0442067838808343,0.262220489525261,1,1,0.705685942186793,0.307362569045003,0,1,0.0498371791844226,0.338481389713793,1,1
"68",0.271197231933981,0.316505006474219,11,1,1,0.874953201951251,0.186977718599755,0,0,0.184423533333179,0.263085123789615,1,1,0.953961951861767,0.278260306249954,0,1,0.125402698575547,0.312774887220744,1,1
"69",0.424588216658108,0.269273407647284,19,1,1,0.95148315983029,0.22370028337551,0,0,0.464187265208154,0.249261874487201,1,1,0.861989982272556,0.259255460668921,0,1,0.386608525921258,0.31352244507236,1,1
"70",-0.398065682738286,0.310029978662185,13,1,1,0.551988123359459,0.273468932031503,0,0,-0.196645876556237,0.346789788261397,1,1,0.480182940865762,0.301229716187734,1,1,-0.315056384391922,0.338552537350811,1,1
"71",0.0395535827237542,0.333403803645165,9,1,1,0.975190706611569,0.248995827103567,0,0,0.364554432623226,0.343087073712104,1,1,0.744670762096006,0.284807178558333,0,1,-0.00399649613015041,0.375685148312502,1,1
"72",-0.198223243257111,0.308124931091565,5,1,1,0.719828169411957,0.227995215870398,0,0,-0.193209901766888,0.305791031926133,1,1,0.816329694000802,0.29995422594045,0,1,-0.27987732298029,0.372022441605931,1,1
"73",-0.332764616461753,0.28931607043425,7,1,1,0.402182349450874,0.246998900569785,1,1,-0.316275115408285,0.323864428254716,1,1,0.484569204932605,0.305180029088589,1,1,-0.374471020695938,0.348005613421265,1,1
"74",-0.75991551452269,0.393102024236609,3,1,1,0.275534278186552,0.20252192040026,1,1,-0.496060660598334,0.299021024560386,1,1,-0.252623010270959,0.347413645102822,1,1,-0.594048905298081,0.371806691129784,1,1
"75",-0.265959854305124,0.306961411423859,19,1,1,0.446407706255035,0.195467742636269,0,0,-0.266784728734028,0.31084097456994,1,1,0.0981365989176229,0.377817316588306,1,1,-0.242590031052428,0.427513944114494,1,1
"76",-0.0630810749577652,0.349391612042443,19,1,1,0.906483921754158,0.256988464195515,0,0,0.115870703940575,0.288984448748904,1,1,0.978671104889547,0.380295855184976,0,1,0.00330584481116741,0.376833308863277,1,1
"77",0.271011469793816,0.302695567697921,13,1,1,0.959542649581443,0.176754744815783,0,0,0.289500483676238,0.279120110878598,1,1,0.86069552125116,0.250342682285332,0,1,0.291264846030158,0.300566682821071,1,1
"78",0.286794268557886,0.306479973959949,7,1,1,0.851245609635671,0.21779997091581,0,0,0.302399417539972,0.276108902260513,1,1,0.574233623179704,0.241542047742891,0,1,0.369506244936548,0.295309458435518,1,1
"79",-0.337465678134605,0.320677658260666,19,1,1,0.539752143940974,0.250537503087224,0,0,-0.225085709209964,0.293241714372246,1,1,0.748920580176495,0.247714864479493,0,1,-0.230700861020472,0.328550271840721,1,1
"80",0.100738046166133,0.332044057148803,9,1,1,0.777948011619209,0.229476318853531,0,0,0.16178425145384,0.304924660594186,1,1,0.679846634649974,0.31674960017073,0,1,0.0863091803501952,0.291042662965014,1,1
"81",0.525285394905509,0.322613854556159,17,1,1,1.01080316963553,0.206092515419403,0,0,0.518784740323144,0.317448763569553,1,1,0.898386503089754,0.26798080606776,0,1,0.33673308348868,0.313163169315235,1,1
"82",-0.125165538133805,0.327525951348182,3,1,1,0.665895728952593,0.218778194312734,0,0,-0.0139079808603505,0.30655544941965,1,1,0.765195597055893,0.279125422495062,0,1,-0.0107171271900464,0.329355234690999,1,1
"83",-0.0561256508535932,0.256724236863348,11,1,1,0.896472903892842,0.223079312941176,0,0,0.0136536872264727,0.277007450017244,1,1,0.951220181856304,0.225444577716699,0,1,-0.00398941191380195,0.273920791358064,1,1
"84",0.421797140123498,0.315666152046289,9,1,1,1.14397477702322,0.241300913690662,0,0,0.421978044083041,0.348316109937577,1,1,1.20487193179093,0.299551626180406,0,1,0.320080325923448,0.34426043846796,1,1
"85",-0.408363189034721,0.293614004968209,1,1,1,0.405213956123087,0.243204890281261,0,1,-0.264248085597507,0.234069636492886,1,1,0.29058805810643,0.261527902633425,1,1,-0.408363189034721,0.305254126530479,1,1
"86",0.155044792119559,0.292774475903817,5,1,1,0.856924046240087,0.211908505492551,0,0,0.134377017332618,0.27613706004626,1,1,0.468753996768744,0.340818239904269,0,1,-0.0160704227221712,0.333482386331629,1,1
"87",-0.469680689312584,0.279005970444006,19,1,1,0.127716311538015,0.176817238133,1,1,-0.406823706889397,0.293704462449864,1,1,-0.0642476686360126,0.28688786577785,1,1,-0.521774957910847,0.311376641867696,1,1
"88",-0.239375565850252,0.281058723338934,3,1,1,0.555462412943143,0.371446079654901,1,1,-0.212383908955651,0.392958602753874,1,1,0.831119620940371,0.251430022423826,0,1,-0.0882319724006052,0.3280859188538,1,1
"89",-0.00450217927149768,0.321584304520218,13,1,1,0.924979970979963,0.295174995459947,0,0,0.12242407253383,0.321691965968216,1,1,0.542188583444815,0.280373443581259,0,1,-0.0791104103464115,0.323114029843303,1,1
"90",-0.227878335253719,0.273218360403695,3,1,1,0.56558253935187,0.255451342620291,0,0,-0.102648491764319,0.320829020043062,1,1,0.460824401051454,0.298506955707723,1,1,-0.166235354234028,0.393193515850905,1,1
"91",0.144637901793628,0.287377558126578,17,1,1,0.636751568715225,0.250163192426961,0,0,0.102465183427812,0.256718277752782,1,1,0.884483432326537,0.295607181765403,0,1,0.152427902436851,0.342760039632984,1,1
"92",0.342868326732734,0.28675715851372,9,1,1,0.944920109827052,0.216169778260662,0,0,0.352158984958976,0.262835159198279,1,1,1.08481909890347,0.260213842140345,0,1,0.453904795582526,0.304697063556343,1,1
"93",-0.371267884809421,0.259033442881721,15,1,1,0.409065290849633,0.212511905453487,0,1,-0.294802905901365,0.26491785534095,1,1,0.539638430644292,0.284560236782647,1,1,-0.179221626248233,0.325645292846262,1,1
"94",-0.044818367430547,0.327325526476604,11,1,1,0.684338224671444,0.202711760099403,0,0,-0.0197890071046035,0.356441884855892,1,1,0.933189489235619,0.35245821396022,1,1,-0.0418499654379904,0.393363791424434,1,1
"95",0.119746560942576,0.258857375084864,11,1,1,0.397994867715612,0.216551097424175,0,1,0.0355328475753847,0.270730031630196,1,1,0.176617067857929,0.297018262471718,1,1,0.109602132014033,0.325233765333662,1,1
"96",-0.149593563150196,0.284512963010939,17,1,1,1.08818707348181,0.509636947201207,0,0,0.30939664579194,0.475342314941853,1,1,0.563293566861216,0.329744667697696,0,1,0.00102577142681596,0.325184636031196,1,1
"97",0.147630219434772,0.346349411358262,5,1,1,0.518491891309202,0.260797022976503,0,0,0.1764806705993,0.309375739870258,1,1,0.500867466258746,0.356187704128224,1,1,0.0919413184288903,0.322688689102757,1,1
"98",0.312216239637046,0.269295237406722,13,1,1,1.12272385114436,0.20948057654858,0,0,0.34288065169918,0.288464117519848,1,1,1.14719750360923,0.262650697529036,0,1,0.188530672973579,0.316995677097686,1,1
"99",-0.463602491349235,0.32581286966635,11,1,1,0.5292882824051,0.228660341793396,0,0,-0.341566707016985,0.317440763024048,1,1,0.806085915631053,0.342368712155474,1,1,-0.330456029854431,0.381319060503006,1,1
"100",-0.0980117559537512,0.289784653336204,5,1,1,0.663690337207788,0.216874585503735,0,0,-0.00914730502127294,0.268820162288019,1,1,0.491962388663665,0.251866373143264,0,1,-0.0247263485780407,0.298933457849318,1,1
