"","V1","V2","V3","V4","V5","V6","V7","V8","V9","V10","V11","V12","V13","V14","V15","V16","V17","V18","V19","V20","V21"
"1",0.0892368524477933,0.216668935080708,5,1,1,0.121541759525284,0.190261772855514,1,1,0.111245719164787,0.202186247403208,1,1,0.275759369633323,0.247192109300709,1,1,0.144260614942477,0.259601812885566,1,1
"2",0.19817851026452,0.221247598055634,13,1,1,0.163141098787441,0.193907215376279,1,1,0.174536602587808,0.226963381612395,1,1,0.0806603975293518,0.262891052217819,1,1,0.141238504266176,0.236417251247185,1,1
"3",0.355706619040748,0.233739074966602,5,0,1,0.362992289600907,0.197935079935947,0,1,0.368035987915838,0.193598157337085,0,1,0.443052137597987,0.233328629989543,1,1,0.395582605255576,0.216990451230812,0,1
"4",0.119701275822724,0.201137395637774,19,1,1,0.179209167518518,0.200532088352028,1,1,0.170249236979808,0.187469831240888,1,1,0.277023610785269,0.203267432577197,1,1,0.149441023571907,0.263938858160237,1,1
"5",0.0930085847759622,0.194970568294425,19,1,1,0.123411357549705,0.183236861030667,1,1,0.115778784234528,0.176429094009983,1,1,0.113813871097643,0.21716939862605,1,1,0.0928949802766708,0.229350471794469,1,1
"6",0.0384469375208845,0.24494694290189,17,1,1,0.114445367011255,0.196130815738025,1,1,0.0973898570776194,0.194549554172745,1,1,0.112167749231898,0.21215493489427,1,1,0.0653631434709722,0.239900002444919,1,1
"7",0.286722908058351,0.22706985314526,11,1,1,0.280733967889017,0.224511463538319,1,1,0.283159339906891,0.215316495808321,1,1,0.163307964622247,0.217647102106876,1,1,0.26709328588229,0.233026260573974,1,1
"8",0.532150499871266,0.224587167546701,19,0,0,0.495800274294637,0.224235165754331,0,0,0.497322608458033,0.206680303929041,0,0,0.320398346939679,0.229606843986282,0,0,0.467268424116618,0.261521861962958,1,1
"9",0.199262411233388,0.196546102005763,7,1,1,0.170703343608668,0.193694836324054,1,1,0.17729754664748,0.197758958204133,1,1,0.00445496343113916,0.192978088844075,1,1,0.139423217951168,0.210012185676574,1,1
"10",0.319594563558098,0.207620575512407,9,1,1,0.317598935258908,0.220420200044019,1,1,0.308881573642649,0.172613096112021,1,1,0.302040928259789,0.184987446537546,0,1,0.325436859020023,0.221972402098871,1,1
"11",0.512685676180396,0.243794545388784,1,1,0,0.439294074428985,0.190289384935113,0,0,0.451662552576341,0.182727302676107,0,0,0.518682679527048,0.223155319496174,0,0,0.512685676180396,0.247873233950555,0,0
"12",0.141955252443438,0.204507328965332,19,1,1,0.170101604523214,0.19977300598153,1,1,0.163709992544824,0.2101151746601,1,1,0.207653892104525,0.251353892827269,1,1,0.159182770108453,0.229648071537524,1,1
"13",0.573712308087022,0.22783453731372,9,0,0,0.54615151056317,0.224261982980873,0,0,0.533772850134948,0.213082360714374,0,0,0.676449578463654,0.241553289197831,0,0,0.562104477891536,0.235959823170947,0,0
"14",0.507167851927958,0.232608825173623,1,0,0,0.5240585784023,0.199405718097264,0,0,0.536767659123341,0.191779926991492,0,0,0.48154309378785,0.215391301068402,0,0,0.507167851927958,0.265155110049442,1,1
"15",0.213130880371265,0.218728020868589,15,1,1,0.192976312379639,0.206872704848204,1,1,0.191131152707495,0.205362301923846,1,1,-0.0159650679992347,0.29148952335109,1,1,0.21520464233899,0.230769492014419,1,1
"16",0.243459717209326,0.222107499253075,7,1,1,0.319767588924951,0.207183968009933,1,1,0.321370029845763,0.176707280669843,1,1,0.188836198362228,0.220369384232945,1,1,0.217532889458643,0.231801524211224,1,1
"17",0.416389023766391,0.216304904916413,11,1,1,0.454845058929839,0.195337723080316,0,0,0.448349226151583,0.204085905213689,0,0,0.360962420282882,0.260522621531461,1,1,0.381849786727688,0.258825986404183,1,1
"18",0.159855162734509,0.206094666081247,13,1,1,0.0772715701977571,0.184703168507819,1,1,0.0865064259970195,0.198306430783386,1,1,0.000275631034717075,0.209271478218511,1,1,0.125982760917401,0.254082065811918,1,1
"19",0.620606675208744,0.181083880719143,19,0,0,0.579276195309245,0.210011546388691,0,0,0.618696338591682,0.189468176922004,0,0,0.320123784473925,0.251644000544597,0,0,0.573643563141934,0.223744121027644,0,0
"20",-0.257448050777198,0.229115623775535,15,1,1,-0.11071773446134,0.193019879975455,1,1,-0.132627689909344,0.22754789046151,1,1,-0.59601641526417,0.259007330712513,1,1,-0.122853469033075,0.253817885141987,1,1
"21",0.267439430987009,0.20173859877144,5,1,1,0.366311720600706,0.188013934376096,0,1,0.348408045243915,0.203195897305311,1,1,0.624493641307336,0.264932579431534,1,1,0.352827945758177,0.243979543629148,1,1
"22",0.555198583820917,0.210389252194199,13,0,0,0.62759952584993,0.200130562531802,0,0,0.629548457113732,0.201370140383689,0,0,0.82440800233474,0.253408571394629,0,0,0.598025031193406,0.226070806757915,0,0
"23",-0.17298863654602,0.231891948012486,1,1,1,-0.0662822908005721,0.226476984847267,1,1,-0.0993337175378656,0.201920257212399,1,1,-0.189115302479264,0.225891800468562,1,1,-0.17298863654602,0.240133763741092,1,1
"24",0.569658156748542,0.206145823878275,3,0,0,0.428456893508201,0.192500808399216,0,0,0.415566913891598,0.170255062841583,0,0,0.527350095337092,0.233205601304346,0,1,0.460132153511028,0.216384762260931,0,0
"25",0.21733201212869,0.206654697703331,13,1,1,0.182101568485691,0.213645641592132,1,1,0.185923436834509,0.1785871050189,1,1,0.109967490961613,0.243938836276642,1,1,0.17335295295062,0.218117108012226,1,1
"26",0.0195830286681776,0.21316138009604,19,1,1,-0.0258979433213879,0.21069497761027,1,1,-0.0237486231342061,0.208008309157596,1,1,-0.126316074486613,0.235043861028269,1,1,-0.00951519692809321,0.218494075880071,1,1
"27",0.133320962493889,0.231959372528546,7,1,1,0.204502284876318,0.210136282193189,1,1,0.211396227466437,0.224794817270084,1,1,0.231689227307956,0.230490418450107,1,1,0.210733257488752,0.251571614010195,1,1
"28",0.203638226651905,0.22783966759325,9,1,1,0.2700137725945,0.202836193591767,1,1,0.246659341184549,0.209428083512569,1,1,0.0348862189815744,0.250640617298728,1,1,0.224926896721267,0.279841665370837,1,1
"29",0.0034509473708041,0.22273070550672,17,1,1,0.0156679684193729,0.199392654712295,1,1,0.0291170278707295,0.185948774919132,1,1,0.0574881969284473,0.243067998675328,1,1,0.0606936162186245,0.201276025550197,1,1
"30",0.303249718490242,0.208894995970599,15,1,1,0.274550475376421,0.176723426091419,1,1,0.254333149921175,0.178572431238602,1,1,0.12322662057718,0.22521674094469,1,1,0.276426000638174,0.229572957792669,1,1
"31",0.1476488055849,0.201416945786461,15,1,1,0.174422810466038,0.195516287463792,1,1,0.15835620183634,0.19553436321797,1,1,0.180146535985109,0.217821554559112,1,1,0.172514318013561,0.242226375585255,1,1
"32",0.14338884100972,0.191870248064226,11,1,1,0.131340761684207,0.227271997291234,1,1,0.128110512293728,0.195950859213559,1,1,-0.0331638421770263,0.24781362267205,1,1,0.150409918289248,0.213830476598481,1,1
"33",0.530593747496389,0.238993800549909,3,1,0,0.414433693090592,0.216326865544504,1,1,0.408811147474808,0.19880856482477,1,0,0.568756364039743,0.246413197247663,1,1,0.474039333888638,0.216320988330081,0,0
"34",0.221890605115539,0.213235264933872,15,1,1,0.243545839095911,0.210763340808333,1,1,0.266865839838056,0.2251064117205,1,1,0.352128798314815,0.260675535654648,1,1,0.28483249518197,0.269536672668513,1,1
"35",0.48958142763353,0.208285653596278,15,0,0,0.512171710888476,0.193805040514662,0,0,0.519013120724358,0.203970320397925,0,0,0.413807881411324,0.234637741707743,0,0,0.519611534206462,0.224159392065736,1,0
"36",0.127731876708632,0.187315942667889,19,1,1,0.171491769068274,0.178670079001115,1,1,0.158678470023018,0.186548329800881,1,1,-0.01182085647026,0.214930003056464,1,1,0.169472283048504,0.225239110060212,1,1
"37",0.3002391822802,0.202860123135114,19,1,1,0.330501910472789,0.20126227130375,1,1,0.325146561306961,0.18638869662299,1,1,0.419539187480405,0.205744118001191,1,1,0.317433946542755,0.220910735804324,1,1
"38",0.251813772335129,0.227229436631008,15,1,1,0.255698290746913,0.198455263606393,1,1,0.237310794513452,0.218968051921788,1,1,0.086411904556346,0.240301384983492,1,1,0.243752207431111,0.250915277413816,1,1
"39",0.0868910529685795,0.209887691944822,17,1,1,0.0667714671637951,0.21176487583587,1,1,0.081614044572153,0.213568120403954,1,1,0.262385751602231,0.23296096380583,1,1,0.0540243942544477,0.248299116834626,1,1
"40",0.19437395622453,0.20421854055146,11,1,1,0.27560071499239,0.199434944939071,1,1,0.260623929497513,0.199995423895033,1,1,0.182626618608448,0.225682594304843,1,1,0.252266886525648,0.24245475347449,1,1
"41",0.103738604042858,0.198014648758532,7,1,1,0.0561324923191647,0.216122484734997,1,1,0.0569363068369437,0.239929338859956,1,1,-0.0843549993981988,0.205758949246336,1,1,0.0631965574292443,0.245241977495506,1,1
"42",0.408987692317314,0.200812088065179,9,1,0,0.392722048791851,0.178885734884744,0,0,0.365487342128342,0.191216723825721,1,1,0.571250392516464,0.222854318319595,1,1,0.334559887641067,0.23480734567068,1,1
"43",0.32562199753759,0.186752476811656,3,1,1,0.273320784391603,0.199495749426079,1,1,0.248619989892098,0.190805242417285,1,1,0.219057462577774,0.217987584276739,1,1,0.220653703127749,0.2064574323324,1,1
"44",0.332867486016694,0.209813485977058,3,1,1,0.305963255989336,0.199758165420065,1,1,0.309822867260864,0.215763405595297,1,1,0.33399835020837,0.22640174687621,1,1,0.277327935185703,0.237674414681061,1,1
"45",-0.00813540583375128,0.197469407189767,17,1,1,0.0436981003305527,0.226023981291922,1,1,0.0529644370548248,0.214356151855061,1,1,0.0830915083866301,0.25619904255501,1,1,0.0410125636101391,0.2548908568061,1,1
"46",0.350997939758772,0.206917724782034,15,1,1,0.337515047974288,0.199235820274006,0,1,0.338003280333313,0.18107415209473,1,1,0.388916217813474,0.196938772292585,1,1,0.352133224571945,0.241402537705017,1,1
"47",0.339558677764708,0.218093375165243,7,1,1,0.32355987329098,0.201369827813017,0,1,0.297308137017234,0.204195111082327,1,1,0.174696288525104,0.260366662179777,1,1,0.300839911116793,0.274038453617526,1,1
"48",0.452826034279354,0.197678942975581,15,0,0,0.448983428888927,0.181078166858601,0,0,0.434440258264542,0.192260392583061,0,0,0.47755938492693,0.240181114471894,1,1,0.409782164579845,0.274172166601536,1,1
"49",0.658439136147746,0.231541556432384,15,0,0,0.631968505212428,0.212656199055797,0,0,0.633234147973468,0.184696140931896,0,0,0.665179897482777,0.238210787825682,0,0,0.657712518608728,0.215333111584007,0,0
"50",0.624925782270484,0.193954621850156,7,0,0,0.629016939609707,0.175896420290184,0,0,0.635207265871492,0.224955184032278,0,0,0.656123624423771,0.24011491465275,0,0,0.624434648809206,0.221291252890851,0,0
"51",0.507716523520186,0.241319836802352,3,0,0,0.50568332105373,0.197166570424495,0,0,0.497219131981705,0.203845945525397,0,0,0.538689618927412,0.250350124924406,0,0,0.446307931659193,0.239797421484848,0,1
"52",0.298205049268294,0.210932317708114,5,1,1,0.332703481718553,0.199654956517885,1,1,0.324130067626236,0.169397445472979,1,1,0.310779354776454,0.223545912456767,1,1,0.273196453635529,0.244323468201277,1,1
"53",0.372225706026317,0.214829629783725,15,1,1,0.402385207869956,0.197849283560295,0,0,0.399119263227792,0.213325575665177,0,1,0.519301994547374,0.2006784284512,1,0,0.388076857803443,0.239507538853313,1,1
"54",0.339229240322051,0.21009761090638,5,1,1,0.421453223536683,0.185618733635032,0,0,0.408304170063144,0.198690542742746,0,0,0.416246314911293,0.24439120473892,1,1,0.411145370913519,0.221295217363906,1,1
"55",0.122228821835819,0.224875315422429,9,1,1,0.0466486783018498,0.206130089723217,1,1,0.0368540109822017,0.192272471642336,1,1,0.0509174455079485,0.26138861815268,1,1,0.0296780792922226,0.224551946081518,1,1
"56",0.107617734062201,0.227603916866325,7,1,1,0.0863077556249964,0.182996560588713,1,1,0.100463771735012,0.197734600812428,1,1,0.141471607330188,0.249055323262534,1,1,0.111401410960227,0.24314438740132,1,1
"57",0.184691145401855,0.229133011418417,7,1,1,0.222896393304383,0.171586268622181,1,1,0.242942662705769,0.207425334703993,1,1,0.146184315311101,0.227588233255122,1,1,0.240526306291016,0.236147604784093,1,1
"58",0.0279346662994987,0.206898199523936,13,1,1,0.0659581921703667,0.18305314508758,1,1,0.0829539341423078,0.163367528651192,1,1,-0.0848466852364142,0.235290601241246,1,1,0.11773971016418,0.231583817290703,1,1
"59",0.599861010865382,0.197708241197911,13,0,0,0.687543309581194,0.183359783364238,0,0,0.68714460110648,0.210813081012395,0,0,0.618365215325866,0.251500739192032,0,0,0.709970918447486,0.234462772223407,0,0
"60",0.120166357072436,0.201240964154456,11,1,1,0.14715402512719,0.192632076590596,1,1,0.148188220497413,0.190154053380968,1,1,0.266123054292463,0.222175379207025,1,1,0.181062460290323,0.212175944197015,1,1
"61",0.134914272671831,0.216093279429165,15,1,1,0.157811708307404,0.216119176355823,1,1,0.165279024382681,0.197749006273387,1,1,0.0279240424341224,0.204172457790841,1,1,0.134797034573696,0.223115032941354,1,1
"62",0.38580771042319,0.176022003082538,15,0,0,0.374806148463698,0.182466740973837,0,0,0.37326587723328,0.183502632671436,0,0,0.465261091622299,0.20492557672148,1,1,0.331647833789179,0.244478577467896,1,1
"63",0.415997181502877,0.231180682726862,17,1,1,0.400043552005754,0.208543815691892,1,1,0.40099959796599,0.228898499918703,1,1,0.173071234373296,0.261790120001791,1,1,0.394926662097644,0.242743765514464,1,1
"64",0.0144855864324837,0.179354932526745,9,1,1,0.0913890247436816,0.182840230289708,1,1,0.0866410110104376,0.182097708957684,1,1,-0.028279155658911,0.249503517063167,1,1,0.0867205791931319,0.224743671092763,1,1
"65",0.223982120308564,0.226316478799203,5,1,1,0.299760263455966,0.185313281321791,1,1,0.312018174922194,0.210209129453187,1,1,0.228233308713224,0.229493756109475,1,1,0.288150255522654,0.222696916124976,1,1
"66",0.447305235091026,0.210441782938348,15,1,0,0.386339792156275,0.203606539471471,1,1,0.388911788752819,0.207584844918681,0,1,0.48508416777014,0.244839913201887,1,1,0.412971188313382,0.22057144111653,1,1
"67",-0.0176962552894055,0.198436605168607,5,1,1,0.0333987055762103,0.189889324221744,1,1,0.0375528399379119,0.197007280595237,1,1,0.0235342392678462,0.221574480063625,1,1,0.0546980125824716,0.262758836699913,1,1
"68",0.00807959359886043,0.194664884810564,17,1,1,0.015874132175373,0.162599123357068,1,1,0.0340109563953116,0.204019217561493,1,1,0.0144479217866317,0.26164145921596,1,1,0.0548410392565463,0.255038754777387,1,1
"69",0.496058845085753,0.203789431000072,17,0,0,0.366031746265156,0.20901454235739,1,1,0.374431504692023,0.19297791071606,0,1,0.358785736710868,0.207267441644213,0,1,0.389137424411149,0.192406160617465,0,0
"70",0.053496839704294,0.210982519953406,19,1,1,0.0579394295806843,0.192467056456357,1,1,0.0732187929220515,0.211154469859587,1,1,0.222768127706228,0.229267404082599,1,1,0.128713804231697,0.232300794584536,1,1
"71",0.498452911166025,0.233388142851437,13,0,0,0.509078838955342,0.17976504691824,0,0,0.50817356210206,0.206865000451182,1,0,0.376049721151005,0.24227285331513,0,0,0.441633379570465,0.236045858184984,0,1
"72",0.269639234213248,0.219821628452411,19,1,1,0.323525890627835,0.221895393603156,1,1,0.33034369495485,0.215888150692186,1,1,0.451871520103085,0.232023016415901,1,1,0.270469760464218,0.274330108322463,1,1
"73",0.540405066111294,0.204992878236969,19,0,0,0.510355306959141,0.185984508593685,0,0,0.49417781573008,0.193259031052927,0,0,0.514810408474328,0.208056306858166,0,0,0.521236459754961,0.227271106749393,0,0
"74",0.307649923077142,0.191499914817762,17,1,1,0.282344926650392,0.195838424451005,1,1,0.267584533060975,0.20882271439525,1,1,0.309395433736422,0.216230701030457,1,1,0.278358885280612,0.242369741225928,1,1
"75",-0.0675376311440555,0.207572412090948,15,1,1,0.0482345847231493,0.21920890940089,1,1,0.0250537587225509,0.20040687988366,1,1,-0.0198414880793948,0.310924996615577,1,1,-0.0250078832446366,0.238970638615007,1,1
"76",0.434537327301415,0.224289756179287,3,0,1,0.462615315506934,0.19365595676738,0,0,0.454113992350063,0.165328527859908,0,0,0.396802253294848,0.223107595510412,0,0,0.412229717435228,0.19257918009515,0,0
"77",0.342931601116524,0.209365233382984,15,1,1,0.349221455175418,0.208421317645971,1,1,0.347959879976198,0.176098893831205,1,0,0.446512834389139,0.233985776036504,1,1,0.366054243273017,0.221524015053839,1,1
"78",0.225901429376203,0.210806511939435,15,1,1,0.250647217285229,0.211562248161384,1,1,0.244584554409647,0.205975196806752,1,1,0.189216916517304,0.2756245054822,1,1,0.220647955957456,0.232363657776948,1,1
"79",0.150570496605746,0.184759405990107,19,1,1,0.175028490301405,0.191806999094605,1,1,0.159588560727761,0.168949164624327,1,1,0.147798716227736,0.224159565657497,1,1,0.157595502822874,0.184056347210971,1,1
"80",0.470989448623081,0.262431056858451,5,1,1,0.410097603722298,0.236997091753666,1,1,0.416685278183681,0.244268920529739,1,1,0.390002334738392,0.274783526356734,1,1,0.411718324874324,0.295907639167319,1,1
"81",0.122093686475487,0.232305777394426,11,1,1,0.0858346655428531,0.248694146059279,1,1,0.0575335576139253,0.20735554418115,1,1,0.0385943524353109,0.289115850486099,1,1,0.0323394398008613,0.20513685182199,1,1
"82",0.446014462674299,0.238342030642424,9,1,1,0.353693873651439,0.211421912205779,1,1,0.408540278791269,0.177101557425808,0,0,0.46001823268115,0.225469331464042,1,1,0.420215550857122,0.239851492066779,0,1
"83",0.272290735637254,0.234184558483507,5,1,1,0.14292629107703,0.194869216890822,1,1,0.16605021888961,0.203685133899301,1,1,0.0643541284343082,0.252877673404182,1,1,0.17338971092638,0.276447327767281,1,1
"84",0.342498225649057,0.188480355058815,17,1,1,0.367348638291304,0.19841727054346,0,1,0.375948948943272,0.183382247249795,0,0,0.254232678481489,0.221253613318989,1,1,0.319603973343005,0.248671065054954,1,1
"85",0.590444276654068,0.225761585378585,15,0,0,0.517856033382726,0.163820391494406,0,0,0.563098085919983,0.190501006203081,0,0,0.576838472355373,0.254899633177358,0,0,0.571902202516644,0.218065011744536,0,0
"86",0.468535740033054,0.194861691304782,7,0,0,0.510678811108778,0.217015939536458,0,0,0.517742782423858,0.204869004104183,0,0,0.418332400904149,0.244335459972961,0,0,0.485921513670069,0.281623534443015,1,1
"87",0.389108524678345,0.238613833390881,5,1,1,0.291644523912038,0.244800158952007,1,1,0.289742882212754,0.229560656538757,1,1,0.367243178189239,0.253681145532818,1,1,0.304743588515927,0.270949029063534,1,1
"88",0.25916954674305,0.217387642668985,9,1,1,0.234499614699762,0.218610293068542,1,1,0.24882107602096,0.192174643119808,1,1,0.227825244549374,0.240547365774624,1,1,0.246936641418187,0.250414206051047,1,1
"89",0.195110295189648,0.206204917320156,1,1,1,0.140827088790652,0.1874108632964,1,1,0.128740077996429,0.200120761185771,1,1,0.182068191020294,0.228554907319372,1,1,0.195110295189648,0.226939483734824,1,1
"90",0.90623380500477,0.190389368161731,13,0,0,0.957352176753773,0.193885642151404,0,0,0.953599985501402,0.207086308662438,0,0,1.0284032021435,0.215572192313009,0,0,0.954311817778085,0.206761772851392,0,0
"91",0.211908991197278,0.188278309735396,19,1,1,0.256368591884337,0.178712607391822,1,1,0.252049601962083,0.202267925418779,1,1,0.150010052652132,0.230304566937713,1,1,0.198392050699167,0.227828881887193,1,1
"92",-0.0938218092035274,0.218542070940588,19,1,1,-0.0230862375002313,0.210743451193772,1,1,-0.0233246096508152,0.213921006461952,1,1,0.0151541966012757,0.211436540104029,1,1,-0.03444544090683,0.254477982218935,1,1
"93",0.116847650527122,0.217606332940457,15,1,1,0.155464285293219,0.213915477653493,1,1,0.146850993487401,0.17519611833581,1,1,0.177093506053732,0.261500443797254,1,1,0.140506330872778,0.238176265928329,1,1
"94",0.0102188548689356,0.228986516999812,9,1,1,0.0516952184355397,0.213339234398171,1,1,0.0495973347073839,0.190939235100155,1,1,0.0218231872955964,0.254471078670603,1,1,0.103994277028267,0.253140364257388,1,1
"95",0.317482833442155,0.21069150645352,9,1,1,0.310525746592978,0.200898395334051,1,1,0.322466854893163,0.206046056260843,0,1,0.363178197991964,0.21767747385417,1,1,0.245423483057545,0.228468184430088,1,1
"96",0.314644390776728,0.195081663091491,5,1,1,0.322420855237345,0.196532499756332,1,1,0.326621677161719,0.199226709334929,1,1,0.399139558527819,0.224934167734836,1,1,0.305699268833726,0.223804512200314,1,1
"97",0.304806906729687,0.22828128789144,5,1,1,0.35184018148229,0.212374314249299,1,1,0.373154876559789,0.188807829181618,0,0,0.272525194646358,0.269051328344405,1,1,0.332550920845365,0.290590603685549,1,1
"98",0.87481513058443,0.205969769754779,5,0,0,0.953796819261551,0.195326404046283,0,0,0.97525670350652,0.19042350353884,0,0,0.860774617976022,0.270409667611772,0,0,1.00347725307204,0.235567228330934,0,0
"99",0.264382907569695,0.21595242133042,15,1,1,0.251740866750054,0.198580511077593,1,1,0.266723365103936,0.20028794953075,1,1,0.292859918329979,0.245448091468784,1,1,0.288664643713841,0.245573056246951,1,1
"100",0.529786330081586,0.203020502681898,15,0,0,0.579857210909307,0.189880469210689,0,0,0.594547094927746,0.20474593227812,0,0,0.455304435981024,0.234738393275092,0,0,0.569280115668615,0.237998304947655,0,0
