"","V1","V2","V3","V4","V5","V6","V7","V8","V9","V10","V11","V12","V13","V14","V15","V16","V17","V18","V19","V20","V21"
"1",0.461942553530402,0.275410106023649,15,1,1,0.51088947787589,0.211790747860994,0,0,0.451832915060196,0.24378857948153,1,1,0.0669750325201184,0.400926800260577,1,1,0.361061700243718,0.384224117415392,1,1
"2",0.404408073282102,0.277410409132923,11,1,1,0.441211864881798,0.241148101108923,0,1,0.44656708325413,0.234637579146678,0,1,0.570629974882854,0.268244081266922,1,1,0.444384743806222,0.299137161015809,1,1
"3",0.72040878411351,0.207709421137442,13,0,0,0.828264403172053,0.18624810285235,0,0,0.800857482126573,0.212316366913805,0,0,0.918755177771735,0.263675832644642,0,0,0.812840142651176,0.318248186328071,0,0
"4",0.837909178231989,0.274550944460174,5,0,0,0.793282056112187,0.212262971958978,0,0,0.807001678009246,0.198699969848908,0,0,0.756410622124461,0.245311316377835,0,0,0.761106467419833,0.227518165551894,0,0
"5",0.932712002921138,0.257997453768219,13,0,0,0.471919377341111,0.361686229890111,1,1,0.478002306036534,0.287107344876435,1,1,0.571728416924433,0.325904702095892,0,1,0.756721395821387,0.349349802593557,0,0
"6",0.994095124892926,0.224479258901458,17,0,0,0.953172757791624,0.210013672056348,0,0,0.927337882250714,0.242857498967579,0,0,0.921006267247346,0.289659571618758,0,0,0.81991231703277,0.272373589539926,0,0
"7",0.619636688999038,0.237274978396514,7,0,0,0.675777458922995,0.223814857992646,0,0,0.677764855186694,0.203255795185007,0,0,0.653320349906216,0.235273019186754,0,0,0.605891990093459,0.245149752986429,0,0
"8",0.887372428036062,0.274731698554163,15,0,0,0.765085120376195,0.235455895454438,0,0,0.739140078061458,0.221158846802999,0,0,0.254041561160277,0.363724503524305,1,0,0.617229214604662,0.378510743526607,1,1
"9",1.14164843412961,0.256853823781171,13,0,0,1.02033134217263,0.220677084132548,0,0,1.04827233231459,0.223395279959578,0,0,0.846288423377843,0.351570676455043,0,0,0.897334475475654,0.370785831628617,0,0
"10",0.482728614188747,0.282245512144328,7,0,1,0.624306144102484,0.201520955139297,0,0,0.626194616248058,0.251832131909104,0,0,0.337812154737883,0.340202900838956,1,1,0.626667206933004,0.308127190437413,1,0
"11",0.11874435766288,0.281472410267362,15,1,1,0.235089906708797,0.282600814250358,1,1,0.164609336881093,0.314450301435066,1,1,0.840260339038568,0.461090173324408,1,1,0.169819195643394,0.432898340463035,1,1
"12",0.65354050931589,0.299834702483015,3,0,0,0.754468343002238,0.261940691826165,0,0,0.74557815153824,0.240081605431601,0,0,0.884090956046844,0.355647932845854,0,0,0.719978277802484,0.303602190679017,0,0
"13",0.519348631767014,0.20992950720096,9,0,0,0.574841773612135,0.215843863780152,0,0,0.59192853862618,0.230887514893696,0,0,0.479717836552585,0.245654016059976,0,0,0.381187960491921,0.27039872277769,1,1
"14",0.765014701775429,0.257284996057279,19,0,0,0.650771661020725,0.238656646704936,0,0,0.650249697179789,0.228064713304763,0,0,0.631808682039821,0.305645704684655,0,0,0.614182563070713,0.367542542739909,1,1
"15",0.720227850192209,0.22922942972291,17,0,0,0.737403132974211,0.217045492459732,0,0,0.757116369166584,0.21340055802038,0,0,0.535048131503222,0.288164137492437,0,0,0.657346522713791,0.369571288034495,0,1
"16",1.58535778110293,0.278778544298748,13,0,0,1.5195957184365,0.266267655923597,0,0,1.50229484092708,0.252415037781892,0,0,1.53951778722616,0.343160492954343,0,0,1.48530505028899,0.308501366268255,0,0
"17",0.733989724803795,0.217074822890167,17,0,0,0.792600718887437,0.207565305031017,0,0,0.775317850429769,0.204870157872363,0,0,1.01484755836983,0.349371243237832,0,0,0.779810374020999,0.342294301200183,0,0
"18",0.476504254772169,0.222234628207154,17,0,0,0.672354943819621,0.202336317997814,0,0,0.666029772059606,0.197295717275072,0,0,0.899524511298312,0.280605963417417,0,0,0.772736666236696,0.250749159307402,0,0
"19",0.497228327068813,0.24946081590493,7,1,0,0.548416789812256,0.209411807712571,0,0,0.53191495124259,0.219731747774975,0,0,0.42781207644228,0.273192059641712,1,1,0.552914490592953,0.231330637163495,0,0
"20",0.494553589915632,0.266451607517714,7,1,1,0.634990793917259,0.214390520562012,0,0,0.649180694574728,0.228283517240599,0,0,0.878816300491452,0.363833813187014,1,1,0.707252158879316,0.355775570528251,1,0
"21",0.392287619392688,0.245406225478299,17,0,1,0.490260852433127,0.235701136202204,1,0,0.503785831899724,0.214206819505527,0,0,0.764038043895034,0.28008883647225,1,1,0.462326788000496,0.24751447899952,0,1
"22",0.711966917990693,0.286612587841548,15,0,0,0.96148865221516,0.269695189476155,0,0,0.942746618724743,0.26668969425533,0,0,0.918397562365427,0.355726831281887,0,0,0.702018953234413,0.332403350753222,0,0
"23",0.737520647026788,0.233464258573564,15,0,0,0.754784038910097,0.209349345350584,0,0,0.76201626445277,0.203356941474594,0,0,0.648969842872359,0.240998450872178,0,0,0.654541415046592,0.265222171785555,0,0
"24",0.574258197571623,0.27370883135778,17,1,0,0.552281847749893,0.30087547594012,1,1,0.550353866626977,0.298679988609755,1,1,0.459541681357685,0.383927937529254,1,1,0.632693530446903,0.316941076452237,1,0
"25",0.832593512629581,0.262175073251189,5,0,0,0.733362095316301,0.246440605255244,0,0,0.769418714336047,0.248796985889764,0,0,1.0809480647271,0.307085865410924,0,0,0.72132272781623,0.303962881193516,0,0
"26",0.70739145851642,0.275414512171242,15,0,0,0.730565935996998,0.24731477315931,0,0,0.732187840494433,0.239294232871693,0,0,0.764486218380984,0.30768578468049,0,0,0.660861828728255,0.311533357837824,0,0
"27",0.987981823096279,0.241241437977251,3,0,0,0.989306625060639,0.189079093295472,0,0,0.973222424600473,0.198856441693612,0,0,0.861126886778721,0.253289915402031,0,0,0.902905313371488,0.25530632385173,0,0
"28",1.13099855122445,0.252069382989379,13,0,0,0.985963273813328,0.236163784315676,0,0,1.02541634196863,0.235314079145589,0,0,0.799735457231055,0.26117036124266,0,0,1.08217326246628,0.286124637345602,0,0
"29",0.223436208954385,0.254564936655424,11,1,1,0.0186917836585505,0.212808440808879,1,1,0.0589800986663148,0.214601090156687,1,1,0.266986195206567,0.302366796837885,1,1,0.113587329830784,0.276611499343385,1,1
"30",1.00554786665154,0.335864056783784,13,0,0,0.962782921300815,0.328156115177592,0,0,0.959222807241553,0.295382406333454,0,0,0.801105338273796,0.486661966774477,0,0,0.92108964154366,0.491755061637195,0,1
"31",0.154218387359405,0.275789322101856,11,1,1,0.0625266861564608,0.207914344238343,1,1,0.0747039256152369,0.229361931274393,1,1,-0.278372503542835,0.335890242521762,1,1,0.0848953874692029,0.381054856833149,1,1
"32",0.80261615237253,0.214052604259256,3,0,0,0.81892721371622,0.159604420035767,0,0,0.840434969432923,0.230517066787313,0,0,0.673671780173908,0.248028776285771,0,0,0.785462285082248,0.227643863039156,0,0
"33",0.95120382021579,0.244494987273931,7,0,0,0.856917078399919,0.23341913356044,0,0,0.861834588526885,0.262123100325426,0,0,0.78660920126128,0.275823816977995,0,0,0.982568875415762,0.271419863024379,0,0
"34",0.864122159565794,0.216926865118756,19,0,0,0.8216806870843,0.216046905484524,0,0,0.84343764049318,0.20646083049138,0,0,0.770651176355431,0.286693872010796,0,0,0.755104763687504,0.320580007274269,0,0
"35",0.979932807742516,0.2840147120657,15,0,0,0.987819017084521,0.243751156595828,0,0,1.01963500184998,0.266320008206557,0,0,0.764242261877836,0.296640739015069,0,0,0.830490122789102,0.325193497142596,0,0
"36",0.405496314427425,0.239571093428356,11,0,1,0.337740191608741,0.322470471145859,1,1,0.30818922354416,0.39433309428379,1,1,0.709512610262727,0.292986779701681,1,1,0.512311038208467,0.328972496060322,1,1
"37",1.01112136427359,0.234404622438901,9,0,0,1.00601620866048,0.181648898203864,0,0,1.05185780133329,0.181343430704508,0,0,0.875870034712317,0.256514928099279,0,0,1.02260518396401,0.294102793225285,0,0
"38",0.629958921265091,0.313342523960337,15,0,0,0.583734083813658,0.252908162609176,0,0,0.540411198756347,0.274503024099575,0,0,0.369347255159142,0.404881527868269,1,1,0.445752525401174,0.410467958506523,1,1
"39",1.04531002370208,0.233362388593621,3,0,0,1.04055567382606,0.281803540141658,0,0,1.02922485638363,0.294595284464863,0,0,0.952672079148733,0.249067917018854,0,0,0.847105492551577,0.2911748958582,0,0
"40",0.771258181184806,0.306436380779158,5,0,0,0.820497474457533,0.268895459971428,0,0,0.801260515504179,0.23239986105031,0,0,0.868753967108277,0.289260285237977,0,0,0.575853673775908,0.268540696172388,0,0
"41",0.503801524050909,0.26211879606768,19,1,1,0.606864656668699,0.252204782648811,0,0,0.568820221683888,0.21108287752869,0,0,0.0430312698733913,0.395388916854244,0,1,0.376625990602558,0.375995894771986,1,1
"42",0.547795372336061,0.274449734460432,15,0,0,0.724259093045072,0.224810323747688,0,0,0.70124703169912,0.213143462474465,0,0,0.506965011315783,0.289912772260242,0,0,0.734938425502785,0.285692952548349,0,0
"43",0.566648595644883,0.29710233252451,15,0,1,0.76437263846818,0.259141656699007,0,0,0.738383357217741,0.247929205900735,0,0,0.631905884368316,0.402856125782448,0,1,0.610305931598847,0.363629916784166,0,1
"44",0.952138152356112,0.291728538461941,9,0,0,0.865667348354296,0.199546513530202,0,0,0.879631785730016,0.252914850315071,0,0,0.993253923587308,0.287863445679566,0,0,0.839115593719947,0.290768995022015,0,0
"45",0.71623367166781,0.304026718259568,1,0,0,0.662215009252299,0.220106011973866,0,0,0.609320516195099,0.215064016451986,0,0,0.726582375782504,0.262527887979255,0,0,0.71623367166781,0.258310874385732,0,0
"46",0.815164285420528,0.239982726129228,9,0,0,0.753814258281637,0.245692027174473,0,0,0.778359319267199,0.259212474656135,0,0,0.570115151619863,0.320010217454462,0,0,0.867644253736484,0.298192245459977,0,0
"47",0.139550576872759,0.285874028110485,17,1,1,0.212044277246826,0.227906784701836,1,1,0.225780045530291,0.235860916714646,1,1,-0.00948504197147176,0.38909504687444,1,1,0.209177226562647,0.302988865125941,1,1
"48",1.04760053817593,0.316657025761947,3,0,0,0.465235556277525,0.341043574768707,1,1,0.471802654312307,0.448535811683052,1,1,0.884579503049848,0.302097409402857,0,1,0.82954422168833,0.266901407354257,0,0
"49",1.08489972821295,0.286183846530831,7,0,0,0.72416829811845,0.280097762291212,0,0,0.71149129785843,0.305310781587364,0,0,0.856825443939555,0.307824290042268,0,0,0.736753064518798,0.35543338659654,0,0
"50",1.19844587646171,0.318007739265301,1,0,0,0.727965273842391,0.373431000798492,0,1,0.767470706626729,0.297603282466449,0,0,1.17005789092124,0.326991919355212,0,0,1.19844587646171,0.276677413799881,0,0
"51",0.442790935010516,0.265257532223775,17,1,1,0.442930550356511,0.205186118585904,0,0,0.406466961482237,0.237459354948759,1,1,0.0454636077576542,0.282049573075293,1,1,0.379817853357003,0.314349967436623,1,1
"52",1.21340319595597,0.287470052966607,9,0,0,1.19439175389908,0.222476597638701,0,0,1.18764661173595,0.246214031023378,0,0,0.881399713812445,0.269055275957847,0,0,0.991537344066439,0.287450787743248,0,0
"53",0.410084382247976,0.245678151457101,5,1,1,0.433420185985382,0.235048922325562,0,1,0.457127086406464,0.254439241696092,1,1,0.516944395449136,0.254940322776856,1,1,0.510617248243721,0.275294287941725,1,1
"54",0.849261452774386,0.316177974589636,5,0,0,0.727921193563102,0.231834777712785,0,0,0.74296657907121,0.2661423944083,0,0,0.467838767245016,0.47446991081348,1,1,0.625083421945893,0.427371624370473,1,1
"55",0.511927203006728,0.263587099980434,11,1,1,0.44941971493414,0.231182172614263,0,1,0.524843617635649,0.222951413852359,0,0,0.738584660337758,0.283433856638977,1,1,0.46563678185643,0.323211664470925,1,1
"56",0.315532332280568,0.23911720850401,13,1,1,0.41968084767911,0.18263029172323,0,0,0.393209492131607,0.196311389542656,0,0,0.470829569553048,0.216242939804467,1,1,0.362613486878708,0.252795629502015,1,1
"57",0.78342598744559,0.240921308838187,9,0,0,0.885955375120325,0.27912906546402,0,0,0.867493959376475,0.2464462793523,0,0,0.740712248446033,0.29235066514236,0,0,0.979389882768978,0.270355829297956,0,0
"58",0.767498370645196,0.212045499355224,17,0,0,0.6389873892061,0.224594280888443,0,0,0.687122634303357,0.22335534660812,0,0,0.374155409156883,0.242804723584696,0,0,0.666190675304488,0.217244144364692,0,0
"59",0.913850063480166,0.262532321822808,13,0,0,0.75719146777401,0.222689986920581,0,0,0.7219431327156,0.238910079845079,0,0,0.857225397755818,0.349063192210062,0,0,0.666568427398194,0.269429150712153,0,0
"60",1.00175085970339,0.233497387464823,17,0,0,1.08330583443195,0.203571036198566,0,0,1.04176542867952,0.251817129799706,0,0,1.10375048898805,0.366712713770429,0,0,1.02321670241001,0.398234845818356,0,0
"61",0.50079180274099,0.301723500630025,3,0,1,0.858653114691133,0.326144679085998,0,0,0.841202561029279,0.339796830326777,0,0,0.659717520741444,0.31928664538714,0,0,0.594672305187072,0.34590975606005,0,1
"62",0.851844408497574,0.241794779632053,13,0,0,0.597064467250733,0.303987876819739,0,0,0.60602760453735,0.259237135758237,0,0,0.846376583156578,0.282071133868957,0,0,0.739451736905416,0.30463653280926,0,0
"63",0.461706163267779,0.265631791578197,17,0,1,0.684479593016347,0.330114115137626,0,0,0.709711722958113,0.327725157608012,0,0,0.566108090649512,0.326383149487421,1,0,0.534247546055759,0.265665887652244,1,0
"64",0.65840171438189,0.266097063126729,13,0,0,0.794765213018006,0.24694246082508,0,0,0.835802129213427,0.211222600520357,0,0,0.584230277686722,0.266780118392847,0,0,0.711404716525331,0.263410631422704,0,0
"65",0.510332704601885,0.23512731762295,7,0,0,0.56267342215546,0.199733918210086,0,0,0.529860082301104,0.239195304161479,0,0,0.386438187190133,0.274056818083132,0,1,0.460398042549679,0.262328650550667,0,1
"66",0.683006582452144,0.278056810422052,19,0,0,0.507331797072758,0.259777104792686,1,1,0.502667896921586,0.280845989169543,0,1,0.527089346561238,0.340700346873968,1,1,0.624808913139564,0.298350508785712,1,0
"67",0.750613207726261,0.223764098572061,17,0,0,0.831684203471684,0.22926857520946,0,0,0.845258320020995,0.243552295479214,0,0,0.877691294288641,0.286835198719276,0,0,0.69608571600125,0.293062681924188,0,0
"68",1.49011473715306,0.245019694257807,19,0,0,1.32319065608238,0.200490253573152,0,0,1.36455906136818,0.210610027231994,0,0,1.20967351486683,0.264225482235293,0,0,1.34262988083064,0.25077260620521,0,0
"69",0.894388965869947,0.259640198307333,11,0,0,0.6457516640797,0.250637372125771,0,0,0.668673768184931,0.218252463000591,0,0,0.911771411908036,0.262345756848674,0,0,0.759640857,0.274984466618394,0,0
"70",0.489401551508923,0.261676990589911,9,0,1,0.582839110237724,0.230303506718281,0,0,0.552426063470507,0.255427692081133,0,0,0.360839213142883,0.285757079349301,0,1,0.616054281065176,0.287239594663867,1,0
"71",0.0378379111945105,0.214043500820574,9,1,1,0.293792450423707,0.192113606158766,1,1,0.243798513477694,0.189397904121239,1,1,0.318072119390925,0.212401931577628,1,1,0.235348310328915,0.201904507448555,1,1
"72",0.905115206544438,0.226136666940973,17,0,0,0.79775413467715,0.252460481703312,0,0,0.784357202152512,0.274763019315696,0,0,0.517592025264512,0.334693839946346,0,0,0.78360555740527,0.338448500429982,0,0
"73",1.09620024536378,0.276314846067577,19,0,0,1.08905343129872,0.214443474671473,0,0,1.08301240955895,0.254740574540496,0,0,1.16309640341889,0.292429266846837,0,0,0.980189944598488,0.312316520180613,0,0
"74",1.19553188402501,0.28459487383698,15,0,0,1.24086019812931,0.193913771123933,0,0,1.25809306971284,0.245976063794285,0,0,1.36160239524667,0.278550919514591,0,0,1.1706416230283,0.279222168959292,0,0
"75",0.65011281824141,0.297162403591734,3,0,0,0.618320687947046,0.225371114010458,0,0,0.608317205583801,0.211239543612481,0,0,0.67700771007616,0.265673621134582,0,0,0.671815707937474,0.248434988572337,0,0
"76",1.13577322946314,0.294124837261353,7,0,0,1.18008424887582,0.212874758906673,0,0,1.15907991445297,0.26531980718661,0,0,1.25365587970871,0.350329639922901,0,0,1.13465974620893,0.326602080368711,0,0
"77",0.681924249362022,0.274648245229616,5,0,0,0.722817286752572,0.225523493342797,0,0,0.709683942149292,0.256085947888254,0,0,0.922940397724082,0.347181829450343,1,0,0.78531440268736,0.310008282168071,0,0
"78",0.456719324234191,0.222808347276843,9,0,0,0.706595182843638,0.246043188987773,0,0,0.751584302235695,0.299930753649931,0,0,0.46048960930205,0.251563338959061,0,0,0.476782845930729,0.253079663246095,0,1
"79",0.496466236665386,0.218991103649356,19,0,0,0.685634508563172,0.347157653943599,0,0,0.696830661062073,0.334141565961975,0,0,0.609294189945461,0.287385643274104,1,0,0.511067575674174,0.283291166850633,1,1
"80",0.540863928739267,0.219526561846513,17,0,0,0.616290527951158,0.224279070508307,0,0,0.614799545679946,0.220674946768908,0,0,0.537783357976958,0.253921493197385,0,0,0.659170302565064,0.27279897318127,0,0
"81",0.714934736022646,0.224132166214722,17,0,0,0.737559722784283,0.222577999485404,0,0,0.745512015755687,0.198040738290751,0,0,0.664198384232933,0.282023959243716,0,0,0.731453222527106,0.274699356502173,0,0
"82",0.837531836419567,0.2386522261873,11,0,0,0.711322664080981,0.243491892481637,0,0,0.735349972667815,0.234886371484126,0,0,0.531018092087163,0.288082407486894,0,0,0.753524108900497,0.300889677331199,0,0
"83",0.667990540597786,0.25691274902298,11,0,0,0.502203247196919,0.20533300407053,0,0,0.514844146673657,0.266259018257688,1,1,0.473640242888774,0.317374383118772,1,1,0.526652352754534,0.268249962856331,1,0
"84",0.835422116825115,0.244679607640641,13,0,0,0.74509137345675,0.191392254915742,0,0,0.751559248901093,0.2026533053963,0,0,0.714261681092807,0.222442406762771,0,0,0.723670401737903,0.243439636104069,0,0
"85",0.930706985427774,0.251536778728659,11,0,0,0.770136511579463,0.232168832043458,0,0,0.802932156693057,0.254451284996834,0,0,0.831510108334063,0.257518573281844,0,0,0.719444762696347,0.261152938623777,0,0
"86",0.461759803542944,0.224126302270469,19,0,0,0.582157416455382,0.18964812448017,0,0,0.52569821566617,0.199237166888573,0,0,0.549795325506212,0.314244919538032,0,1,0.489264454098137,0.262413003523692,0,1
"87",0.519572261743758,0.288499827345687,13,0,1,0.405870694566548,0.305196769009601,1,1,0.434421120881521,0.254441950568981,1,1,0.579527297383642,0.3129950640462,1,1,0.59717403783619,0.312343040514278,1,1
"88",0.310794455233909,0.270954418187173,13,1,1,0.418831787342826,0.172995610907764,0,0,0.382829573351722,0.223462643561699,1,1,0.373007287412575,0.296910865095488,1,1,0.411142470288343,0.278475832439244,1,1
"89",0.0942876332212728,0.304325037644847,13,1,1,0.159330583075799,0.230017152863609,1,1,0.10223599514633,0.240006884781709,1,1,0.139346647452269,0.322008852631665,1,1,0.0516210781659687,0.357341180921817,1,1
"90",0.765084026213845,0.300020913092263,11,0,0,0.808885158270711,0.212212355416979,0,0,0.812072818862725,0.246029265020892,0,0,0.828025184481998,0.492189276167856,1,1,0.829736361780773,0.49103231523848,1,1
"91",0.681013844737932,0.271481706026299,15,0,0,0.636967910059802,0.202956752756012,0,0,0.592930469927817,0.238457531364845,0,0,0.54701539002767,0.218476954188234,0,0,0.565741171970939,0.30296042206561,1,1
"92",0.756022190078541,0.278967314069162,9,0,0,0.671025318411871,0.252177607513897,0,0,0.698995342662088,0.270853596983748,0,0,0.723275955652748,0.265851383351171,0,0,0.645755950986737,0.262379065879029,0,0
"93",0.502725539471086,0.273549253732759,5,1,1,0.618603273282373,0.188154049973574,0,0,0.565831707049338,0.22411926078166,0,0,0.603725305721211,0.229571414170117,0,0,0.562234453581423,0.264297177264688,1,0
"94",0.366970956981775,0.278844636046075,13,1,1,0.533325377350208,0.269461436243807,0,0,0.43792728690339,0.221439811205679,1,0,0.712040023769029,0.290718167861441,0,1,0.359972289735244,0.354941227723011,1,1
"95",1.07145540145753,0.325850721179942,7,0,0,0.964074343285746,0.252303743146676,0,0,0.996647715000073,0.24261295151934,0,0,1.22381284754049,0.301803258636873,0,0,0.845762042282164,0.315933519000038,0,0
"96",0.579315032243009,0.273852196967238,7,0,0,0.741575571687722,0.254457441313919,0,0,0.745367678299866,0.2464585467728,0,0,0.808540516601449,0.255867755142673,0,0,0.680689043118423,0.284472431393614,0,0
"97",0.766220883044321,0.211198434446427,9,0,0,0.652309949896667,0.214668007036316,0,0,0.672975164064655,0.188484804664674,0,0,0.602378801523286,0.18384319940208,0,0,0.731039490746617,0.229833501769099,0,0
"98",0.854630130055646,0.321270633638645,13,0,0,0.929205172654301,0.2123632409698,0,0,0.893930850946052,0.293747235899203,0,0,1.26501285403501,0.347252505755107,0,0,0.740735049584476,0.367508870162298,0,0
"99",0.326913912483853,0.232247266443898,19,1,1,0.295977991489923,0.223142258570374,1,1,0.26229829039006,0.234624827445009,1,1,0.178198761297478,0.267680148831557,1,1,0.306396945803571,0.3148620307055,1,1
"100",0.512576299235181,0.276159672553809,3,0,1,0.603940608699174,0.252883807087106,0,0,0.651207722766972,0.223576187099067,0,0,0.467977635401615,0.281341521389401,0,0,0.467950775435106,0.258793892144684,0,1
