"","V1","V2","V3","V4","V5","V6","V7","V8","V9","V10","V11","V12","V13","V14","V15","V16","V17","V18","V19","V20","V21"
"1",1.16931810895686,0.249613428242837,3,0,0,1.23967892549591,0.275980852990163,0,0,1.30256819625379,0.318152861285529,0,0,1.39235140012127,0.303191090996915,0,0,1,1,1,1
"2",0.82223743591519,0.261790070437166,17,0,0,0.493116390781066,0.418826417817769,1,1,0.600498846657406,0.30872015356736,1,1,0.610238453702823,0.414010501552441,0,1,1,1,1,1
"3",0.711262390442294,0.27621070826941,5,0,0,0.691965170033319,0.223783692195315,0,0,0.682479256203762,0.192820762456156,0,0,0.787908496893965,0.276863092098378,0,0,1,1,1,1
"4",0.804776036082379,0.229923083539145,19,0,0,0.909109633553934,0.17749897732956,0,0,0.926004085913763,0.193798735534439,0,0,1.03870393219647,0.260729513393563,0,0,1,1,1,1
"5",0.535641867065413,0.249077962268739,17,0,0,0.593412030272896,0.278093670835624,0,0,0.619942180508918,0.261937932648109,0,0,0.396831039012892,0.323743071910998,0,1,1,1,1,1
"6",0.405632382830329,0.30352915185359,5,1,1,0.572826283317038,0.210238606078494,0,0,0.584644425381063,0.198906243171781,0,0,0.296965253113196,0.288428380901167,0,0,1,1,1,1
"7",0.734796056732133,0.238232399758399,17,0,0,0.573440888087494,0.35065057251498,1,1,0.580813459115664,0.329179630950296,1,1,0.192553279971887,0.310520904835005,1,1,1,1,1,1
"8",1.08757780238694,0.297874435328332,15,0,0,0.884719190187863,0.229928930695379,0,0,0.909387783086411,0.250235780263804,0,0,0.554283790282869,0.398601466479033,0,0,1,1,1,1
"9",0.314083653555168,0.244562287220384,15,1,1,0.410980115975442,0.243997350479704,1,1,0.380417526474642,0.239957600381747,1,1,0.560836936015556,0.321858270432836,1,1,1,1,1,1
"10",0.901717153615006,0.28489978629806,11,0,0,0.788788969582493,0.26961226856108,0,0,0.772646318488266,0.262832260361236,0,0,0.555607498908456,0.328346825209666,0,0,1,1,1,1
"11",0.807957415710679,0.269627960138653,1,0,0,0.88463617976645,0.234341932348758,0,0,0.863221326362839,0.236991965027758,0,0,0.799434903347953,0.265366297306135,0,0,1,1,1,1
"12",0.750793866668099,0.263660056438075,13,0,0,0.786152139071054,0.224112955494736,0,0,0.789378742583121,0.243512158165815,0,0,0.769417385511733,0.278390443377328,0,0,1,1,1,1
"13",0.742309572423222,0.241422587604737,11,0,0,0.876877933556337,0.183094848004251,0,0,0.804058343641723,0.175846558583689,0,0,0.992767038971782,0.252783075118238,0,0,1,1,1,1
"14",0.309882858527493,0.223590536713947,13,1,1,0.466234788612412,0.249826509712745,1,1,0.420161153414849,0.215729761726576,1,1,0.557942450662634,0.264039690706411,1,1,1,1,1,1
"15",0.723026035826332,0.285101672804804,11,0,0,0.861087332453091,0.281303316391574,0,0,0.829039976895109,0.276124442479148,0,0,1.05506058345894,0.366642101709728,0,0,1,1,1,1
"16",0.685484278824948,0.249274334264455,3,0,0,0.768050133858002,0.192223526671407,0,0,0.770658493820066,0.193149753458808,0,0,0.76022002750258,0.205181001044906,0,0,1,1,1,1
"17",0.515663371176866,0.290415885529575,15,1,1,0.478083737664173,0.219775126423868,0,0,0.46909913324876,0.253061231252427,0,1,0.42859119426115,0.31198738668856,1,1,1,1,1,1
"18",-0.014392600795865,0.317415994490917,9,1,1,0.0496869241579857,0.28341237406359,1,1,0.0190521723510213,0.264766050509332,1,1,-0.392574079808784,0.380947475036058,1,1,1,1,1,1
"19",0.99281470049989,0.295922854273226,19,0,0,1.16377058272075,0.217450750050629,0,0,1.16749770421481,0.262046723341982,0,0,1.05414582703185,0.314450418839524,0,0,1,1,1,1
"20",0.544441365701003,0.282461016588353,7,1,1,0.613668360431111,0.204696635680959,0,0,0.61144879575346,0.227612698942315,0,0,0.399150278618735,0.331387702827552,0,1,1,1,1,1
"21",0.821021544663611,0.270637201900296,5,0,0,0.779075408146572,0.291179580223048,0,0,0.7539566206152,0.259612113721836,0,0,1.11946261174971,0.303743464153855,0,0,1,1,1,1
"22",0.58628788899733,0.251552932916623,5,0,0,0.509918758169745,0.234363123502696,0,0,0.518628234151137,0.19878968508176,0,0,0.551432033423484,0.268103752612963,0,1,1,1,1,1
"23",0.980044121118913,0.228356600210275,11,0,0,0.951306120500379,0.190317019684781,0,0,0.957886911268533,0.201038871621435,0,0,0.796234652655135,0.260521011479461,0,0,1,1,1,1
"24",0.587576809569378,0.251774616765768,5,0,0,0.559489029622994,0.259576642802716,0,0,0.54397976916579,0.266380315723247,0,0,0.345914477238665,0.3604626017027,1,1,1,1,1,1
"25",1.23063916490752,0.233604104706178,17,0,0,1.28868969171662,0.200353239913117,0,0,1.29353567316714,0.231161039284685,0,0,1.44072058497987,0.278296663543121,0,0,1,1,1,1
"26",0.703607400651467,0.258626453266913,19,0,0,0.802663005566145,0.239002202439972,0,0,0.798857718125127,0.210422892966793,0,0,0.687455093709443,0.317141908806372,0,0,1,1,1,1
"27",1.00368613605566,0.275792695606717,11,0,0,0.900508995014346,0.232584163032783,0,0,0.934268928505941,0.277285883255896,0,0,0.636275127656273,0.294633540973222,0,0,1,1,1,1
"28",0.376633036882244,0.335896691830549,7,1,1,0.434161630198711,0.270875930573208,1,1,0.395084019385039,0.27122100292393,1,1,0.289299257238232,0.292379440438126,0,1,1,1,1,1
"29",0.628308432320928,0.274184018772467,13,0,0,0.557909771559189,0.23284216892921,0,0,0.531381382570769,0.250707134156101,0,0,0.381746707952742,0.339134863844279,1,1,1,1,1,1
"30",0.611126223447323,0.29820297531285,13,0,0,0.721841573521955,0.208516938946953,0,0,0.694718395781335,0.214136502049702,0,0,0.696153050188562,0.330251220185151,0,0,1,1,1,1
"31",0.845824357869666,0.312510801002959,11,0,0,0.800635165595177,0.235821402703223,0,0,0.817629347122321,0.260982304277395,0,0,0.816566973039875,0.446355833591234,1,1,1,1,1,1
"32",0.683974037032268,0.224779291476097,17,0,0,0.649975052168561,0.215096535045966,0,0,0.630789700540628,0.233113886678002,0,0,0.657327412373439,0.344387250132066,0,1,1,1,1,1
"33",0.805305619275387,0.215669728363689,13,0,0,0.778598555658426,0.27620674720331,0,0,0.825368859396105,0.270698244308578,0,0,0.986284397967433,0.24954169744505,0,0,1,1,1,1
"34",0.836099168847415,0.294429776595579,7,0,0,0.412531369887478,0.396213266773463,1,1,0.507713762363806,0.279749411633204,1,1,0.632279104037218,0.323208877016345,0,1,1,1,1,1
"35",1.13355177736356,0.276102585112638,13,0,0,1.06144575952512,0.231259887790136,0,0,1.05907153902032,0.239769529324199,0,0,0.988237406662132,0.302510239009195,0,0,1,1,1,1
"36",0.995693961669881,0.278811217065902,11,0,0,0.864367046389711,0.224572341927103,0,0,0.85787772525184,0.260769042522716,0,0,0.819579306494188,0.319010344079664,0,0,1,1,1,1
"37",0.489196643495073,0.276166246452685,13,0,1,0.577864869590166,0.206413010909263,0,0,0.533979765900803,0.223369954992001,0,0,0.421953458802945,0.272796563533454,0,1,1,1,1,1
"38",0.87554820473239,0.24006131469944,11,0,0,0.812638722645625,0.195437522447138,0,0,0.811844826528599,0.229005962008264,0,0,0.876640186269158,0.283606403909617,0,0,1,1,1,1
"39",0.812098092744148,0.265488811935633,13,0,0,0.731164601483864,0.249470937065588,0,0,0.728277769590739,0.245673790851067,0,0,0.663990913777905,0.261077803929524,0,0,1,1,1,1
"40",0.927119425822542,0.216169737839823,13,0,0,0.886900037467282,0.179945112816825,0,0,0.882850240768764,0.173512467925654,0,0,0.852225500010154,0.23891423169597,0,0,1,1,1,1
"41",0.607023840151698,0.260713945739374,19,0,0,0.693190747678681,0.237266771816982,0,0,0.677545449194719,0.244803669751248,0,0,1.05830081556484,0.291879254857213,0,0,1,1,1,1
"42",0.876249032443727,0.28911363017363,7,0,0,0.84027164514609,0.225834670706195,0,0,0.899422127978325,0.239562793098145,0,0,0.504128397688769,0.276403318663646,0,0,1,1,1,1
"43",0.493556212291918,0.259711702273735,17,0,1,0.608496821523969,0.211385107004379,0,0,0.547989417505017,0.192380207139182,0,0,0.565746268347578,0.243732216080403,0,0,1,1,1,1
"44",0.69155472687113,0.261144930029901,17,0,0,0.602114526231256,0.233242315852434,0,0,0.561139611268202,0.204596415891059,0,0,0.375530972512963,0.302760414270842,0,1,1,1,1,1
"45",0.807953994147895,0.280124527751934,19,0,0,0.766742192859107,0.267748595353683,0,0,0.78339814227447,0.258712583790737,0,0,0.346895498424687,0.567650821545189,1,1,1,1,1,1
"46",0.624576895934763,0.258753301058642,17,0,0,0.490774903806648,0.230167864860254,0,0,0.47516612831933,0.24463469864471,1,1,0.324559791458621,0.284105283363203,0,1,1,1,1,1
"47",0.951765527077463,0.240037576124127,19,0,0,1.03551619598964,0.221106767134815,0,0,1.05582728542172,0.224049970114012,0,0,1.087838840177,0.241847900174754,0,0,1,1,1,1
"48",0.838701664521779,0.27443797750235,13,0,0,0.946592757761993,0.260071628812775,0,0,0.96786545864145,0.257084361534278,0,0,0.98283394509113,0.321081550177582,0,0,1,1,1,1
"49",0.747803237561755,0.249342768471472,11,0,0,0.809735340051636,0.224086129610346,0,0,0.755020808537319,0.252792077095228,0,0,0.804743873484989,0.312183310073856,0,0,1,1,1,1
"50",0.463791898465133,0.269126740373208,11,1,1,0.39521369760251,0.322505206517064,1,1,0.460232299795474,0.301810319078357,1,1,0.519522962884743,0.327988361126211,1,1,1,1,1,1
"51",0.758999130498004,0.280003999980997,17,0,0,0.67764766165925,0.205755500968997,0,0,0.692589204624554,0.230266112322666,0,0,0.60465880735821,0.259398377860249,0,0,1,1,1,1
"52",0.815427101699474,0.23211380053145,17,0,0,0.697078240411691,0.216648278891471,0,0,0.695724265001717,0.224155639996968,0,0,0.781482382386299,0.266992848090353,0,0,1,1,1,1
"53",0.640479969172663,0.276731390491832,9,0,0,0.661036379819875,0.242955727651607,0,0,0.750546703332367,0.224610212057442,0,0,0.762077969302159,0.312678595489029,0,0,1,1,1,1
"54",0.892654239222751,0.249842791052572,15,0,0,0.838045038298759,0.22339814644418,0,0,0.816671819865237,0.237360462416203,0,0,0.807199561504738,0.272323729924421,0,0,1,1,1,1
"55",0.287433695493245,0.23192105052709,3,1,1,0.428078616130442,0.228719818157478,1,1,0.387581179074558,0.192844916783159,0,0,0.506051546871498,0.264551373070468,1,1,1,1,1,1
"56",0.444265649330282,0.268497582554761,9,0,1,0.585507736881166,0.255192320263853,0,0,0.588351968673191,0.226972687242097,0,0,0.721610684498945,0.402793423094661,1,1,1,1,1,1
"57",0.625217695242142,0.219085900060334,17,0,0,0.518164453149119,0.224845178755895,0,0,0.528217759586514,0.214750737851976,0,0,0.314095031792285,0.243579941998239,0,0,1,1,1,1
"58",0.755481015224507,0.221872583553456,1,0,0,0.71623702630162,0.247319756700155,0,0,0.674195251397734,0.236341817362281,0,0,0.803770038117331,0.234095869332514,0,0,1,1,1,1
"59",0.583645190263544,0.229767306674291,19,0,0,0.721185208542118,0.256875929866072,0,0,0.717437413350663,0.242095893143702,0,0,0.920733304301647,0.307367511251245,1,0,1,1,1,1
"60",0.537801222073639,0.246134236111901,15,0,0,0.535711161850741,0.202475417762297,0,0,0.511315816982166,0.243390965512687,0,0,0.384667614246875,0.281806578306203,0,1,1,1,1,1
"61",0.675356784994479,0.282069785685777,9,0,0,0.844690216821854,0.217437450600054,0,0,0.790338971603507,0.25563211192002,0,0,1.14363179061037,0.406298388586302,0,1,1,1,1,1
"62",0.357581426528424,0.228926258249194,5,1,1,0.375124062718728,0.248919712266061,1,1,0.410036648143899,0.247515694665173,1,1,0.522975237622824,0.273682012321419,1,1,1,1,1,1
"63",1.0660203738677,0.281000394168831,13,0,0,0.93653389701628,0.279981194273362,0,0,0.95980196945783,0.280647235951499,0,0,0.691654045538591,0.360495565566709,0,0,1,1,1,1
"64",0.775831578111206,0.272780636142707,5,0,0,0.574070703517853,0.278417339839344,0,0,0.542017170943856,0.273509556196164,1,0,0.871114642195325,0.32304413748092,0,1,1,1,1,1
"65",0.689531751139785,0.264112898896162,15,0,0,0.834380241767139,0.210558846857618,0,0,0.845845279203228,0.294122292956371,0,0,0.997386554975153,0.316388974163863,0,0,1,1,1,1
"66",0.528233733686356,0.288542901971212,3,1,1,0.43900670777282,0.22269841702864,1,0,0.42954812137269,0.225091367016131,0,1,0.387360070027377,0.272495088512386,1,1,1,1,1,1
"67",0.969528729591079,0.261119203619836,15,0,0,1.07787570699001,0.40403434050425,0,0,1.14096677629985,0.384483929412723,0,0,0.777177750422887,0.305401886673928,0,0,1,1,1,1
"68",0.346243826611923,0.301925243317729,11,1,1,0.508967675582745,0.23555309303728,0,0,0.481970443405754,0.293296363506702,0,1,0.689218093380735,0.400255117223757,1,1,1,1,1,1
"69",0.654857523300094,0.270005147852257,11,0,0,0.853944387092487,0.213227123904935,0,0,0.799439412753869,0.233303850576951,0,0,0.818480010552489,0.306169445338178,0,0,1,1,1,1
"70",0.574913739927317,0.328750285828676,19,1,1,0.707748415821788,0.249098954177108,0,0,0.718466519665308,0.215575681482487,0,0,1.19750499209773,0.433784859579658,1,1,1,1,1,1
"71",0.745689398144432,0.266184411942941,19,0,0,0.732472315614511,0.23837999244008,0,0,0.725426640737084,0.250601116054499,0,0,0.685083992722616,0.336127143457304,0,0,1,1,1,1
"72",0.48540062599103,0.283890192319348,3,1,1,0.429976151791482,0.228804452213888,1,1,0.459084129007762,0.217214032912753,0,0,0.427555468893881,0.235204104751839,1,1,1,1,1,1
"73",0.819294793804156,0.248458151783819,11,0,0,0.848604515346135,0.210581880852134,0,0,0.859243442360264,0.204371504682694,0,0,1.01463495989284,0.273918184505629,0,0,1,1,1,1
"74",0.799913540022282,0.294440767349528,17,0,0,0.641451273771739,0.345425036812237,1,1,0.716836120872207,0.298957291420708,0,0,1.12927798122247,0.317437809061528,0,0,1,1,1,1
"75",0.896487813346405,0.247424858898533,17,0,0,0.794913249887613,0.24579873127955,0,0,0.775326605724211,0.264040224375489,0,0,0.854974050921663,0.307093712375411,0,0,1,1,1,1
"76",0.7381198807606,0.27089392412799,7,0,0,0.782980546991115,0.22734121589981,0,0,0.751752097303252,0.247614917303312,0,0,1.10198574123398,0.298508230816436,0,0,1,1,1,1
"77",0.356675161938407,0.233700899366961,15,1,1,0.336782164271246,0.263838517921831,1,1,0.326746751674422,0.227475440614294,1,1,0.258195614087103,0.254821726167542,1,1,1,1,1,1
"78",0.707885835812116,0.29532731497819,3,1,0,0.654994870985057,0.274914468867827,0,0,0.64749166449844,0.31517005658547,0,0,0.475608115871056,0.358768394422648,1,1,1,1,1,1
"79",0.80430885250622,0.262711424253375,13,0,0,0.784065754319931,0.237059308177095,0,0,0.764419366879703,0.23877963207645,0,0,0.472002497359252,0.301079604223926,0,0,1,1,1,1
"80",0.694329877184553,0.224786483371414,19,0,0,0.679123052111109,0.301698066172911,0,0,0.676145111455109,0.307676895327874,1,0,0.712669915399708,0.347374683176662,0,1,1,1,1,1
"81",0.726067819685161,0.287710219195218,7,0,0,0.740573879496038,0.243478146281227,0,0,0.707533811790178,0.237197555891911,0,0,0.376236459895832,0.298647513332954,0,0,1,1,1,1
"82",0.696060757285165,0.221355069130857,19,0,0,0.635300248348069,0.246344111093044,0,0,0.620185014141154,0.23301687954424,0,0,0.465417052737781,0.379204342006482,1,1,1,1,1,1
"83",0.50385955699001,0.263523406326483,17,0,1,0.61180719808289,0.212012510920517,0,0,0.664505417254098,0.231851827374787,0,0,0.787178926884706,0.29654159272414,1,0,1,1,1,1
"84",0.546185096415372,0.268947640701102,19,0,0,0.778820799658451,0.26975387517809,0,0,0.739824860465064,0.251859652533863,0,0,0.542029643019594,0.338623943675149,0,0,1,1,1,1
"85",0.595790137575693,0.278618219622955,3,0,0,0.686214507498123,0.292957774384167,0,0,0.654804803513047,0.279067896255498,0,0,0.69351430805628,0.303307820913298,0,0,1,1,1,1
"86",0.679865840464013,0.233814504849616,7,0,0,0.764861335522653,0.206851445441951,0,0,0.715927825335757,0.213519021883212,0,0,0.817070689058254,0.294486716209086,0,0,1,1,1,1
"87",0.656846741857147,0.266907299568425,9,0,0,0.65500033597172,0.240110165008721,0,0,0.693455653112995,0.24876161588511,0,0,0.57394659839518,0.263388168645871,0,0,1,1,1,1
"88",0.770652731587233,0.266177930907134,11,0,0,0.828185734075466,0.252208018603902,0,0,0.819517936645248,0.241925626343928,0,0,0.681269636444347,0.267409839458163,0,0,1,1,1,1
"89",1.03684362016284,0.237556328171204,13,0,0,0.986564828678467,0.342240074519564,0,0,1.07687414217904,0.305219650258474,0,0,1.06324021840478,0.276473572372969,0,0,1,1,1,1
"90",0.37151056643117,0.273559366737535,19,1,1,0.555172046403313,0.189625011459556,0,0,0.56055505579912,0.237347448445674,0,0,0.164641924931049,0.371789198027918,1,1,1,1,1,1
"91",0.5461414841535,0.290855731946333,5,0,1,0.679719094842524,0.217740094916716,0,0,0.711176042271659,0.197299314800621,0,0,0.424153809125447,0.310030162140737,0,0,1,1,1,1
"92",0.552784801957542,0.226455905769748,13,0,0,0.635811387387428,0.181228663370449,0,0,0.608683376614697,0.202456779504266,0,0,0.390881557797154,0.291688998686146,0,0,1,1,1,1
"93",0.480797182400396,0.214162861995655,11,1,0,0.449954495532491,0.237111661188589,1,1,0.428853862666525,0.249523856929328,1,1,0.192717370747404,0.273290812456458,1,1,1,1,1,1
"94",0.495664150699944,0.263246453601501,13,0,1,0.246614064817117,0.334436796049545,1,1,0.304532943514331,0.302133541073089,1,1,0.230542641850083,0.263403659243753,1,1,1,1,1,1
"95",1.0832216463575,0.260568027550952,17,0,0,1.10382279048124,0.250725233312553,0,0,1.06506245429969,0.241363879416458,0,0,1.01324913483695,0.26507369946803,0,0,1,1,1,1
"96",0.757674644019956,0.257510221055253,19,0,0,0.789191744733792,0.222067663632966,0,0,0.783091294094587,0.207186820711834,0,0,0.761787557010491,0.299072896451713,0,0,1,1,1,1
"97",0.656367251153743,0.245891975108626,17,0,0,0.650180018281327,0.21494112071837,0,0,0.6682543931152,0.224463822982648,0,0,0.684451127478527,0.27517559309046,0,0,1,1,1,1
"98",0.740413219221065,0.232775671157223,19,0,0,0.812991300067563,0.18326871257874,0,0,0.83309409577352,0.237290435766797,0,0,0.80172626385422,0.295698857900432,0,0,1,1,1,1
"99",0.38097590067098,0.228659250659249,17,1,1,0.476238184212878,0.20015090019376,0,0,0.464931164250951,0.186842423714343,0,0,0.403709284334812,0.234508497458752,0,0,1,1,1,1
"100",0.498849135087341,0.308175960151433,11,1,1,0.47271271729646,0.24991083425391,0,1,0.44988329569692,0.214988648221605,0,0,0.335937265085038,0.294937963680531,1,1,1,1,1,1
