"","V1","V2","V3","V4","V5","V6","V7","V8","V9","V10","V11","V12","V13","V14","V15","V16","V17","V18","V19","V20","V21"
"1",-0.656187214790218,0.340090365102504,17,1,1,-0.478649066746702,0.658561708467862,1,1,-0.515530434588903,0.634003960592251,1,1,-0.618730113718064,0.422916492096527,1,1,0.384146739137259,0.420835843309462,1,1
"2",0.223739921049185,0.472786424406633,15,1,1,0.391662771192213,0.25631523172989,1,1,0.428338243781801,0.313263071663898,1,1,0.603698117802651,0.749012066668486,1,1,0.860016361995207,0.810887620673766,1,1
"3",0.295479213265254,0.434126316859854,17,1,1,0.285036842311091,0.247364271729646,1,1,0.343078847950483,0.284314316868873,1,1,-1.07460784674391,0.915278064440187,1,1,0.748883517892236,0.957907172311288,1,1
"4",0.0613042055669334,0.464399105875995,13,1,1,0.283953043154272,0.24078056863494,1,1,0.154255580916784,0.256386214522401,1,1,0.31996304951756,0.536666533036891,1,1,0.516238470996455,0.587557188080042,1,1
"5",0.135443273152755,0.374754408506068,19,1,1,-1.09920422253023,1.52201165749926,1,1,-1.31775798738934,1.8732937796392,1,1,0.204007183739884,0.714756786828137,1,1,0.669562477978562,0.782551332426923,1,1
"6",-0.945263332905736,0.648296863245203,3,1,1,0.0533273852763246,0.351732418904405,1,1,0.00349745373707936,0.350018210410444,1,1,-0.264268392783978,0.726692227937472,1,1,0.340944932980354,0.692017025237629,1,1
"7",-0.224664275555867,0.367959453327957,19,1,1,-3.84039679553991,6.38463109114038,1,1,-3.76599969636678,5.66022500050247,1,1,0.906402659421157,0.680490861211592,1,0,0.864976526506944,0.671376655916877,1,1
"8",0.405834759136839,0.548821069410111,9,1,1,0.347662390570501,0.34032096674508,1,1,0.360029830525846,0.359084082024803,1,1,0.096691819027279,0.520330379607815,1,1,0.421761177913259,0.536445488943773,1,1
"9",0.0355241307415809,0.344899280370802,19,1,1,0.553111749286806,0.631175770327991,1,1,0.522000105228977,0.600615166615782,1,1,0.744806072305315,0.536781539630503,1,1,0.526022854870763,0.530078694420889,1,1
"10",0.558252437578273,0.368144451013931,19,1,1,0.395698320310268,0.320615118459161,1,1,0.581662903233309,0.355476511744297,1,1,-1.02866255582295,1.24049239926459,1,1,0.724866941901372,1.22952223823501,1,1
"11",0.140845140846313,0.397485574388996,17,1,1,0.881861179504754,0.615509244348195,1,1,0.780467782593327,0.640356396706207,1,1,0.764705033938256,0.646833735315754,1,1,0.676926304357174,0.655564829838918,1,1
"12",0.310368660194847,0.445288359961013,11,1,1,0.149735009687581,0.424839843064735,1,1,0.0413401709766038,0.412088370313022,1,1,0.0846234105850881,0.378163096013199,1,1,0.391981576392411,0.498739840388078,1,1
"13",0.660395325418983,0.395773234302673,11,1,1,1.13470617045194,0.84817009062895,1,1,0.987288410128507,0.637038216497162,1,1,1.01557163849804,0.587573142604102,1,1,0.702028565333873,0.562564531938928,1,1
"14",-0.158760662888075,0.325867134451266,11,1,1,-0.0175816267816369,0.23669920046563,1,1,0.0695601840576385,0.275586331078234,1,1,-0.124849839912207,0.747724215343837,1,1,0.726154037749097,0.71878358895043,1,1
"15",-0.00845564563424986,0.413588291117465,17,1,1,-0.153508121185767,0.3790169962677,1,1,-0.272804807049736,0.401390015776822,1,1,-0.962557538114965,0.906423809588346,1,1,0.490231034359097,0.819907917964481,1,1
"16",0.487748551416989,0.437959719515746,7,1,1,0.443579014130644,0.31331882125083,1,1,0.512671492156366,0.297220753168266,1,1,0.534903492216464,0.768417442333854,1,1,0.862181091430077,0.709083724139196,1,1
"17",0.0985196661767185,0.413842696179037,15,1,1,-1.02082326608749,1.23741143138565,1,1,-0.787675357145846,1.21298197104576,1,1,-0.670725773586984,0.542412266978251,1,1,0.647325018754506,0.613484387598812,1,1
"18",0.25888923037382,0.409050627944403,9,1,1,0.0740224795582821,0.96705873345213,1,1,0.181950101401715,0.897770687846055,1,1,0.471762159423101,0.455522817987152,1,1,0.832168076508672,0.44302300190455,1,1
"19",0.649149744682858,0.384237574442981,5,1,1,0.181535731450602,0.444391641774282,1,1,0.125450613473305,0.440262301614289,1,1,0.644360300418786,0.65157513942526,1,1,0.338688307429631,0.534427380239114,1,1
"20",0.452574980996186,0.467434355688483,15,1,1,0.853909457216324,5.69132044952117,1,1,-0.586248884170252,3.93836205983062,1,1,-0.164027834284693,0.677510924520327,1,1,0.714442338815197,0.660430862883399,1,1
"21",0.248931928215992,0.394535393403542,19,1,1,0.364891875420061,0.262036831785486,1,1,0.351289112770719,0.296557121058202,1,1,-0.754215346735533,0.899306414717081,1,1,0.519987622539058,0.948479670593364,1,1
"22",-0.123440607625676,0.330931117547882,17,1,1,-2.00304820693742,1.68422693871881,1,1,-2.01848320144818,1.51960570748231,0,1,-0.850995288052583,0.482650707640504,1,0,0.494184243032954,0.441783038249443,1,1
"23",0.374569815449499,0.363925542458732,3,1,1,0.359280598285327,0.315558752811577,1,1,0.293004643736929,0.316741457862705,1,1,0.129225168666714,0.411169684950863,1,1,0.499950707873149,0.373652201293753,1,1
"24",0.141257290901891,0.333110404997811,17,1,1,0.0388447450956637,0.380153044689801,1,1,0.0400051352835113,0.354908304448372,1,1,-0.712566115087697,0.534744419538778,1,1,0.52025024492887,0.45538638454804,1,1
"25",0.9551701090343,0.410390311385635,19,0,0,0.635919153447572,0.368862774207165,1,1,0.754506598107717,0.373518554338889,0,0,0.767082266605632,0.974389080007722,1,1,1.08911064522495,0.95510323836708,1,1
"26",0.227650740644819,0.298508188090361,15,1,1,0.408795695051703,0.276627262211785,1,1,0.286438184354648,0.291237880188572,1,1,0.292696995570576,0.335898110575577,1,1,0.545242280314999,0.330322286435845,1,1
"27",0.01916999793144,0.406315112411621,11,1,1,0.00920822622382073,0.261935522012686,1,1,0.0241554409243936,0.3028116002777,1,1,-0.604455649494614,0.638827265613273,1,1,0.439025369359493,0.662592490547863,1,1
"28",-0.351957140293152,0.412374802347081,11,1,1,1.0616467235925,1.2205677781795,1,1,1.10203308292469,1.15922710625233,1,1,0.828015080676317,0.640019027319752,1,1,0.496594484946737,0.667842416563228,1,1
"29",0.254979171556676,0.34316602076608,17,1,1,-0.123925897586059,0.524696775213802,1,1,-0.0768834724848935,0.495194185967253,1,1,-0.49174538959099,0.602687708794647,1,1,0.779762226797963,0.530632752218726,1,1
"30",1.07568142308272,0.354125069438448,17,0,0,0.764387877213878,0.404970254274761,1,1,0.820269641771321,0.3386735691839,0,0,0.520681796539866,0.582278895506457,1,1,1.00723052034467,0.602178948259038,1,1
"31",-0.445882303683598,0.530629520113477,7,1,1,-0.411349309341527,0.439633489803935,1,1,-0.39395384337503,0.469140977895066,1,1,-0.225772628318455,0.572899269448192,1,1,0.546894251208014,0.621719595906505,1,1
"32",0.20922496205517,0.29702863150807,13,1,1,-0.837763481822086,0.646252184605015,1,1,-0.712663920544543,0.590298263437771,1,1,-0.621848166679791,0.366859711604775,1,1,0.563146887337915,0.426343380960989,1,1
"33",0.829130645499476,0.409138113960432,9,1,0,1.11400493959165,0.506813263733211,0,0,1.09145354392539,0.439060640685862,0,0,1.32721034506124,0.60456325277487,1,1,0.912149496851251,0.584133159608442,1,1
"34",0.818464786483728,0.39304709789127,19,1,0,0.463923024044905,0.432234036133429,1,1,0.411060442847215,0.398290851024818,1,1,0.70539321552926,0.852088856130066,1,1,0.683703844210778,0.83295942959538,1,1
"35",-0.256951449221678,0.418947535948964,15,1,1,1.01746320891508,1.08208665761711,1,1,0.829231238234327,1.10275098571451,1,1,1.23585916357427,0.952351933377388,1,1,0.561349668388835,0.871131063773175,1,1
"36",0.627212299120715,0.40594734508123,19,1,1,0.462662494248551,0.271896824235707,1,1,0.430143866564464,0.323276113680313,1,1,0.996501322811166,0.692419816600191,1,1,0.83012229278997,0.808933681418972,1,1
"37",0.307800176260223,0.342751158557467,19,1,1,0.355030972867089,0.30727435893928,1,1,0.33570560173081,0.359263671489362,1,1,-0.192068397747685,0.458863089976515,1,1,0.599081674522618,0.525297900565705,1,1
"38",0.235296825116398,0.436514334952827,9,1,1,-0.0796520438102115,0.23287601657326,1,1,-0.033551925533726,0.28534803618042,1,1,-0.155631477091463,0.384687596125624,1,1,0.24083937047601,0.396392377824021,1,1
"39",0.10651216888131,0.415560007529081,19,1,1,-0.135973693108462,0.439627288938142,1,1,-0.213152416392028,0.43961381468905,1,1,0.0413042030461793,0.627912183979388,1,1,0.436357170286993,0.633094796573752,1,1
"40",-0.324886582050816,0.421220605339264,7,1,1,-0.194180422583922,0.312525759365226,1,1,-0.166822381688396,0.376064848710189,1,1,-0.151719133290978,0.414267408724065,1,1,0.788167189563697,0.493260679081042,1,1
"41",0.134410132959066,0.386339853747594,11,1,1,-2.00425946169502,2.74452727078778,1,1,-2.05091444200446,2.40802572341031,1,1,0.131443151799446,0.521781221997553,1,0,0.502795211939922,0.529221346541701,1,1
"42",0.627095618797169,0.393863921136034,19,1,1,0.813001685625373,0.392452290471163,0,0,0.870288916894804,0.404055072505598,0,0,0.90325200164768,0.443184819499498,1,0,0.89505285188458,0.494838118426173,1,1
"43",0.417486441766655,0.342931939912845,19,1,1,0.285234971104177,0.306831075760225,1,1,0.303964337301,0.340701664690355,1,1,0.752592843483427,0.613534301113966,1,1,0.778262107677947,0.576386586409548,1,1
"44",-0.521226963651877,0.374011828724578,17,1,1,-0.132119954433249,0.360072237650852,1,1,-0.350034276705093,0.440306560219665,1,1,-0.411767615463443,0.407658038446834,1,1,0.195988636551652,0.517326916829566,1,1
"45",-0.0708615934443564,0.439808357838185,15,1,1,0.199884047351668,0.377559398175247,1,1,0.111068523816222,0.376505659014838,1,1,0.203345675013512,0.975254589225376,1,1,0.694534602207582,0.975588519866633,1,1
"46",-0.150756893778055,0.449622167725771,9,1,1,-0.570595782058653,1.0466444784727,1,1,-0.316769643194227,0.910561576351124,1,1,0.333083923005912,0.782329475945535,1,1,0.502198164066389,0.817551875222196,1,1
"47",0.328165591424593,0.373798421217721,19,1,1,0.407109303960998,0.326165257134867,1,1,0.550203001817853,0.365277936703292,1,1,0.185760471111425,0.532467941570183,1,1,0.783530349804983,0.516954350662098,1,1
"48",-0.0714903804802397,0.376916476234716,13,1,1,-2.87745699097443,3.21803317652241,1,1,-2.66109586332826,2.97533916937926,1,1,-0.702019664666601,0.622365365533124,1,0,0.323541207208115,0.691918532267683,1,1
"49",-0.372963956943199,0.378485303542008,17,1,1,-0.387042319711921,0.301275467202492,1,1,-0.373164683167855,0.282037172383318,1,1,-0.35056807334427,0.668595244594754,1,1,0.332453941733261,0.608668643903557,1,1
"50",0.320435589053998,0.33810605860887,19,1,1,0.765099300464703,0.533398826386912,0,1,0.803449218120574,0.545313357000505,0,1,0.564959295639253,0.457178289949501,1,1,0.647362080632581,0.466231788342095,1,1
"51",0.535639320706276,0.347175633956659,19,1,1,-1.38719582713893,1.96477999328033,1,1,-1.35597577075159,1.7505532205625,1,1,-0.152891592901002,0.451663934271987,1,0,0.860446709887445,0.452201580161981,1,1
"52",0.643051002474144,0.565366702199995,5,1,1,0.694783743099089,0.382063692516703,1,1,0.726871409464829,0.43629513492943,1,1,0.178041221647347,0.453002254017768,1,1,0.775707956221644,0.480857532290711,1,1
"53",0.4272005450345,0.497352485396354,13,1,1,0.45480718652565,0.287113154039417,1,1,0.552616012710749,0.334554023286621,1,1,-0.505475347907021,0.955983900909725,1,1,0.815100735779365,0.870178541573515,1,1
"54",0.252720637737198,0.381601377540415,15,1,1,0.477904226775815,0.333854148500034,1,1,0.541327779507957,0.343148449872621,1,1,1.05686229376692,0.547471693221418,1,1,0.95520582749765,0.559853269591764,1,1
"55",0.283683698633684,0.372963956511385,11,1,1,0.553855816603148,0.270910133382664,1,0,0.474732639801403,0.296921057773465,1,1,0.680590630633046,0.452131551868675,1,1,0.848821569026836,0.511952435953879,1,1
"56",0.27798555263851,0.399690174692051,15,1,1,0.0453785890863326,0.228031573916577,1,1,-0.00810439785697209,0.262568738367908,1,1,0.222052931073761,0.614497772999821,1,1,0.501777459005535,0.722322422475108,1,1
"57",-0.102989994958582,0.415372838400887,11,1,1,-0.397222035104677,0.539503658591577,1,1,-0.347087393253066,0.487500967995642,1,1,-0.6474871607892,0.599640506318103,1,1,0.431126659541081,0.608468062432861,1,1
"58",0.0739129093464056,0.398325153969192,17,1,1,0.0546982990464064,0.328049627348089,1,1,0.0968447593119736,0.366505950132462,1,1,0.497209779542376,1.02637629419345,1,1,0.601685303523713,0.943868196543141,1,1
"59",0.879488224638773,0.308044660977979,11,0,0,0.834735630960291,0.581694629892226,1,1,0.6602472268075,0.750903052933231,1,1,0.734108489528391,0.359854994366458,0,1,1.07923391485969,0.398826660178493,0,0
"60",0.569522057492082,0.43924361332648,19,1,1,0.647634709044184,0.541973649710707,1,1,0.559468830163905,0.499324008894267,1,1,1.10556931595874,0.702533110837027,1,1,0.578659997019952,0.617946250092715,1,1
"61",1.29585757701516,0.472978712639553,15,0,0,1.11616520263839,1.19719262349615,1,1,0.964473971368371,0.936164485892875,1,1,-0.302792613798389,1.24625228149755,1,1,0.529418957316186,1.23586146344703,1,1
"62",-0.0597510488582272,0.375912036438196,9,1,1,-0.0717619368642864,0.327154781857394,1,1,-0.254953822630829,0.419607631344559,1,1,-0.104459389818696,0.404565953915134,1,1,0.170101224678577,0.451140002401763,1,1
"63",-0.365908007990286,0.395181995481324,17,1,1,-0.250110088401558,0.400006018974239,1,1,-0.198789298531641,0.40432131517941,1,1,-2.12174951566583,1.05483232905534,1,1,0.455856779663888,1.07836682223131,1,1
"64",0.546824229142471,0.35949218865396,1,1,1,0.869736390895173,0.362517962355686,0,0,0.433143557600209,0.494683443068955,1,1,0.681748753720578,0.359219482408598,0,1,0.546824229142471,0.347401317554748,0,1
"65",0.177104012977151,0.391343072135248,19,1,1,0.121124025829195,0.239259975539121,1,1,0.176635464236127,0.271756221634994,1,1,-0.303991661600217,0.748646825162461,1,1,0.660065633465306,0.720597126890759,1,1
"66",-0.134636710199938,0.420553059859002,13,1,1,0.182674596639732,0.266740799726388,1,1,0.219613173412101,0.304723536087555,1,1,-1.35793811131463,1.03882049365808,1,1,0.537868225237127,1.01201082646618,1,1
"67",0.30965824482948,0.413668675403599,15,1,1,0.280627354362671,0.317800625558466,1,1,0.182419513586034,0.347891024965591,1,1,0.27420767021886,0.722179685343385,1,1,0.638916839311992,0.735419463216495,1,1
"68",-0.0441175255916945,0.364516923401768,7,1,1,0.174165098731125,0.237628870875845,1,1,0.066137654163656,0.247473734653883,1,1,-0.91405225564061,0.726459099544915,1,1,0.398347242792972,0.713106055441001,1,1
"69",-1.01180038415476,0.468461148572134,3,1,0,-1.3161226077239,0.96051356354487,1,1,-1.18857546760012,0.978701836450672,1,1,-0.903880309350343,0.47245540065052,1,0,0.0495184710169556,0.46555929680285,1,1
"70",-0.387590188148819,0.407837025609421,17,1,1,-0.0983754465324651,0.269652809636625,1,1,-0.159155679966138,0.310859785288212,1,1,0.311774087886085,0.681169860581662,1,1,0.295055912829201,0.662216784631379,1,1
"71",-0.861694273825314,0.457655381920192,7,1,1,-0.723936167331322,0.587459357388853,1,1,-0.900504639134356,0.65338546137927,1,1,-1.76584406768157,0.620534583242384,1,1,-0.0618061870172506,0.657387766402933,1,1
"72",-0.251237878254875,0.299510336479968,13,1,1,-0.0639769422731286,0.280781629436672,1,1,-0.308029537563609,0.374136742250861,1,1,-0.163112842568827,0.459862973685946,1,1,0.559521251331459,0.473518125550688,1,1
"73",-0.852495267853978,0.364152124374709,13,1,0,-1.22878848159534,1.1708381599104,1,1,-0.941379409070823,0.836337876711867,1,1,-1.03172505891402,0.612807886177868,1,1,0.152503255195801,0.630522808764689,1,1
"74",-0.176588856200683,0.36711168264663,13,1,1,0.182950608222275,0.294230590983813,1,1,0.204629207456166,0.304993558232493,1,1,0.0813953595120954,0.527146271767251,1,1,0.739212077195974,0.601561051260683,1,1
"75",-0.0568706979692745,0.409829846056669,13,1,1,0.096246993238422,0.290647299916589,1,1,-0.044167306065689,0.311510508949771,1,1,-1.20082727930253,0.904145052890458,1,1,0.247913829269226,0.987532592465387,1,1
"76",0.407885552420746,0.320139115976915,15,1,1,0.585463512704027,0.220977651315997,0,0,0.682223175366503,0.257626956018077,0,0,0.955643652961549,0.633083314799591,1,1,1.11837861790389,0.562106574315761,1,0
"77",-0.336020316269058,0.326096351842061,15,1,1,0.581990047067216,1.0418008982587,1,1,0.571997093923391,0.899753760586272,1,1,0.404461332753255,0.463228174549254,1,1,0.201591960641494,0.434976230324435,1,1
"78",0.488547058405667,0.2913918683684,5,1,1,0.516614256701834,0.293723599598519,1,1,0.484358952239605,0.315973322193443,1,1,0.526182016063825,0.279752601629002,0,1,0.676853926146805,0.305353789874834,1,0
"79",0.319106004957781,0.406587921635671,19,1,1,0.72507089008059,0.410253239520088,0,1,0.677546337567177,0.416847387782314,1,1,2.27981770923022,0.976155731317206,1,1,0.698487401966563,0.915066832523888,1,1
"80",0.108881159531816,0.444471564180132,11,1,1,0.512126318327368,0.23177943605975,0,0,0.481135416218501,0.284978569543015,1,1,0.927142111726502,0.587511075214989,1,1,0.808092747143717,0.609191859247817,1,1
"81",-0.122084942880354,0.361618045900323,9,1,1,-0.309700729116749,0.593802081650056,1,1,-0.294202277399813,0.612776534008452,1,1,-0.00862456314499822,0.722546268389247,1,1,0.435531677219342,0.785456652326257,1,1
"82",0.404296371090955,0.29417345215656,7,1,1,-0.0970768577787214,0.368056570001318,1,1,0.066397741121186,0.362361996088706,1,1,-0.32955038196316,0.269501663678608,1,1,0.571385579862514,0.303963715468137,1,1
"83",0.575927326371042,0.308128877721461,17,1,1,-0.111538008754309,0.610116001553437,1,1,-0.287754803975899,0.828947994424899,1,1,-0.550513883918303,0.619882949865913,1,1,0.826392120056926,0.587584556311124,1,1
"84",0.387651437122976,0.32387979128121,15,1,1,-0.204913058526287,0.598497339852411,1,1,-0.232289394543248,0.674429014075086,1,1,0.248157803984113,0.472139302047325,1,1,0.720508502568815,0.416677141962296,1,1
"85",0.556801609757814,0.480282363008942,3,1,1,0.526090580684141,0.395484265983346,1,1,0.307859761938411,0.449973423233143,1,1,0.919928010102378,0.447006146917167,1,1,0.352187123269581,0.515260720443635,1,1
"86",0.0152708246987089,0.439847869271633,7,1,1,-0.0724941366070738,0.362402739776195,1,1,-0.0627789901406056,0.378971061755842,1,1,-0.188461230191373,0.698659640589214,1,1,0.457486072225892,0.66662033054937,1,1
"87",0.402712321458675,0.328629922326651,19,1,1,0.152470085338804,0.284763587733184,1,1,0.0820814723198689,0.326702935666897,1,1,-0.191890161272011,0.549919685994366,1,1,0.517230365898754,0.515066511314168,1,1
"88",0.329682724536496,0.263181607526496,17,1,1,0.647705957847309,0.244113919973632,0,0,0.650791389576321,0.232828960100423,0,0,0.746775211347961,0.386699005019967,1,1,0.856304549381617,0.397073067353703,1,0
"89",0.120389164518562,0.409955239870303,13,1,1,-0.281500889906985,0.466638475546536,1,1,-0.283117031161671,0.51389058937169,1,1,-0.645518272902105,0.659890040212193,1,1,0.558296667380897,0.57226126128811,1,1
"90",0.330587487483792,0.449615418212471,17,1,1,-0.196215693428393,0.333316862231182,1,1,-0.228814860087513,0.379113071381669,1,1,-0.87815405535073,0.4826362040415,1,1,0.41074237075987,0.607240863763388,1,1
"91",0.0295694935709136,0.318825393720568,15,1,1,0.219438671403343,0.244568953572141,1,1,0.175770719916331,0.256829554592468,1,1,-0.147981675944754,0.616385036906476,1,1,0.838377027689638,0.589434183730841,1,1
"92",0.192050239247318,0.375581065778161,19,1,1,0.30782197048358,0.663674446989028,1,1,0.264514391444268,0.632942632743117,1,1,-0.401944869733057,0.957424990277615,1,1,0.365950593956446,0.8989348807946,1,1
"93",0.0974838508486289,0.427457437132268,9,1,1,0.0592862131189681,0.522798249944271,1,1,0.016299814883719,0.483560566383134,1,1,-0.17537685262841,0.422411848675657,1,1,0.720484975192302,0.450624668777807,1,1
"94",-0.372718610904915,0.436121824140235,13,1,1,-0.575836406323787,0.433250763391785,1,1,-0.550151493339744,0.383684113982182,1,1,-0.794773169641968,0.460076377507586,1,1,0.20951296566898,0.475364008872869,1,1
"95",-0.197220065394831,0.457912464341824,11,1,1,0.0652170256683171,0.216470984513461,1,1,0.0451960749611463,0.230094540596839,1,1,0.142991607606336,0.497942200724543,1,1,0.330505476370045,0.520836120505551,1,1
"96",-0.0907702902489078,0.336917718555282,19,1,1,0.217101426143508,0.527828852541938,1,1,0.204343691807644,0.639604418756189,1,1,0.318471147494809,0.546732740526342,1,1,0.870570904905484,0.602539562725455,1,1
"97",0.786870930792751,0.472006330954272,19,1,1,0.972077568503656,0.410805059652236,0,0,0.765582929764298,0.386855033921687,1,0,1.14722721607886,0.908490600393144,1,1,0.650558778626671,0.832119950136597,1,1
"98",-0.0452007794639454,0.411675125116542,5,1,1,-1.04445464447909,1.47142951467233,1,1,-0.540583489360629,1.04076754813054,1,1,0.0835365507899642,0.428662028844843,1,1,0.536878650221112,0.468407874082163,1,1
"99",0.0692175551313754,0.384162637354803,11,1,1,-0.0132365444466268,0.328326871965392,1,1,0.026275180999121,0.323306519581521,1,1,-0.88768332231665,0.668043990659221,1,1,0.400212750065439,0.612888636509323,1,1
"100",0.209269868689682,0.306811344485584,19,1,1,0.288373135135249,0.204653527712586,1,1,0.303358408032337,0.242288391615333,1,1,0.0754332964011848,0.38149291555495,1,1,0.817289772725325,0.42553211002088,1,1
