"","V1","V2","V3","V4","V5","V6","V7","V8","V9","V10","V11","V12","V13","V14","V15","V16","V17","V18","V19","V20","V21"
"1",-0.419233860240831,0.352136585553665,19,1,1,-0.840079844889417,0.798357442837788,1,1,-0.810565384593088,0.541723290674527,0,1,-0.487552997721387,0.367351261921399,1,0,-0.550350320754227,0.462186996013304,1,1
"2",0.346482345472407,0.377484492090942,11,1,1,0.582561199562034,0.277995597802802,0,0,0.358162290602958,0.376736336132462,1,1,0.510435209134716,0.537356062788387,1,1,0.254252809053583,0.514507749770771,1,1
"3",-0.193171911164406,0.425207063610398,17,1,1,0.0336098352585922,0.417371488746439,1,1,-0.293803482329463,0.54455193928637,1,1,-1.28796361485856,1.2324402062445,1,1,-0.142979275313093,1.16881473638686,1,1
"4",-0.335343622632947,0.378434710548605,19,1,1,-0.321060688648765,0.447895785649993,1,1,-0.498939711755493,0.326215817781429,1,1,-0.650026478091204,0.542650178610602,1,1,-0.203146876292162,0.537994388689101,1,1
"5",-0.166431314233402,0.324805904769248,15,1,1,-0.0874089169863554,0.290264565286134,1,1,-0.153916988043165,0.313610282874557,1,1,-0.0440230035266217,0.384964835658386,1,1,-0.283053984915472,0.338989423895316,1,1
"6",-0.440089892545549,0.33399917392561,15,1,1,0.0914257804960576,0.243891531126502,1,1,-0.176086310332336,0.341603471289476,1,1,0.275900092578346,0.641446506325164,1,1,-0.257998840778642,0.614418072860212,1,1
"7",-0.268846099267209,0.370764879380651,7,1,1,0.142649229159649,0.232027591887486,1,1,-0.1157739681734,0.249652489930167,1,1,-0.248784730676517,0.375372072887366,1,1,-0.0953759306925914,0.395496986045524,1,1
"8",0.0854591814011462,0.414211078070787,15,1,1,0.0916781878981519,0.255139747113125,1,1,-0.152563229998489,0.291174671716332,1,1,0.20788228317755,0.455841008622798,1,1,-0.0128865819724755,0.459972839248096,1,1
"9",-0.100833620098191,0.345436429068977,19,1,1,0.142454489454854,0.332093740680784,1,1,-0.0146801066962971,0.282259804041645,1,1,0.53232019520887,0.440150180725175,1,1,0.0370035426814322,0.496140863150114,1,1
"10",-0.0971861335545968,0.429497820735497,19,1,1,0.428598577367933,0.305149048875085,1,1,0.239215891663824,0.36723917808672,1,1,0.477368417708929,0.423974689511793,1,1,0.229880415065249,0.473985554436407,1,1
"11",-0.535376494078933,0.380913479601499,17,1,1,0.0363894419599496,0.169914006433698,1,1,-0.241854548645785,0.273602244474956,1,1,0.0717281016551603,0.526707142761434,1,1,-0.156811421646269,0.484240015256903,1,1
"12",-0.0859463558302097,0.279991984015156,13,1,1,-0.857159497250829,2.49424539275245,1,1,-0.165710850751005,2.56248570532578,1,1,0.248196441397,0.514206328891931,1,1,0.00196880647632144,0.529306063133308,1,1
"13",0.193847129380996,0.395636158924331,11,1,1,0.00293611287554276,0.732075450274291,1,1,-0.0940047906679091,0.580185337101502,1,1,0.265069435880645,0.386659122125148,1,1,0.013880588022355,0.416147039331129,1,1
"14",-0.347422274878266,0.349299468814822,13,1,1,0.291890327353075,0.251336838200861,1,1,0.223087221338656,0.368589980218283,1,1,0.496073977363126,0.41683794958587,1,1,0.262477899562911,0.443065626244542,1,1
"15",-0.419027867595456,0.366226313751965,11,1,1,0.0951580877091828,0.213613515889145,1,1,-0.26402828904635,0.280532847815623,1,1,-0.223996831562123,0.37503387307344,1,1,-0.177138156698972,0.457941477971549,1,1
"16",0.282466315743011,0.363349518960227,15,1,1,0.885509963037803,0.442595950003065,0,0,0.673978904767686,0.387462870315046,1,1,1.33043021829649,0.370991642626255,0,1,0.235947714405903,0.420853148687281,0,1
"17",-0.797603325404461,0.486072411147164,9,1,1,0.0635018844439293,0.278729003908429,1,1,-0.471561518318406,0.356036208938351,1,1,-0.376468374834983,0.928966935869915,1,1,-0.362198225639506,0.865162628301252,1,1
"18",-0.128188569672276,0.376044179279589,19,1,1,0.173845054233012,0.316900032996439,1,1,-0.108702932821648,0.389646780154383,1,1,1.03208821524529,0.649152763631664,1,1,-0.2696143285779,0.673716310264445,1,1
"19",-0.443837328109979,0.414851869116355,17,1,1,-0.155540239342864,0.454852636279437,1,1,-0.25473800949767,0.481848141830593,1,1,-0.164697828557834,0.627538896349062,1,1,-0.188837445781622,0.609534274245902,1,1
"20",0.181574250919642,0.350052083346289,13,1,1,-1.07819631420201,2.09315824709295,1,1,1.14307415662617,1.26392920904783,0,1,0.538251290681421,0.368194988857202,1,0,0.251981621318412,0.452534097338024,1,1
"21",0.378702814656978,0.278533124492392,1,1,1,0.269281376456334,0.313943084550482,1,1,0.301884035258883,0.26247660946106,1,1,0.312121762064699,0.327123674449797,1,1,0.378702814656978,0.276259970291667,0,1
"22",-0.0690518540077869,0.437946395152641,15,1,1,0.546396981196876,0.2147651805254,0,0,0.276503270901871,0.298063087230321,1,1,0.514823387920222,0.628139787385606,1,1,0.396030842703692,0.6477558058639,1,1
"23",0.499498640242624,0.411293511484648,17,1,1,0.554230104508899,0.191182325037418,0,0,0.484587879004363,0.290299438053872,1,1,0.442157840059686,0.370086230152544,1,1,0.370238680911336,0.435108903409424,1,1
"24",0.0131704191585888,0.380205043297059,11,1,1,-0.200447440741788,0.606517927832254,1,1,-0.395198900674108,0.362680976085411,1,1,-0.0665816219446152,0.49958082856193,1,1,-0.297987336206879,0.459998051157828,1,1
"25",0.437380680961859,0.362147075159805,19,1,1,0.500916710441707,0.170043393915625,0,0,0.431701940151969,0.218461163688404,1,0,0.462572188612921,0.452934237698861,1,1,0.393517574289903,0.52332403067416,1,1
"26",-0.00105150924534464,0.313000686227625,11,1,1,0.321420500873701,0.588285144492342,1,1,0.478146618427276,0.510291731185858,1,1,0.426487287033302,0.400662310830127,1,1,0.302785851713138,0.362284372774445,1,1
"27",-0.032408580830854,0.304806285047968,15,1,1,-0.294996521635692,0.413107902082061,1,1,-0.36068029694817,0.522378028517315,1,1,0.00840713360119039,0.338816833865104,1,1,0.0976552640809001,0.342106730717268,1,1
"28",0.189867415831466,0.336296838714313,19,1,1,0.498175084527476,0.291411859466234,1,1,0.276637208218536,0.266111282473806,1,1,-0.24298499789598,0.559306285115532,1,1,0.305581203701979,0.507117870650612,1,1
"29",0.100236856168911,0.47023026533972,9,1,1,0.53652965823476,0.261500891653219,0,0,0.100621400250857,0.365164984866636,1,1,1.37496071322357,0.847303460033819,1,1,0.192792465516738,0.825251580926347,1,1
"30",0.273425387225467,0.318769891625089,9,1,1,-0.060051715576618,1.15839372230602,1,1,0.177771981922907,0.765204892041732,1,1,0.170479751007149,0.508683162544711,1,1,0.198975020322221,0.539374834237032,1,1
"31",0.476387942375559,0.41579129890808,19,1,1,0.544084214283335,0.413011284733462,1,1,0.609813423309567,0.320510490245337,1,1,1.12185349095383,0.769370573814811,1,1,0.375075884133495,0.757832036043502,1,1
"32",-0.48487188941998,0.415099603360347,15,1,1,0.377293945770851,0.331453824524586,1,1,-0.0392172118291179,0.450846299883485,1,1,0.569436827004634,0.672108353380408,1,1,-0.232125619529396,0.687914614119896,1,1
"33",-0.354712855045661,0.360937588740933,13,1,1,0.000745231379676672,0.311324587573201,1,1,-0.261174891714017,0.351152566821643,1,1,-1.44905211841644,0.857556918147789,1,1,-0.308696249021044,0.793528063663989,1,1
"34",0.696289928973957,0.427804035220724,3,1,1,0.410861833772002,0.46926238288389,1,1,0.130657165355413,0.459016480752874,1,1,0.670963790221312,0.423850795465925,1,1,-0.0785613890784882,0.522694691427628,1,1
"35",-0.156848439195375,0.445423125995204,11,1,1,0.372415265541733,0.393304450503215,1,1,0.228502285248709,0.673204228125343,1,1,0.646351726922027,1.00990769647056,1,1,-0.0472147403049916,0.989304180070482,1,1
"36",-0.378242518476318,0.443126050757006,19,1,1,-0.556014982171589,0.619043559410662,1,1,-0.455661003521025,0.349539267558943,1,1,-0.377334304786221,0.823798852541478,1,1,-0.300498041382433,0.812379747104467,1,1
"37",0.812717238086362,0.539087257205559,9,1,1,0.839966879026047,0.559375236869436,0,1,0.682506797809252,0.481537016310645,1,1,1.13891577972137,0.944961236017482,1,1,0.308439440071226,0.79103132315548,1,1
"38",0.631782311051444,0.356058311118851,9,1,1,0.431521666078779,0.367447866172006,1,1,0.362953926354824,0.336043919283089,1,1,0.201373633867489,0.507087195335216,1,1,0.343657716054071,0.457194269488977,1,1
"39",-0.358720304941017,0.332963414642229,3,1,1,-0.180578949851223,0.299359510003231,1,1,-0.299129892138284,0.263738407162273,1,1,-0.564935132437924,0.294556570955295,1,1,-0.209672990732485,0.394647050879123,1,1
"40",-0.128704077972014,0.370824897075732,17,1,1,-0.0561727783339187,0.28418171025583,1,1,-0.418653731382539,0.289786265388533,1,1,-0.00567345574937335,0.493317497230834,1,1,-0.226511513803876,0.500342789865784,1,1
"41",0.800506628553056,0.473741626179292,15,1,1,0.973529914951217,0.761296889546852,1,1,0.761701064207926,0.615459155100923,1,1,1.29481224917079,0.6349931126467,1,1,0.506722859821518,0.689051356117884,1,1
"42",0.00788761478954449,0.397201486315241,17,1,1,0.663197510314196,0.47695478005291,1,1,0.512805234886291,0.511796201458623,1,1,0.457233818093354,0.46614459159709,1,1,0.166143376470796,0.54336951287402,1,1
"43",0.0711070161231313,0.510723232437032,11,1,1,0.0845542728169122,0.443540055398342,1,1,-0.0526650752787622,0.433263842568796,1,1,0.727029828696341,0.959012100093651,1,1,-0.235764899905025,0.979745499040551,1,1
"44",-0.0043245374222247,0.438132776739533,19,1,1,0.138361275932248,0.447054616289108,1,1,0.525154156315254,0.621372518043616,1,1,0.349961749847508,0.637867968694516,1,1,-0.132526970515062,0.642871567011529,1,1
"45",0.0175498547228822,0.413181536445612,3,1,1,-3.16193622462258,3.20208130471476,1,1,-1.83281829655999,2.33727579244967,1,1,-0.20754898762121,0.440062736062829,1,0,-0.35930587940604,0.400291729325189,1,1
"46",-0.72495300562287,0.455694630709841,13,1,1,-0.827877298887977,0.580394269133953,0,1,-0.936418470781461,0.367721427520045,0,0,-0.847132303610933,0.522481919530935,1,1,-0.422555866987955,0.668232987846675,1,1
"47",0.607116439167434,0.398986645644259,17,1,1,0.537549101650668,0.249105067389308,0,0,0.372979957745689,0.276437657068315,1,1,0.0367561044543472,0.641575497390593,1,1,0.35193996684905,0.688463076761147,1,1
"48",-0.388950521011849,0.510475120749823,17,1,1,0.0196675875758563,0.303374537504339,1,1,-0.0678366001707243,0.34856768779715,1,1,-0.412669710510767,0.489832443801031,1,1,-0.0585630115066311,0.458296218161846,1,1
"49",0.776361903407087,0.37051173938442,17,0,0,0.707398416989415,0.417707521855137,1,1,0.73989942369132,0.467503253638778,1,1,1.06855485245952,0.518549022647016,1,1,0.393057264863823,0.477297707870912,1,1
"50",0.811399145332753,0.373740517596893,7,0,0,0.702074339513055,0.239778997501413,0,0,0.634171060722831,0.261882647510524,0,0,0.567961447665281,0.328445289416179,1,1,0.414707251656902,0.384284408802027,1,1
"51",0.190969699356282,0.370419128841117,7,1,1,-0.649152033971203,0.943835631273312,1,1,-0.612247564212483,0.833494385214873,1,1,-0.325024988281061,0.571563965957782,1,1,-0.144924278087686,0.517837639451833,1,1
"52",-0.609435002930623,0.496738244198642,7,1,1,0.0973447313656044,0.269651949807222,1,1,-0.290821918143485,0.310697112050656,1,1,0.707278874424361,0.956501057451024,1,1,-0.0814356972594186,1.02023708393535,1,1
"53",-0.348549768856713,0.294777109433774,15,1,1,0.302684878160622,0.473002312660407,1,1,-0.0366897795728915,0.364233121487756,1,1,0.38606529958783,0.473967682740224,1,1,0.158714863728406,0.440766563755521,1,1
"54",0.0236111438553676,0.425392517903421,17,1,1,0.0434497553617247,0.393256637325454,1,1,-0.136456913027199,0.418543268143866,1,1,0.80157968855629,0.738547219352999,1,1,-0.0060236044582771,0.694861019174226,1,1
"55",-0.455758147658032,0.356120824626951,17,1,1,-0.249624408469468,0.266048821896592,1,1,-0.561174969157204,0.297387566912659,1,1,-0.194108014944623,0.436454294879377,1,1,-0.46088225106054,0.444847012418597,1,1
"56",-0.112773500974804,0.313055515328894,19,1,1,-0.948691125223755,0.852774066622419,1,1,-0.439099024272498,0.360393417171943,1,1,-0.170340922484009,0.298104591048863,1,1,-0.0288705708675047,0.352680905470422,1,1
"57",-0.318029100274878,0.372036693241749,17,1,1,-0.0430524565382693,0.298158876304818,1,1,-0.326758281945431,0.313798013420418,1,1,0.202679256520289,0.548825922459658,1,1,-0.0815111036666458,0.6458639709242,1,1
"58",-0.695734777453357,0.332840132315867,13,1,0,-0.0568288193634826,0.507647596235163,1,1,-0.112001976846452,0.474155409113342,1,1,-0.0541450508021964,0.541767237662489,1,1,0.262029252199482,0.589440054064723,1,1
"59",-0.357921391711247,0.383836279394987,11,1,1,0.0113215998383493,0.337908585281405,1,1,-0.278040826492247,0.377030382932314,1,1,0.647222760977115,0.726218833467859,1,1,-0.00976652088827648,0.628217118543963,1,1
"60",-0.168057336424517,0.430865077732477,11,1,1,-0.498622368381234,0.68169651614087,1,1,-0.17740818965651,0.410575287732546,1,1,-0.411242449145238,0.438222250352334,1,1,0.175698810091157,0.413301664472365,1,1
"61",1.72382836773736,0.382044139782364,1,0,0,1.81470021750522,0.701109568420247,0,0,1.84746002182189,0.6238597844475,0,0,1.80380807291615,0.4386313510542,0,0,1.72382836773736,0.462144241657199,0,0
"62",0.110930291604427,0.292473046005547,19,1,1,-0.162477311831485,0.374336284809079,1,1,0.0313471723903896,0.256225154457647,1,1,-0.397715017009108,0.386117163705091,1,1,-0.0187171638529381,0.422568115599808,1,1
"63",-0.226639726998424,0.388145065517918,13,1,1,0.0215020907733824,0.479433799439598,1,1,-0.0666916405487006,0.532500579512152,1,1,-0.820318032873296,0.562537819688904,1,1,-0.356368523867954,0.59910079481948,1,1
"64",0.0674854589949414,0.332631441229847,17,1,1,0.645639662687134,0.368923181657479,0,1,0.450091814988797,0.42974065318646,1,1,0.655987726679891,0.511067664875055,1,1,0.134201344420548,0.571663319620957,1,1
"65",0.13052023855889,0.448880591440581,9,1,1,-0.753106576404728,1.08723364997526,1,1,-0.863837310383846,0.728112214466765,1,1,-0.336029312282199,0.539617102720339,1,1,-0.204579080732423,0.498672678612229,1,1
"66",0.3728354436382,0.423046594865867,17,1,1,-0.213911290528252,0.906970164491907,1,1,-0.427712900023536,0.842960755252569,1,1,-0.716502294517051,0.787430944277463,1,1,0.204951258925719,0.902882510856329,1,1
"67",0.325518073706344,0.400090522362457,15,1,1,-5.14159587856899,7.48964059441066,1,1,-0.204542515332481,3.49549213003866,1,1,0.0728598755848203,0.695218088228238,1,1,-0.62136948173539,0.672405299183075,1,1
"68",-0.145778715655326,0.382753789139443,13,1,1,0.181595943327305,0.684582803737389,1,1,0.367444912702894,0.541731546832461,1,1,0.681688901108553,0.568583261075588,1,1,0.423376597183529,0.501723590712971,1,1
"69",0.277232132716162,0.338531699566136,19,1,1,0.778228550579788,0.739216751580264,1,1,0.869233935937088,0.616480087180891,1,1,0.774528664421125,0.452168563279937,1,1,0.154788981749928,0.485907848329614,1,1
"70",0.387301350122708,0.397461837715887,5,1,1,0.54035049167013,0.409926584076546,0,1,0.400748663935788,0.516134895937272,1,1,1.05789387980233,0.565362053540518,1,1,0.102967093506354,0.525593749741352,1,1
"71",0.470077029261211,0.374364383110104,15,1,1,0.398940289329367,0.568856502501363,1,1,0.0795287680824497,0.5716015607428,1,1,-0.632265947606089,1.22473728446855,1,1,0.0276300274946517,1.26856923893637,1,1
"72",0.35843607976152,0.407033464403766,19,1,1,0.447173895394625,0.232885002892889,0,1,0.00790088740470559,0.337295451084494,1,1,0.726015947120532,0.838629258936539,1,1,-0.12118361942156,0.821231687480468,1,1
"73",0.198998521578325,0.390802129857897,13,1,1,3.73288289606544,5.49613408874506,1,1,3.44333680050955,4.1545343887026,1,1,-0.0995852130221702,0.721454828625731,1,0,0.492535286373094,0.555901344296353,1,1
"74",0.492938975008822,0.438534582012573,15,1,1,-4.74165010622024,7.53590868544584,1,1,-4.55193126865746,6.47537932076536,1,1,-0.11711489482591,1.19687037540521,1,0,0.354271447225723,1.24249971970464,1,1
"75",-0.086955910152905,0.427422798410737,19,1,1,0.0864112493380215,0.36295386938986,1,1,-0.0713370630604618,0.336728957048458,1,1,-0.0332203062459516,0.674980918199182,1,1,-0.13850450181556,0.667416205776781,1,1
"76",0.555769639551935,0.42776409285101,1,1,1,-0.0900747315476078,0.98357360316153,1,1,0.704135001920133,0.537995501720477,1,1,0.790154177873141,0.412445167743511,0,1,0.555769639551935,0.305396627081791,0,1
"77",0.244116138143147,0.337665692139944,11,1,1,0.552771868169378,0.281666326417266,0,0,0.20587218445945,0.329204238217173,1,1,0.409113738550198,0.451983462712459,1,1,0.327944072964563,0.399809018558569,1,1
"78",0.804813060300561,0.328683520129651,15,0,0,0.86393180676823,0.228154393264579,0,0,0.668408842997093,0.33429416261039,1,0,1.1577925987184,0.624668615570432,1,1,0.363180678693903,0.523353421699616,0,1
"79",0.379202775522842,0.34169773026114,17,1,1,0.570420462398555,0.228107626713306,0,0,0.30496323358631,0.301363507366636,1,1,0.911941962730485,0.496026809222062,1,1,0.306736224338927,0.51296984208858,1,1
"80",-0.227537931338644,0.407045638699366,17,1,1,0.880246546122238,0.413212991717083,0,0,0.800211190958667,0.790713221550842,1,1,1.26903344348507,0.813376171186044,1,1,0.120838574995159,0.811844931697746,1,1
"81",0.283673135521136,0.390865501618862,19,1,1,0.230478963830893,0.870038610458749,1,1,0.0744671080173877,0.820574168509461,1,1,-0.145368854327088,0.556249305616963,1,1,-0.0443375259398919,0.580082180955867,1,1
"82",-0.358698107600677,0.346872619841365,19,1,1,-0.408858585992031,0.440797706795408,1,1,-0.709319609583303,0.371342104382768,1,1,-0.421138128569439,0.427464154922959,0,1,-0.2195766774951,0.44381374263731,0,1
"83",0.237011366144514,0.372898538129003,13,1,1,0.430351494676322,0.349199362117257,1,1,0.452129562242766,0.344207303563136,1,1,0.434119220618792,0.535545946485839,1,1,0.482437630997775,0.533952971156544,1,1
"84",0.26632986443523,0.452663973437281,13,1,1,-0.167480061797967,0.649165884234977,1,1,-0.558089933330459,0.495893959228464,1,1,-0.610393249040618,0.847913069184731,1,1,-0.405066375555533,0.734336779456559,1,1
"85",-0.0409623383202404,0.519705373438374,13,1,1,-0.407430383183691,0.851653055190559,1,1,-0.59281788354911,0.78834573430045,1,1,-0.372182076515997,0.577169570833626,1,1,-0.0559613594723762,0.576177976964734,1,1
"86",-0.105831172456479,0.342564690694818,19,1,1,0.21027933595857,0.399411707956674,1,1,0.000468508006389629,0.374225740943459,1,1,0.691683491152329,0.795133495197649,1,1,-0.0782876335745905,0.738401446646306,1,1
"87",-0.417163951579141,0.42834013680432,11,1,1,-0.0907870796624387,0.233118122017765,1,1,-0.484828265149435,0.316522137778284,1,1,-1.17039556184495,0.702568134029162,1,1,-0.410667016318657,0.845220766567531,1,1
"88",-0.645980637808138,0.433262114728761,5,1,1,-0.231647404063451,0.292124045675954,1,1,-0.354646420676867,0.318667167955121,1,1,-0.108251470024239,0.418518364633594,1,1,-0.157740592085999,0.533710847685693,1,1
"89",0.199378392846069,0.438302893051581,15,1,1,1.48303393579486,1.00054383388408,0,1,1.50867945266619,0.889564044741019,1,1,1.30110942172019,0.692046206450291,1,0,0.299253136847728,0.438495303726828,0,1
"90",-0.0397647088187792,0.500742959028933,11,1,1,0.275842934308121,0.378364153881191,1,1,0.0563086426972279,0.517125947687679,1,1,2.10084570204774,1.28443455040067,1,1,0.0546563493496795,1.23903556813262,1,1
"91",0.18896666017656,0.454003505466331,11,1,1,0.319444137574874,0.374854195365351,1,1,0.0932699892881928,0.394462219263743,1,1,0.540094478023271,0.525384028279359,1,1,-0.1712172103558,0.560695987762911,1,1
"92",-0.392474231159453,0.513639418184386,7,1,1,0.0929123609571983,0.247366743837341,1,1,-0.180098310844757,0.338190667634487,1,1,-0.844284709099947,0.710248327665579,1,1,-0.1274255210717,0.809089517086223,1,1
"93",0.0898206412733579,0.351348732469403,19,1,1,0.126347368041138,0.227955308429235,1,1,-0.00456012150107729,0.291897866222998,1,1,0.32001026486128,0.511482851357304,1,1,0.0988699901873194,0.535622663907988,1,1
"94",-0.116107303258945,0.471921260720805,13,1,1,0.0823019808151741,0.270486443728703,1,1,-0.217938668965882,0.351268408249641,1,1,0.310941789203096,0.500363063140117,1,1,-0.196961552983156,0.502939508212865,1,1
"95",-0.301317320603418,0.400995712541848,15,1,1,-0.157621014334126,0.708306494697242,1,1,-0.111692630414983,0.483417297538118,1,1,0.337215105571134,0.746974465784016,1,1,-0.0566128164538898,0.543296623159559,1,1
"96",0.251179466869113,0.373941615962543,17,1,1,-1.3847398543705,1.75591714564845,1,1,-0.370166517285537,0.873742354026783,1,1,0.10412432595047,0.456916795458539,1,1,0.0610127991039121,0.424333546740674,1,1
"97",-0.143385162409661,0.327178934801714,7,1,1,-0.874808267112035,1.27686644321438,1,1,-0.780373013733059,1.51394385321791,1,1,-0.231918493245313,0.467245501620252,1,1,-0.0889998729633541,0.384512566522588,1,1
"98",-0.755711871924263,0.396188267157331,7,1,1,-15.2894158447316,20.7950078545931,1,1,-13.1120673438762,14.1742713446671,1,1,-0.948503042448153,0.518916403648979,1,0,-0.141654835362387,0.506677042061983,1,1
"99",0.143690975807447,0.404926101326854,3,1,1,-7.22194744055701,8.36294142494336,1,1,-2.46057676590853,3.89996384772651,1,1,0.379167609647859,0.369251789275076,1,0,-0.139954247530735,0.498348107852955,1,1
"100",0.279848327162293,0.522181879991054,7,1,1,0.0996973806498934,0.444473881615964,1,1,-0.0693186874383029,0.40250477229526,1,1,0.0273686907539276,0.557883423173089,1,1,0.240438334877514,0.459873156168884,1,1
