"","V1","V2","V3","V4","V5","V6","V7","V8","V9","V10","V11","V12","V13","V14","V15","V16","V17","V18","V19","V20","V21"
"1",-0.118325152339063,0.319108737656605,5,1,1,0.541318560134716,0.270724262387071,0,0,-0.12923025490352,0.295479154230215,1,1,0.846510132215024,0.289401318625793,0,1,0.107079434471169,0.340543114631953,1,1
"2",0.18779310105986,0.316111306649507,17,1,1,0.648672727746308,0.257438551898797,0,0,0.0634462624441422,0.313056399662139,1,1,0.293636296961749,0.36706420469143,1,1,0.256799830462521,0.377375869139186,1,1
"3",-0.11381014758176,0.369406278969097,3,1,1,0.752469162921025,0.246623519671713,0,0,-0.141363600901156,0.312333818249232,1,1,0.533345373896185,0.304719772755663,0,1,-0.179354919034461,0.329719335037071,1,1
"4",0.391182538238091,0.29927931477475,17,1,1,0.900774597034104,0.215302088436093,0,0,0.404434659996909,0.273295821760551,1,1,0.840037485344365,0.228086279370423,0,1,0.301353982883685,0.298331896155492,1,1
"5",0.323304944589031,0.35081780478868,7,1,1,0.961883506817724,0.207872170336725,0,0,0.207278249279401,0.283568871672024,1,1,0.882472503566468,0.255359538261832,0,1,0.166888973845218,0.301415869673445,1,1
"6",0.556577888279033,0.318663995444557,15,1,1,1.0004630605937,0.234620537418919,0,0,0.53184961682408,0.28115568028502,0,1,0.744286388936306,0.261136641330714,0,0,0.394794543444844,0.362325452580633,1,1
"7",0.0667003841513865,0.387885395705267,1,1,1,0.840565896034095,0.232847619871675,0,0,0.131352901421923,0.297133847122309,1,1,0.795268204242917,0.329365264063274,0,1,0.0667003841513865,0.364975199515346,1,1
"8",-0.154794056052896,0.278418296571551,11,1,1,0.856152880623628,0.206639771438326,0,0,-0.19665463285224,0.308416748908515,1,1,0.71853421908343,0.301461283466798,0,1,-0.308110241622702,0.303492476001948,1,1
"9",0.297034796032749,0.330530868435838,13,1,1,0.827622191893853,0.252314055034729,0,0,0.359770575174899,0.304619936254569,1,1,0.709139629317064,0.317303415922297,0,1,0.395589154824026,0.370888406835877,1,1
"10",0.0420148767352205,0.281245261083633,19,1,1,0.966712656788782,0.222079083039536,0,0,0.0640326355222433,0.305025771651488,1,1,0.91308868753532,0.223458508268724,0,1,-0.173844358744652,0.279791815014449,1,1
"11",0.178256908634067,0.286208463022614,13,1,1,0.82954098069874,0.180942562961921,0,0,0.209549264093879,0.270904761249507,1,1,0.862594819924991,0.240268255301654,0,1,0.233951944774567,0.306236918486328,1,1
"12",-0.432661810282633,0.318066958428523,13,1,1,0.390457329981176,0.23231026765275,1,1,-0.331460362889885,0.286525400071581,1,1,0.169020440174248,0.259117889756501,1,1,-0.395096886180827,0.328693993917562,1,1
"13",-0.109914744688751,0.28463297385809,17,1,1,0.497239534656816,0.218939697316728,0,0,-0.133112766497047,0.282151400051521,1,1,0.484930854925815,0.276032385954367,1,1,-0.0251399026021314,0.322142833802068,1,1
"14",-0.193355452116149,0.30402627079531,1,1,1,0.436338412698315,0.232595977951855,1,1,-0.176009471521091,0.284251278691427,1,1,0.461345418217365,0.249515883200902,1,1,-0.193355452116149,0.315450054729642,1,1
"15",-0.138111590588496,0.303193962648628,7,1,1,0.299734915386755,0.446589254900886,1,1,-0.364575168336443,0.469486647614756,1,1,0.587826240657724,0.34412769755103,1,1,-0.0796322816344078,0.370082084604625,1,1
"16",0.0962809075348912,0.31933867272687,9,1,1,0.914329154968611,0.24753978812789,0,0,0.126475642405829,0.351482833850289,1,1,0.777414851443887,0.336849919951377,0,1,0.030757727105526,0.348545979368501,1,1
"17",-0.458990520416226,0.309938926822956,11,1,1,0.433017312634733,0.172204667721178,0,0,-0.432068844852739,0.272169740222252,1,1,0.505141091609643,0.270178389215763,1,1,-0.475489152300116,0.311237519535293,1,1
"18",-0.871360854190715,0.308129139515622,17,0,0,-0.0985060752894377,0.348299361937989,1,1,-0.727280811221856,0.473052330425602,1,1,-0.0356782399368495,0.326663523862009,1,0,-0.565858092778217,0.315770842679509,0,1
"19",0.0806283184560575,0.258962491478917,1,1,1,0.725255769647312,0.213253029310822,0,0,0.0444398641533036,0.241024295455979,1,1,0.741902010066426,0.226030832285748,0,1,0.0806283184560575,0.286251079502263,1,1
"20",-0.0507122813276997,0.298024186902746,1,1,1,0.685209679416779,0.237216980699934,0,0,0.0193540745338454,0.280603749014329,1,1,0.569006759671357,0.269976114993965,0,1,-0.0507122813276997,0.271350000465077,1,1
"21",0.0800550044255257,0.25061478546567,7,1,1,0.802648182336192,0.208051327770067,0,0,0.0964650980402947,0.250054164122114,1,1,0.837049150423976,0.249010488521884,0,1,-0.0476534218754245,0.292868754007732,1,1
"22",0.274447465804698,0.381998025511185,15,1,1,0.883494475596406,0.244459957519336,0,0,0.305328423068124,0.309999547861454,1,1,1.02085333583278,0.415680276325898,0,1,0.121538031914828,0.443984079154468,1,1
"23",-0.348452129820388,0.373847063152019,9,1,1,0.538718030639028,0.230808276694397,0,0,-0.258332911965714,0.29350020586759,1,1,0.322256076273754,0.333426772540183,1,1,-0.211148864210684,0.335677644112378,1,1
"24",-0.147314807245934,0.310726559665348,19,1,1,0.588774999737665,0.266518045950369,0,0,-0.189868076267132,0.25537281802351,1,1,0.301877689562204,0.349794590569768,1,1,-0.0535029604052905,0.420210864266344,1,1
"25",0.237421570299609,0.311308621879961,15,1,1,0.764639051082578,0.200410003131204,0,0,0.218639538853998,0.287794150532735,1,1,0.599448971668772,0.342533539906001,0,1,0.22447498664743,0.386975200479342,1,1
"26",0.0748269696599463,0.317373035749859,15,1,1,0.686315240997197,0.245640510491506,0,0,0.00367552363568473,0.31194260087339,1,1,0.864093646070142,0.303476709057309,0,1,0.10244493337652,0.316697999828785,1,1
"27",-0.335069859054281,0.296351978431119,7,1,1,0.161945940402159,0.224727068202182,1,1,-0.372719275313486,0.271304065579967,1,1,0.163839440721444,0.270743315743937,1,1,-0.26024323579316,0.340942509445855,1,1
"28",-0.135359556763889,0.369486710248221,5,1,1,0.858270713533971,0.263411275761094,0,0,0.0690838656850427,0.407291361976068,1,1,1.35955918674006,0.33038334356371,0,1,0.144304920772904,0.406674614259108,1,1
"29",-0.403851501806251,0.312981647753577,3,1,1,0.142636618738874,0.246249591093979,1,1,-0.541520473038096,0.281385847358181,1,1,0.542533121825957,0.267412962663343,1,0,-0.326581759950141,0.327910706303432,1,1
"30",-0.351904745755494,0.343228134884502,3,1,1,0.525094653746845,0.213745677176163,0,0,-0.335592715578859,0.290198994711482,1,1,0.626974176140452,0.259600157104411,0,1,-0.255540685612266,0.31111477108801,1,1
"31",0.258670458840929,0.306054934405881,15,1,1,0.668148301528248,0.238631420307182,0,0,0.185464648930745,0.33922410945554,1,1,0.556337953368461,0.317992687936135,0,1,0.36781379693953,0.38510689252563,1,1
"32",0.170449151071053,0.3140365740414,15,1,1,0.756533489688437,0.271073015720684,0,0,0.117423878693216,0.321571155858472,1,1,0.553659198324152,0.311868709901476,0,1,0.113190778439257,0.390090171469301,1,1
"33",0.249256320478995,0.352933199250871,13,1,1,0.981325311123539,0.233848819400104,0,0,0.25222253033469,0.307859018087224,1,1,0.686921762928946,0.31896841326937,0,1,0.0869170776986177,0.356720750430182,1,1
"34",-0.273810953477312,0.282021129270602,11,1,1,0.522214675651059,0.249342507937292,0,0,-0.239316722143331,0.27080283190262,1,1,0.488470591986308,0.287519172193759,1,1,-0.149309057518888,0.31531781316571,1,1
"35",-0.207243308989222,0.287049610119585,19,1,1,0.683299890508479,0.210497345939471,0,0,-0.249210784205737,0.24173500636584,1,1,0.559117526175948,0.279440344309281,0,1,-0.254221201239489,0.320886639348779,1,1
"36",-0.0600770171187029,0.36314532246912,19,1,1,0.889244276820176,0.247823337142145,0,0,0.194117415720596,0.355516686501183,1,1,1.77373892518736,0.608527769222451,0,1,0.233101326109719,0.68654422277102,1,1
"37",-0.219596792990038,0.311821736508715,7,1,1,0.43456934554574,0.204406379010054,0,0,-0.236207408976098,0.276967021074953,1,1,0.413434232544218,0.27929871857257,1,1,-0.16400882008147,0.342646626710957,1,1
"38",0.278264537050083,0.310917109471137,19,1,1,0.928508776715621,0.231918012873138,0,0,0.41172583366041,0.300226544809496,1,1,0.524875428757154,0.368100212655809,0,1,0.35013276170654,0.397956980772826,1,1
"39",0.207338237341269,0.375069987269071,5,1,1,1.01614972304859,0.235424109064267,0,0,0.321266418311582,0.316858837396733,1,1,1.10075689359856,0.349241260224841,0,1,0.20869628111155,0.352098636122119,1,1
"40",0.161746832169302,0.330170187459163,17,1,1,0.649795664973258,0.256019057440245,0,0,0.146137846343544,0.320359939147446,1,1,0.844103633895737,0.376517062338432,1,1,0.0786024832503214,0.381917316701437,1,1
"41",0.118035079610763,0.290951553628333,19,1,1,0.812833095277828,0.167156792888323,0,0,0.12500662927532,0.256327159222376,1,1,0.733803938064962,0.245047859236015,0,1,-0.00162717975876513,0.269982539060845,1,1
"42",0.157287275284874,0.272908427720023,1,1,1,0.98394911819788,0.184901702398522,0,0,0.327689808350317,0.289120323362053,1,1,0.755009196815119,0.257564488229461,0,1,0.157287275284874,0.295765924932829,1,1
"43",-0.0944880524757495,0.326561828003282,17,1,1,0.445044935749555,0.223360047159661,0,0,-0.17305573336255,0.312733555014834,1,1,0.29594875745882,0.31301589651044,1,1,-0.0393884802431935,0.379791233261775,1,1
"44",-0.142144207515175,0.284822676462034,15,1,1,0.320913733482237,0.226196800089133,1,1,-0.155489961671451,0.250705421702575,1,1,0.349595741128595,0.297018391663532,1,1,-0.15684401229038,0.372428142128261,1,1
"45",0.0151043836389121,0.313779136252276,19,1,1,0.651770626649189,0.20704372182562,0,0,-0.0232869139657587,0.285526834243613,1,1,0.340213894214722,0.263350810231813,0,1,-0.0101333139049259,0.252383668047961,1,1
"46",-0.190166718151864,0.33572849629555,13,1,1,0.560258069466901,0.21714923698209,0,0,-0.234823113962874,0.345335763765769,1,1,0.742688869641725,0.284387661386423,0,1,-0.32440530432645,0.361783031447414,1,1
"47",-0.810828608572316,0.286354376277144,1,0,0,0.087835050144749,0.233431665358695,1,1,-0.776654463200999,0.276650692328149,0,0,0.0523806518318943,0.264069108372043,1,0,-0.810828608572316,0.314820480859544,0,0
"48",0.0834746826996864,0.271804034997654,3,1,1,0.699476065024104,0.19363084823358,0,0,0.0700139724836858,0.249874079031954,1,1,0.773726712027804,0.262391644006778,0,1,0.0484114446182909,0.29919970507713,1,1
"49",-0.0606129248011814,0.331592359406521,11,1,1,0.671671578515038,0.292398403434418,0,0,-0.163495450205355,0.277935468907846,1,1,0.585970990292419,0.34983379334091,0,1,-0.0444135286106152,0.345102758511489,1,1
"50",-0.391821854480064,0.317882875233944,19,1,1,0.565693185868871,0.245723001703528,0,0,-0.366555448781086,0.238943324859891,1,1,0.614311897579423,0.276145188270449,1,1,-0.335828227053967,0.342603250924376,1,1
"51",-0.237167470381904,0.296348609462469,11,1,1,0.695289070846939,0.253364660718984,0,0,-0.226996633967309,0.273860878344137,1,1,0.716223849784002,0.268350442581843,0,1,-0.338459260461032,0.298920204796259,1,1
"52",0.332823293105611,0.290949938282979,5,1,1,0.862220483446995,0.218959475868157,0,0,0.234709983458968,0.334984784221606,1,1,0.893169565023805,0.35521136223973,0,1,0.266963524981614,0.433700730052514,1,1
"53",0.0222753230415058,0.315667284591678,11,1,1,0.768979381191501,0.209145166816555,0,0,-0.0234658577721369,0.269291098692693,1,1,0.670860928378473,0.318317994004908,0,1,-0.124876324252159,0.349200857323899,1,1
"54",-0.111890844548434,0.275396458982518,19,1,1,0.497706341275909,0.246069367197353,0,0,-0.0846916132576339,0.279978003894962,1,1,0.697994435351493,0.283803112918738,0,1,0.0438705142748215,0.301764234929134,1,1
"55",0.314978658209343,0.310974375398786,15,1,1,1.03793365912914,0.196432571618919,0,0,0.320979890689654,0.269224607767954,1,1,1.15626509800615,0.248763590456595,0,1,0.197071170599559,0.292663808700939,1,1
"56",-0.0678263564884429,0.266180862173151,15,1,1,0.737350203198625,0.298878920625394,0,0,0.202430379028044,0.364672172526045,1,1,0.918903634859914,0.302186162907034,0,1,0.188249203741471,0.350469074751909,1,1
"57",-0.470778851461517,0.292285603727563,17,1,1,0.621549232194606,0.221878369474596,0,0,-0.470304819414995,0.279580591174898,0,1,0.679485311278395,0.260607932097996,0,1,-0.496827003329202,0.350500920708636,1,1
"58",-0.0748605859579516,0.279544602392817,9,1,1,0.723443647561424,0.22274398071709,0,0,0.0458940104590956,0.301630420082245,1,1,0.668336264196529,0.261133606831613,0,1,-0.0201005705434315,0.284956838914798,1,1
"59",-0.265534231112992,0.292987706995427,13,1,1,0.279597212464502,0.246389146799739,1,1,-0.364462672551327,0.293288921215329,1,1,0.632193026738188,0.270564464868947,1,1,-0.169215654961047,0.312594328987718,1,1
"60",-0.109495882600808,0.34651522639891,19,1,1,0.54328313266724,0.317528959408254,1,1,-0.120003717999782,0.340796460010202,1,1,0.587928591824019,0.360470734825035,1,1,-0.0861130633313691,0.40366286604945,1,1
"61",-0.0439587194886333,0.271996904751511,5,1,1,0.71423081874674,0.211091111415534,0,0,-0.0651502018966601,0.328617129031452,1,1,0.615575200642148,0.279505436598819,0,1,-0.162061702589789,0.302744369242901,1,1
"62",-0.574572515397846,0.347180188141226,9,1,1,0.346371221993899,0.261052290589549,1,1,-0.480545850434504,0.327799535193779,1,1,0.410982815491504,0.365573670362189,1,1,-0.415739058766552,0.38672013553666,1,1
"63",-0.108988021238072,0.315544526599797,11,1,1,0.675380070847718,0.239484607706361,0,0,-0.171779139612248,0.327794553094452,1,1,0.792731666152324,0.377188401193233,1,1,-0.30709109183246,0.394821638855153,1,1
"64",-0.167256221644203,0.279297751005221,9,1,1,0.539109389315835,0.230774435841032,0,0,-0.138996224240026,0.30367387159344,1,1,0.639492450194102,0.307241279526318,1,1,-0.0153115981801,0.36744429949607,1,1
"65",-0.365460469740901,0.281061384388188,7,1,1,0.497711967853855,0.25373943385472,0,0,-0.430937208747093,0.261960146846233,1,1,0.181596109003128,0.286089458103108,1,1,-0.506740812863512,0.293045156704238,1,1
"66",-0.513961472357245,0.287513444852593,7,1,1,0.381815272595443,0.253296718134579,1,1,-0.363692811943818,0.303828568739372,1,1,0.395976671671831,0.247065225765289,1,1,-0.27689097874846,0.325677120517679,1,1
"67",-0.131748866089403,0.250408661206791,7,1,1,0.614912991770646,0.20726727775491,0,0,-0.0853312959734935,0.257696109911807,1,1,0.593855291010503,0.272076063652574,0,1,0.0898705106835948,0.302682457192028,1,1
"68",-0.37581603752108,0.30667083704395,19,1,1,0.441993942256432,0.239635726949871,1,1,-0.39350530802778,0.272113083471533,1,1,0.271153936820939,0.280663280679443,1,1,-0.326669199717557,0.321844107092352,1,1
"69",-0.107105189566024,0.335682452190623,9,1,1,0.770677805278611,0.252595014037343,0,0,-0.0175611923806554,0.366688628093528,1,1,0.725670591936491,0.289469720058849,0,1,-0.0602304188246699,0.297225355757125,1,1
"70",-0.459600510716764,0.295769500997055,19,1,1,0.487832458029852,0.317422480793651,1,1,-0.375423423207769,0.29618910752721,1,1,1.15757086599418,0.314248004403839,0,1,-0.490761224802098,0.32297290002797,1,1
"71",-0.322491966862381,0.314294414167052,13,1,1,0.47581365664107,0.261272129581536,1,1,-0.283897899234846,0.29504657292629,1,1,0.337491468658799,0.313124481171125,1,1,-0.337131450271652,0.386063455142862,1,1
"72",-0.287260934915265,0.381581700968608,9,1,1,0.823954965763175,0.26365592930558,0,0,-0.232706085883065,0.350420421939253,1,1,0.90850189605532,0.291706100341348,0,1,-0.261529436541023,0.35454338906022,1,1
"73",-0.418358175928068,0.259661128077144,17,1,1,0.801911821909398,0.202847529340575,0,0,-0.218902078884124,0.331383109768347,1,1,0.633854960972099,0.275447974360121,0,1,-0.373843182056121,0.305792129958069,1,1
"74",-0.174270924669159,0.277117022745058,15,1,1,0.75930771444572,0.1872679921044,0,0,-0.148282805509436,0.262377902644715,1,1,0.728890520511821,0.246677784772298,0,1,-0.045174326931697,0.328882973562796,1,1
"75",0.1249972920324,0.351819423722949,3,1,1,1.01394205370067,0.233284286821537,0,0,0.148831814527665,0.300959783358866,1,1,0.918301842799412,0.295800842006191,0,1,0.0812858119667832,0.307841539946816,1,1
"76",0.0168380053806798,0.276208276789378,9,1,1,0.656352009434755,0.23088365743916,0,0,-0.0545499728878751,0.279917657323157,1,1,0.769340059869468,0.315636950344531,1,1,-0.0808227932568518,0.320381768058286,1,1
"77",0.286792038527592,0.36152550550183,1,1,1,0.647242862134334,0.246449498811397,0,0,0.106909260554843,0.250898416192678,1,1,0.7786686791766,0.324549718721995,0,1,0.286792038527592,0.37530617899997,1,1
"78",-0.160553829812462,0.300128134050687,5,1,1,0.300111164969096,0.324515497185462,1,1,-0.254531784601102,0.424224719209324,1,1,0.389986451872026,0.28744972810861,0,1,0.0370317184519408,0.319332654967155,1,1
"79",0.0286616706550582,0.28077051782323,7,1,1,0.739467024399198,0.231310591602634,0,0,0.0606055556058286,0.237530604729037,1,1,0.47609636346917,0.244922757193615,0,1,0.0522852139284466,0.322105358145091,1,1
"80",0.192318233637093,0.373436326934968,13,1,1,0.864230623392576,0.253364005860312,0,0,0.117206006824186,0.315323475411962,1,1,1.28340435745353,0.441283585915562,0,1,0.174276104002387,0.440228703165611,1,1
"81",-0.292726844519167,0.324466645949618,13,1,1,0.505818837551295,0.314430244052766,1,1,-0.0871783510747715,0.336117734190007,1,1,0.447585570190443,0.250506219410647,1,1,-0.195362441047221,0.321346721372359,1,1
"82",0.118887793775461,0.312090985781887,17,1,1,0.619245783245329,0.191570610412919,0,0,-0.0503660388647387,0.259421436448605,1,1,0.519103466324961,0.318026134253327,0,1,-0.119662838810567,0.292276662490272,1,1
"83",0.224527767792776,0.28244125715601,13,1,1,0.731255779800576,0.21823263305429,0,0,0.153907516627755,0.239478389737885,1,1,0.745778353091535,0.272444141848216,0,1,0.222930040837584,0.312487980632993,1,1
"84",-0.113806671741148,0.299880045172503,5,1,1,0.700442754086873,0.277667042716092,0,0,-0.0630242557784008,0.426413310884322,1,1,0.766797756493688,0.328534437571708,0,1,-0.0691674464466679,0.376876259265604,1,1
"85",0.62564188952593,0.364292062519772,13,1,1,1.29023095861957,0.237896464412878,0,0,0.654264218419485,0.313395341065169,0,0,1.47864850265767,0.404013889895738,0,1,0.580963899014664,0.457361495545988,1,1
"86",-0.459471912549386,0.311944456461902,3,1,1,0.295606306227412,0.188845204973118,1,1,-0.426089999789584,0.245453895803068,1,1,0.520397506396592,0.278380939931785,1,1,-0.214463171411181,0.303994584775811,1,1
"87",0.414439955771364,0.309226207368188,7,1,1,1.00201271626938,0.210531385724369,0,0,0.382929366666696,0.254940704036078,1,1,1.12321467364132,0.289697033006434,0,1,0.229021555812204,0.309092652126944,1,1
"88",-0.151804694322506,0.293220297208163,9,1,1,0.438808342334911,0.218370027795262,0,0,-0.185494045583946,0.288795055770504,1,1,0.416578592869272,0.32916353142754,1,1,-0.114218472350265,0.395685977715584,1,1
"89",0.0985940361084172,0.247495241998882,17,1,1,0.565043591903839,0.200036032927856,0,0,-0.0396612966999499,0.254047331204738,1,1,0.684803435021333,0.287709303524224,0,1,-0.0548806277080389,0.31259383963109,1,1
"90",-0.631054295991471,0.29889949900347,15,0,0,0.283610611800546,0.271766090219515,1,1,-0.674377803966513,0.354099187660967,0,1,0.270683039506002,0.264174206242783,1,0,-0.60723059566615,0.317293617323892,0,1
"91",-0.0875212899494138,0.324196116246777,15,1,1,0.714396834417394,0.228094747011329,0,0,0.0784736239280103,0.291422772233813,1,1,0.741952381416553,0.31926275531431,0,1,0.195294745256851,0.334705062719608,1,1
"92",-0.493015535921441,0.320727140847252,3,1,1,0.566582419143932,0.228091344398011,0,0,-0.431439171131286,0.280230688891401,1,1,0.527693431529578,0.262481574441926,0,1,-0.419840066857917,0.303560535934595,1,1
"93",-0.191770076002028,0.332746714982544,3,1,1,0.542423512992327,0.218833944800202,0,0,-0.252769031682886,0.278447537919123,1,1,0.611537343700294,0.238489239419254,0,1,-0.251450507883486,0.303067315530977,1,1
"94",-0.299973807931733,0.369028865156881,1,1,1,0.739815698325854,0.200804332263995,0,0,-0.100459922410878,0.275701675820707,1,1,0.521363516773887,0.266856432556816,1,1,-0.299973807931733,0.374970415897491,1,1
"95",-0.057275966523578,0.291965353938971,19,1,1,0.703792921996047,0.178096875917571,0,0,-0.111224365116208,0.305582613601979,1,1,0.773375489860211,0.27186623658171,0,1,-0.0877033291790899,0.323876651111786,1,1
"96",-0.230208172083167,0.293859038692022,7,1,1,0.347431833476756,0.216336448208158,1,1,-0.223134417362304,0.292859226895382,1,1,-0.0352430590648786,0.351799722324268,1,1,-0.163901989615525,0.440652489002602,1,1
"97",0.153928957166274,0.267480998392398,11,1,1,0.544533310017334,0.213590954761732,0,0,0.123324352574015,0.252391537077405,1,1,0.713662804433776,0.270830963349342,1,1,0.0887848104831222,0.287472775917832,1,1
"98",0.118815532803104,0.31335157604176,17,1,1,0.856948901469538,0.200491388518887,0,0,0.210778546438103,0.257405443087558,1,1,0.865107563775727,0.257511365549375,0,1,0.190395598645029,0.315803315176099,1,1
"99",-0.170175805230626,0.309387279943196,15,1,1,0.284755682559811,0.214616276176957,1,1,-0.283835768994478,0.269090910864546,1,1,0.18511169822204,0.267158249777115,1,1,-0.164077374030877,0.337936477134719,1,1
"100",0.0154671991984297,0.339138387506135,3,1,1,0.974135452634669,0.190595490084117,0,0,0.122314452439643,0.273119559925245,1,1,1.01262955725029,0.287275320719038,0,1,0.205575463167976,0.313299800938067,1,1
