"","V1","V2","V3","V4","V5","V6","V7","V8","V9","V10","V11","V12","V13","V14","V15","V16","V17","V18","V19","V20","V21"
"1",0.419875547344686,0.182836402485961,17,0,0,0.403910817640234,0.23942787945077,1,1,0.388823889915462,0.201980053401057,0,1,0.241072009801394,0.245206162482043,1,1,1,1,1,1
"2",0.348671189874965,0.204881715464329,9,0,1,0.398066925408066,0.1837748417369,0,0,0.400966254704969,0.220511486949516,0,1,0.32030727167478,0.233018973351114,1,1,1,1,1,1
"3",0.452209703680456,0.252344792947933,3,1,1,0.478262354085102,0.189142410315065,0,0,0.478136166828208,0.235873072357128,0,0,0.632500346660558,0.246964059317847,1,1,1,1,1,1
"4",0.187660540310452,0.220843337080302,13,1,1,0.202772747419823,0.207219698670533,1,1,0.217400847989199,0.217054208654609,1,1,0.179941516489941,0.263172150748471,1,1,1,1,1,1
"5",0.63017060612091,0.218270697480171,9,0,0,0.674453787301875,0.208373143315549,0,0,0.71278036491656,0.191915789980497,0,0,0.691388031433186,0.243001001920635,0,0,1,1,1,1
"6",0.0598710551692481,0.206361325624771,7,1,1,-0.0191190016706248,0.175525641210397,1,1,-0.00942305486157571,0.186695836201327,1,1,0.19313531673515,0.201090824003795,1,1,1,1,1,1
"7",0.419825072504075,0.222884276639683,7,1,1,0.34527312338526,0.205591693449626,1,1,0.358899200658767,0.203594391604236,1,1,0.404711755956981,0.269964755669377,1,1,1,1,1,1
"8",0.365501949262901,0.270879713286266,9,1,1,0.334897123727953,0.204113323676347,0,1,0.326166337507275,0.206030818163112,1,1,0.456685198673308,0.242022540849633,1,1,1,1,1,1
"9",0.099045532798168,0.204647744582735,15,1,1,0.154834786747001,0.2321391966172,1,1,0.150635545528474,0.220265660500732,1,1,0.317687433195511,0.228362506139855,1,1,1,1,1,1
"10",0.439964817573503,0.205589696821091,11,0,0,0.424830097729672,0.195940539385603,0,0,0.435542429868495,0.202318923700446,0,0,0.551095671517161,0.209766123071841,0,0,1,1,1,1
"11",0.270166047752491,0.219787025980047,3,1,1,0.331676119773548,0.210917993338659,1,1,0.31486578910607,0.198955993564969,0,1,0.454151338932167,0.272209261051802,1,1,1,1,1,1
"12",0.205084037391229,0.255213278286355,3,1,1,0.133752006728143,0.20499805152796,1,1,0.11685688165337,0.215569673592728,1,1,0.33962386193573,0.279758413443577,1,1,1,1,1,1
"13",0.265878443277112,0.206008687021362,7,1,1,0.190342481125048,0.176342210086205,1,1,0.209149073233447,0.171905346068995,1,1,0.363957810296603,0.259180964149789,1,1,1,1,1,1
"14",0.258345083702596,0.218186064335368,15,1,1,0.237362281451277,0.182241130964662,1,1,0.226044353019964,0.196523336691134,1,1,0.335983306485884,0.186469456864176,1,1,1,1,1,1
"15",0.764399124370366,0.234310800574083,19,0,0,0.646932780736978,0.201547604905036,0,0,0.673886720947264,0.229859669283438,0,0,0.639276790286629,0.277307275067201,0,0,1,1,1,1
"16",0.21734260976112,0.222023883575112,9,1,1,0.260240535459397,0.192754847523309,1,1,0.271837106922018,0.236787805804688,1,1,0.181868132012673,0.242025242867583,1,1,1,1,1,1
"17",0.389258198823412,0.266905997182296,11,1,1,0.355813669286482,0.214240437735305,1,1,0.374072977260444,0.198963936406708,1,1,0.221121706165287,0.297854593769431,1,1,1,1,1,1
"18",0.469197151754108,0.202682953302558,13,0,0,0.478530079327034,0.198412589610961,0,0,0.498092249357118,0.197675767110055,0,0,0.35137027333756,0.260407331876142,0,1,1,1,1,1
"19",0.254052305121823,0.211688842990316,19,1,1,0.304558431762942,0.168296553140728,0,1,0.303079906552985,0.169566844777973,0,1,0.448248529848945,0.248972387604411,1,1,1,1,1,1
"20",0.36261194533084,0.221995131564884,11,0,1,0.392527789812541,0.191291970207643,0,0,0.404538949403101,0.194037510938443,0,0,0.342214444275849,0.24370241915358,1,1,1,1,1,1
"21",0.677410581226226,0.211899786335861,13,0,0,0.692079479490268,0.188511468601725,0,0,0.682302961287192,0.228178740216137,0,0,0.724353969318539,0.228359329950094,0,0,1,1,1,1
"22",0.441786785290369,0.204090925278118,9,0,0,0.394724616232701,0.171592626032203,0,0,0.399040217186378,0.207594762147204,0,1,0.389019311997346,0.246030585972899,1,1,1,1,1,1
"23",0.298788369005476,0.198821990779065,19,1,1,0.295275034248033,0.211736642805955,1,1,0.293193546869745,0.197156749525036,1,1,0.240544676517881,0.280019261630661,1,1,1,1,1,1
"24",0.55920946086808,0.214461981326849,11,0,0,0.520140288509253,0.192276381738182,0,0,0.533624333540199,0.205007170954628,0,0,0.606629887679773,0.247433878973914,0,0,1,1,1,1
"25",0.48317781167698,0.19399918467612,17,0,0,0.405843383251813,0.222852492096991,0,1,0.420263438257427,0.206412361526147,0,0,0.371679422496903,0.227284553063774,0,1,1,1,1,1
"26",0.426218826428232,0.188509679509359,9,0,0,0.446863756608101,0.178355077407243,0,0,0.46487266194193,0.180586313232376,0,0,0.4764199651292,0.253110246129226,0,1,1,1,1,1
"27",0.353479195292535,0.177576156369515,9,1,0,0.349742882768585,0.192133895593666,1,1,0.363214296363468,0.213952602826405,1,1,0.32716468799177,0.225981265089136,1,1,1,1,1,1
"28",0.115251704950667,0.202279683647278,19,1,1,0.187718508563827,0.187996097140407,1,1,0.177863006786744,0.223423922655434,1,1,0.134001028788429,0.250293945117548,1,1,1,1,1,1
"29",-0.0196202138352155,0.216516481143733,19,1,1,0.0510402035164101,0.209447650318456,1,1,0.0349414904404467,0.191767524920892,1,1,-0.278946784532147,0.251780764932721,1,1,1,1,1,1
"30",0.474407454238837,0.252918434336528,1,0,1,0.599296421905385,0.178121233466129,0,0,0.601016312299206,0.198152256258123,0,0,0.474213023805221,0.259142487244488,0,0,1,1,1,1
"31",0.136467796196028,0.189081487311704,15,1,1,0.145310264951252,0.18595762956596,1,1,0.129656152156559,0.203082161678604,1,1,0.182693017839283,0.254629827072222,1,1,1,1,1,1
"32",0.253706734654633,0.210575346531215,11,1,1,0.347773095006234,0.179453199396484,1,1,0.34978841616511,0.189201405509973,1,1,0.472233284986202,0.236158230614901,1,1,1,1,1,1
"33",0.27248017470196,0.216472982972441,5,1,1,0.316148338347878,0.208802981973294,1,1,0.314081135517957,0.178056393554551,0,1,0.447683647725441,0.245642303349363,1,1,1,1,1,1
"34",-0.0129336212157566,0.202636275073112,7,1,1,-0.0376563509387971,0.200559486378177,1,1,-0.054841189053256,0.193187310066193,1,1,-0.0861312891962918,0.241167330509284,1,1,1,1,1,1
"35",0.438484437271998,0.254049025138949,3,0,1,0.500212387827216,0.182745086909418,0,0,0.508854611346237,0.186040777936282,0,0,0.485217140430851,0.224436510312145,0,0,1,1,1,1
"36",0.257105702978904,0.233932759670114,7,1,1,0.218543117794052,0.205849229261662,1,1,0.215058720270314,0.184933989810591,1,1,0.160881202930771,0.242060115510512,1,1,1,1,1,1
"37",0.356976735387293,0.212938699032606,7,1,1,0.388141819455377,0.187620969022553,1,0,0.38453064441595,0.229310872040666,1,1,0.44450401870016,0.221726335007981,0,1,1,1,1,1
"38",0.608705789214185,0.214372938188725,17,0,0,0.609359637980826,0.202992444819987,0,0,0.623405367489232,0.206914157221527,0,0,0.747222179852814,0.243404440280866,0,0,1,1,1,1
"39",0.308836887622012,0.199904175277392,7,1,1,0.283809717807763,0.197636661724535,1,1,0.291266423619523,0.184983182328792,1,1,0.406081434569176,0.224543751103691,1,1,1,1,1,1
"40",0.0484661252630662,0.196223105982307,15,1,1,0.0999258744598251,0.175685641559242,1,1,0.118063729700154,0.173104303912749,1,1,0.121403811499372,0.213243610222418,1,1,1,1,1,1
"41",0.458268271206785,0.215297973727704,11,0,0,0.534364070027147,0.184568335074168,0,0,0.533499463836558,0.194090149342391,0,0,0.37425156090867,0.251460029705869,0,0,1,1,1,1
"42",0.460870546457479,0.209648270655392,5,0,0,0.498064751630617,0.197288403981801,0,0,0.502239377900007,0.184850686504043,0,0,0.392302247174048,0.240623095990553,0,0,1,1,1,1
"43",0.178729048538156,0.211763959943546,11,1,1,0.224150682543325,0.245409928145751,1,1,0.196328434160378,0.235735581028352,1,1,-0.157971497907921,0.300114586608121,1,1,1,1,1,1
"44",0.108684949429314,0.198256257874194,19,1,1,0.157057274947122,0.200086851915357,1,1,0.162615654892821,0.188530053386424,1,1,0.140484930465422,0.208798708926511,1,1,1,1,1,1
"45",0.268522201560035,0.170950366842526,7,1,1,0.18153980482334,0.188994709301449,1,1,0.181457440076275,0.175889189895672,1,1,0.318828425200887,0.233421315512236,1,1,1,1,1,1
"46",0.193715708174121,0.218020328721386,19,1,1,0.144013320701551,0.216369030986252,1,1,0.141504599376874,0.197656286284596,1,1,0.127421112315215,0.263067665091265,1,1,1,1,1,1
"47",0.334411996933978,0.215298470362577,5,1,1,0.396355724687364,0.200447223831851,1,0,0.409106956974459,0.214853063731656,0,1,0.527187980391265,0.222176807336463,1,1,1,1,1,1
"48",0.328196009330026,0.225117826755653,11,1,1,0.301809234391619,0.200923996854546,1,1,0.311912405709731,0.170401213109236,1,1,0.124384908956036,0.234426775960828,1,1,1,1,1,1
"49",-0.0546767362811534,0.223361332688171,13,1,1,-0.0826096213941368,0.216287608715585,1,1,-0.0761649042853634,0.202265911359649,1,1,-0.218551948338594,0.26465751253011,1,1,1,1,1,1
"50",0.116600591876418,0.197165386618472,19,1,1,0.0997321233275986,0.206680405711886,1,1,0.112919848563561,0.197217556464378,1,1,0.182329557064893,0.214850478640909,1,1,1,1,1,1
"51",-0.000811941959040284,0.196311075653018,15,1,1,0.0402498310853216,0.202717829629631,1,1,0.0348394029899171,0.240075426473877,1,1,0.309740112586111,0.235783007732134,1,1,1,1,1,1
"52",0.281789109043289,0.232778151110695,7,1,1,0.240919175248668,0.190484738321176,1,1,0.236989608678997,0.191850030470147,1,1,-0.014046925525325,0.232261422039005,1,1,1,1,1,1
"53",0.208360636107595,0.19615323149478,9,1,1,0.169378819552098,0.195253440535862,1,1,0.16768642845585,0.21123657793855,1,1,0.121912615925723,0.229778748601591,1,1,1,1,1,1
"54",0.387720854658572,0.204680550659816,3,0,1,0.373965438510743,0.194704323183536,1,1,0.379162965504674,0.192861193998268,1,0,0.399858599643887,0.192421620841244,0,0,1,1,1,1
"55",0.626081609247491,0.219399686021657,13,0,0,0.63028351319137,0.206867042221238,0,0,0.664487195160316,0.204499065319567,0,0,0.718302238139097,0.236664753614483,0,0,1,1,1,1
"56",0.196451861328764,0.198540307095574,19,1,1,0.161842007621629,0.200082937201314,1,1,0.152135519153343,0.210738742689231,1,1,0.039199229707327,0.215417772317533,1,1,1,1,1,1
"57",0.311502549603143,0.198924456794686,19,1,1,0.27691224210032,0.181762351789065,1,1,0.286282698020964,0.189991012111446,1,1,0.347660646434489,0.248918083443679,1,1,1,1,1,1
"58",0.560631191923944,0.180944270890979,13,0,0,0.572921793669679,0.19312514648619,0,0,0.573160252972306,0.206183192872783,0,0,0.540507717561714,0.25328373640596,0,0,1,1,1,1
"59",0.205224591572518,0.204519023743353,15,1,1,0.239901730349821,0.216077244365985,1,1,0.23327245993053,0.202683047640482,1,1,0.210412086701129,0.254167697751578,1,1,1,1,1,1
"60",-0.235778812876124,0.218433840934098,9,1,1,-0.164067984729514,0.184218753041458,1,1,-0.167654862029882,0.192996202985785,1,1,-0.375582812536986,0.250780190089992,1,1,1,1,1,1
"61",0.574323688830619,0.175277741879138,9,0,0,0.577506518210173,0.189342277674142,0,0,0.571468448791446,0.162638409898142,0,0,0.476576435712802,0.227808361162872,0,0,1,1,1,1
"62",0.220180896339332,0.207476318548759,11,1,1,0.159982304999834,0.191515661250537,1,1,0.166067274612773,0.221456068068509,1,1,0.188464854278042,0.248511653346021,1,1,1,1,1,1
"63",0.450780988281453,0.207872638159698,9,0,0,0.460313260614537,0.195555411814544,0,0,0.449487421647269,0.183658050448633,0,0,0.248466417059175,0.2407086275418,0,1,1,1,1,1
"64",0.443709433818659,0.219008700652998,9,1,0,0.373369513829321,0.193227110101819,0,1,0.385459985432888,0.185111570665767,0,0,0.533289047498065,0.275118649737677,1,1,1,1,1,1
"65",0.267064554508338,0.233451761594909,15,1,1,0.316579416446388,0.209544375244023,1,1,0.314404218017427,0.222059206528055,1,1,0.10154909191986,0.221329745713174,1,1,1,1,1,1
"66",0.317450897632846,0.206502375519737,17,0,1,0.297847889127302,0.164216133142348,1,1,0.29185725214292,0.211413606424572,1,1,0.24885318795832,0.218051403216842,1,1,1,1,1,1
"67",0.17622943380545,0.235536878002154,11,1,1,0.185867955195071,0.206492684355641,1,1,0.172865049580143,0.196799448021009,1,1,0.175286326410135,0.247183930228059,1,1,1,1,1,1
"68",0.285164299372439,0.22340498633192,19,1,1,0.260079939011134,0.211236986479936,1,1,0.268372895753282,0.218119052789627,1,1,0.228043126709289,0.229672534986557,1,1,1,1,1,1
"69",0.374799823160682,0.22367576031023,5,1,1,0.336239413590589,0.204781239518505,1,1,0.353412149561891,0.200689296872264,1,1,0.475094156429721,0.230163597220419,1,1,1,1,1,1
"70",0.254704824498688,0.235054618306292,19,1,1,0.233439519687236,0.229998262701695,1,1,0.22237901573678,0.210618679227916,1,1,0.281232532521503,0.264391940958992,1,1,1,1,1,1
"71",0.63597539137068,0.210671772527311,13,0,0,0.670014855256431,0.216213389898353,0,0,0.66934969241994,0.245547487709103,0,0,0.53900259284015,0.241268282605179,0,0,1,1,1,1
"72",0.00570475706377831,0.259453268578195,7,1,1,0.16932059480484,0.182588967317932,1,1,0.150587380070898,0.211109379932591,1,1,0.243277814316413,0.244850541200311,1,1,1,1,1,1
"73",0.363874144689279,0.235242447294686,3,1,1,0.392205374938954,0.199729726452618,0,0,0.377732521726401,0.171837507442984,0,0,0.25285741544472,0.234395047714296,1,1,1,1,1,1
"74",0.624845609218927,0.190443473438462,15,0,0,0.485344020107014,0.175031055038094,0,0,0.489361800195315,0.193404815024269,0,0,0.454315359857324,0.226246344805548,0,0,1,1,1,1
"75",0.173847078333263,0.19408880527583,1,1,1,0.288573088720724,0.189540111184454,1,1,0.295427778436557,0.177925922072931,0,1,0.166925057340841,0.238588420895691,1,1,1,1,1,1
"76",0.008524473128025,0.219194825792359,5,1,1,0.0471849766673307,0.180287512867873,1,1,0.0271060207069575,0.195965300005197,1,1,0.163300041678526,0.251493070061955,1,1,1,1,1,1
"77",0.675973810653998,0.231853985409267,7,0,0,0.634465727884922,0.212144260661615,0,0,0.637797387845219,0.215470784065014,0,0,0.81205305940531,0.254546627406189,0,0,1,1,1,1
"78",0.455729935355232,0.242899155704694,9,0,1,0.415395547929659,0.189373742231228,0,0,0.432230182066061,0.194803001870866,0,0,0.351937605011692,0.252225495839471,1,1,1,1,1,1
"79",0.488968027167843,0.216311277742666,11,0,0,0.550295554213837,0.2014513185084,0,0,0.549026086625473,0.216543415136718,0,0,0.586778606187283,0.262397763359768,0,0,1,1,1,1
"80",0.417352739446024,0.217041866457192,13,1,1,0.382524560606882,0.19227925334597,1,0,0.387732426207146,0.199252060405707,0,1,0.455019004687841,0.24615989110627,1,1,1,1,1,1
"81",0.445150559760698,0.232218610133157,9,1,1,0.481169689665761,0.215967151934003,0,0,0.49369672780551,0.218908636887537,0,0,0.442498912410889,0.255424132208846,0,1,1,1,1,1
"82",0.452664645067194,0.244230403051284,9,1,1,0.400077403785773,0.218811283931745,0,1,0.411398397910098,0.217686243110425,0,1,0.358980003859039,0.251147538464802,0,1,1,1,1,1
"83",0.421799633451744,0.20036112084388,15,0,0,0.389870486905308,0.219461248908095,1,1,0.417677260692954,0.184603100468908,0,0,0.248527078741495,0.257761384419029,1,1,1,1,1,1
"84",0.187102155579832,0.209708081643615,9,1,1,0.1341201259881,0.172754507439663,1,1,0.136221504899529,0.193341407379964,1,1,0.416411505920128,0.228051037065575,1,1,1,1,1,1
"85",0.287124555217601,0.259618328644028,3,1,1,0.342592576191664,0.223094869119131,0,1,0.333201620404453,0.206410100391641,1,1,0.382267102102875,0.270767664051046,1,1,1,1,1,1
"86",0.39172426378859,0.207934844293386,15,0,1,0.496342142579394,0.201526199231924,0,0,0.507351466231339,0.193499402337567,0,0,0.623741669601335,0.236130326626408,0,0,1,1,1,1
"87",0.0223775051269239,0.177879121127476,3,1,1,0.0485032067669959,0.182884398242888,1,1,0.0492302071300653,0.166841037585016,1,1,-0.0337452411964286,0.199430444459609,1,1,1,1,1,1
"88",0.200203608599812,0.191470205250988,15,1,1,0.18046173051273,0.193081866238033,1,1,0.178167223558541,0.192801208364315,1,1,0.195454075160379,0.235675859944379,1,1,1,1,1,1
"89",0.298096446492828,0.221095914787852,13,1,1,0.348460905599851,0.176088725935219,0,0,0.341411933453296,0.173337774737711,0,0,0.217521135048699,0.23015058761199,0,1,1,1,1,1
"90",0.554897972771211,0.220732864147814,9,0,0,0.544458026473682,0.189878893295746,0,0,0.53196275496282,0.193636914339352,0,0,0.563986173307267,0.254053411966084,1,0,1,1,1,1
"91",0.0672996757225066,0.212230022188101,19,1,1,0.0812249784180193,0.195801659636362,1,1,0.0925192972729736,0.191727797260705,1,1,0.0217014401299328,0.257349776403317,1,1,1,1,1,1
"92",0.414578335194971,0.217610639116452,5,1,1,0.363892000487868,0.204906601941669,1,1,0.355881659487843,0.18733251120396,0,1,0.46702244227087,0.220890468831106,1,1,1,1,1,1
"93",0.297895273273305,0.198156154280414,19,1,1,0.314110100853191,0.220683326256004,1,1,0.289218099482713,0.189662101163177,1,1,0.0862184313415433,0.236366269958859,1,1,1,1,1,1
"94",0.0987260305058252,0.25314471691676,1,1,1,0.175040485888668,0.191013377752002,1,1,0.168867373147225,0.186903266779402,1,1,0.0973976120856466,0.214740639285515,1,1,1,1,1,1
"95",0.00166540462649505,0.212527979178038,15,1,1,0.0260467777950462,0.197229690611563,1,1,0.0288635681980572,0.205207084696881,1,1,-0.0401024806661918,0.225369369540825,1,1,1,1,1,1
"96",0.273260280267006,0.190147255755626,19,1,1,0.279044361032369,0.167366042054919,1,1,0.284365349287395,0.205877356383707,1,1,0.423712182105892,0.221306046865705,1,1,1,1,1,1
"97",0.615312983891327,0.194222168102851,19,0,0,0.552248629578322,0.170220272396268,0,0,0.573810766565517,0.197761889972734,0,0,0.436080179646809,0.244307083749593,0,0,1,1,1,1
"98",0.0374535237507717,0.229181906426553,13,1,1,0.0631938660164511,0.173770331771473,1,1,0.0383032400227237,0.172667078048815,1,1,0.0729414623859051,0.231574556119588,1,1,1,1,1,1
"99",0.388602581766777,0.223638041921587,3,0,1,0.389277795305483,0.192685546754903,0,0,0.396359353653321,0.222137127870045,1,1,0.549725392661978,0.236812711075671,1,1,1,1,1,1
"100",0.114271675142137,0.202928658513656,7,1,1,0.169847800006423,0.185559386932471,1,1,0.165873957432209,0.1791130785872,1,1,-0.0291409635103619,0.226788878530019,1,1,1,1,1,1
