"","V1","V2","V3","V4","V5","V6","V7","V8","V9","V10","V11","V12","V13","V14","V15","V16","V17","V18","V19","V20","V21"
"1",-0.0753135976351784,0.230474423376343,1,1,1,-0.493649323978541,0.284271679691704,1,1,-0.440001295681147,0.240241175701215,1,1,-0.0688163228665211,0.225162742673381,1,1,-0.0753135976351784,0.25399040702342,1,1
"2",-0.18041951173648,0.218891153011044,19,1,1,-0.179691591936371,0.212562893547008,1,1,-0.188902826592293,0.211161435570912,1,1,0.010487683743313,0.243648475201383,1,1,-0.0454087360611375,0.24566071542639,1,1
"3",-0.0486261133684821,0.242315992953666,11,1,1,-0.0843893532680455,0.226020645834379,1,1,-0.126003754698562,0.232634160241236,1,1,0.169696076146189,0.327952761607556,1,1,0.105599247710284,0.330888185433212,1,1
"4",-0.213369086818065,0.235188387301072,7,1,1,-0.276707451477214,0.194063224152312,1,1,-0.311968880689578,0.199163098306544,1,1,-0.308353043098271,0.263314362211175,1,1,-0.0277546454563384,0.257872836135846,1,1
"5",-0.335788314262972,0.266124385944589,5,1,1,-0.288858555680652,0.215771936720905,1,1,-0.273931296062992,0.212217413655365,1,1,-0.416867919426204,0.236639677893844,1,1,0.0551094812495904,0.245834668427418,1,1
"6",0.0518787101484126,0.244309168911315,15,1,1,0.0667430668397557,0.237548930660652,1,1,0.0879059992314422,0.241527330855855,1,1,-0.0562188493107271,0.231870593085499,1,1,0.404059527553046,0.255375153492946,1,1
"7",-0.161041592841768,0.215582056488904,19,1,1,-0.0858057535396831,0.194710529385623,1,1,-0.104794489251585,0.197680864346132,1,1,0.166696303899111,0.239673279198272,1,1,0.211543418380877,0.250725854301584,1,1
"8",-0.000853895245884215,0.207782098614348,15,1,1,-0.0267539363622328,0.22612151453042,1,1,-0.0217685842067897,0.21738561461089,1,1,0.0717009928710863,0.242308951741297,1,1,0.157507847575109,0.238345039517246,1,1
"9",-0.00915301165336544,0.27021932744164,17,1,1,-0.114649982895836,0.239675859210736,1,1,-0.146810921346058,0.234454339316962,1,1,0.0267539898560117,0.31850017518759,1,1,0.143664827141774,0.325272516696626,1,1
"10",0.0606017002142587,0.214568064850256,7,1,1,0.0486385483248659,0.206211042665512,1,1,0.0606443783458943,0.201040474710764,1,1,0.31416437509067,0.243222756948103,1,1,0.379551164845319,0.248122307686949,1,1
"11",0.155117157029631,0.249675129784394,9,1,1,0.157399201321715,0.222486167905459,1,1,0.160351115751704,0.22789177471322,1,1,-0.0163614311946402,0.278205156180627,1,1,0.406217730707256,0.264768290648729,1,1
"12",0.135273728412788,0.217555494700358,9,1,1,0.11419543496689,0.217387345013149,1,1,0.0954593788263064,0.220597049204493,1,1,-0.0197027211065671,0.25120584580632,1,1,0.487459761321986,0.257734832038203,1,1
"13",-0.0117621375033679,0.214021664620334,13,1,1,-0.0660160730490718,0.206171611196679,1,1,-0.0777013689149052,0.209367968705604,1,1,0.0192216177169305,0.233815881948922,1,1,0.31225642792441,0.230427798014417,1,1
"14",0.0374082006807003,0.231489791472002,19,1,1,-0.0284799237475336,0.218286148685175,1,1,0.00260061887090994,0.213649204738332,1,1,-0.0829374534528302,0.257728124813061,1,1,0.27440985596773,0.254650465490721,1,1
"15",0.041721206723946,0.236062589641244,3,1,1,-0.0765692382330785,0.240916973640887,1,1,-0.0416815423656118,0.22856956798444,1,1,0.0638160755479372,0.244780889312386,1,1,0.308549884278306,0.250416094826275,1,1
"16",-0.285935009922875,0.223561329229894,9,1,1,-0.258811055862635,0.227092044362125,1,1,-0.235047684685161,0.214382652989549,1,1,-0.277806681582043,0.285632275684234,1,1,0.0825594714539777,0.272454408509085,1,1
"17",0.164827674024837,0.219471911780708,15,1,1,0.0299798285530616,0.203209711453141,1,1,0.0450371466548622,0.223265359776094,1,1,-0.0356528789388905,0.277607076462066,1,1,0.341121269275819,0.26545303164178,1,1
"18",-0.138029480556485,0.249935995452919,9,1,1,-0.0273334215612349,0.205870123908548,1,1,-0.0703571115926225,0.218279368899905,1,1,-0.4369297603193,0.28149107567548,1,1,0.267991428653822,0.293175674602276,1,1
"19",-0.224569265441457,0.226561633612323,19,1,1,-0.161327668333204,0.218059775886721,1,1,-0.183816576789386,0.233589720283126,1,1,0.181727156052129,0.302544539208513,1,1,0.0749750692781675,0.317765922407143,1,1
"20",-0.0206875443554031,0.212128601501729,3,1,1,-0.122463196777642,0.191406123036972,1,1,-0.0763508149892585,0.19786791642469,1,1,0.00920557999905915,0.218158722037637,1,1,0.198282311298068,0.223407976683478,1,1
"21",0.336835481071734,0.243709026848886,9,1,1,0.35603431001654,0.195785468211933,1,1,0.345864479384871,0.213644421891172,1,1,0.313103792833309,0.27252123608068,1,1,0.472798443712938,0.264616938721125,1,1
"22",0.142649069375915,0.204726269545057,15,1,1,0.156802091135622,0.194583425608516,1,1,0.164548953486709,0.193267792994913,1,1,0.147921028434816,0.223751301028915,1,1,0.348178277029884,0.222998786147958,1,1
"23",-0.346307571685341,0.251542738577012,5,1,1,-0.277647137704961,0.207873223980793,1,1,-0.310804097973971,0.208256019321313,1,1,-0.315994697450494,0.253645535175502,1,1,-0.0646859978120376,0.235740497083042,1,1
"24",-0.253601913402344,0.248264693699382,17,1,1,-0.331480334699481,0.21698311139849,1,1,-0.328921419613183,0.221927209284865,1,1,-0.407966330594323,0.255428947639429,1,1,-0.0929001124340664,0.274799662770411,1,1
"25",0.0221656973706691,0.228572944684296,7,1,1,0.022368627132749,0.206170480260666,1,1,0.0273118453239828,0.210751965475761,1,1,0.01897453765165,0.246374597690162,1,1,0.307928227999836,0.254089284504055,1,1
"26",0.117508852253719,0.236251747953707,19,1,1,0.0482219039892287,0.210000125601476,1,1,0.0708020463334051,0.2222951473941,1,1,-0.0930367291764076,0.265128834403416,1,1,0.319789427549103,0.299295865422314,1,1
"27",0.111141993394835,0.208469070618526,11,1,1,0.14675846798158,0.205490921330593,1,1,0.121863924784008,0.20293331748876,1,1,0.234731455365319,0.238189703999253,1,1,0.359250830590302,0.230930108593484,1,1
"28",0.0759596276878994,0.219803190409425,13,1,1,0.158069736046811,0.206027369683903,1,1,0.137935774876482,0.197360397632937,1,1,0.277534433880013,0.243051922127912,1,1,0.307248402941363,0.241947210578002,1,1
"29",0.101341163959014,0.217648733208626,9,1,1,-0.00256937754031262,0.253462930463393,1,1,0.0515069992758812,0.251674664378489,1,1,0.151727843643553,0.255372499463067,1,1,0.53643181319349,0.269255867839741,1,0
"30",-0.0901727515385942,0.208395135891316,11,1,1,-0.176783774854416,0.202544554816994,1,1,-0.176219250061627,0.206825167372029,1,1,-0.35573092883236,0.265754209840926,1,1,0.0792212357876898,0.249311326415354,1,1
"31",-0.0315245964831887,0.204283717332107,17,1,1,-0.0463752092831808,0.213776169465574,1,1,-0.0232809420007979,0.210603240721782,1,1,-0.153248662581877,0.230000058645111,1,1,0.173680583812835,0.247912431121626,1,1
"32",-0.402803961878779,0.20171147407149,7,0,0,-0.522941479541879,0.199199588090042,0,0,-0.513103755477324,0.183381295870422,0,0,-0.352376666688565,0.210392744885658,0,0,-0.155598812408629,0.216550567091424,0,1
"33",0.0352449246138517,0.214052927154629,15,1,1,-0.253683180893698,0.251857592635197,1,1,-0.241373129158362,0.225379329570508,1,1,-0.109168087014207,0.245142934223271,1,1,0.185911871265358,0.261060515194286,1,1
"34",-0.512694285120758,0.24474915737155,5,1,0,-0.410866394142791,0.22840672553808,1,1,-0.377070025247276,0.21400203597893,1,1,-0.712968281995766,0.260015797044174,1,1,-0.117764642458983,0.272015685538199,1,1
"35",0.0426396402566765,0.193685264515139,11,1,1,0.139508641623261,0.182026215630523,1,1,0.0540060647999491,0.180086101981271,1,1,0.0633940590114339,0.211442406136614,1,1,0.2894368112336,0.211038758864714,1,1
"36",0.127516919535117,0.205980355828027,19,1,1,-0.00902543449592858,0.198119456025744,1,1,-0.036156451065452,0.196375094163355,1,1,-0.122907496603196,0.232550370878341,1,1,0.326247913619349,0.230526832244781,1,1
"37",0.00923269930422957,0.218125965576421,9,1,1,0.0568972958351828,0.195006540632069,1,1,-0.015919969936552,0.203148867834067,1,1,0.192214185183412,0.284036200640194,1,1,0.200508138959991,0.279496561037605,1,1
"38",0.0596613160138035,0.206925753142265,19,1,1,-0.0506835236911797,0.243760328475819,1,1,-0.0469010623300838,0.241673254232059,1,1,-0.132074970583322,0.247556776295154,1,1,0.353289982420569,0.2538225422099,1,1
"39",0.289785628128572,0.242844224393681,13,1,1,0.213586925891494,0.249956154418789,1,1,0.211842752426068,0.246943032174712,1,1,0.400248357340453,0.310674913609899,1,1,0.47380201764924,0.284027337732804,1,1
"40",-0.0072234484527568,0.228740891618735,19,1,1,-0.136837223209475,0.254610580308899,1,1,-0.163936384666873,0.255265670025835,1,1,-0.0804110437503528,0.279519713603387,1,1,0.271290191475681,0.274801533575805,1,1
"41",0.336262081560452,0.219758243019247,13,1,1,0.356914997138676,0.2123527616826,1,1,0.342846147361925,0.210939407778073,1,1,0.382319322164998,0.263676429316699,1,1,0.487622947605228,0.259956256964181,1,1
"42",0.362431291652156,0.210560652287608,7,1,1,0.271144233061825,0.204786015674615,1,1,0.339458605619704,0.199028884549611,1,1,0.218234589583029,0.234622047918836,1,1,0.510685173823338,0.243236035456816,1,0
"43",0.0559306957420486,0.247909083654141,19,1,1,0.089159371707771,0.277256324716664,1,1,0.064459223676539,0.247931270209494,1,1,-0.0127873649009773,0.291858308183004,1,1,0.209352046673458,0.280593024888676,1,1
"44",0.0586662986878389,0.207659074986059,11,1,1,0.0623270254936418,0.185909157641508,1,1,0.0895155983589185,0.190564839199259,1,1,0.212781510564301,0.217765222249531,1,1,0.321067535368083,0.230752280558038,1,1
"45",0.360140494283915,0.228603347200713,17,1,1,0.233796333308104,0.207266206240194,1,1,0.251788076370262,0.214183019434442,1,1,0.0829350820494554,0.274456301085083,1,1,0.496668096031548,0.286981840911171,1,1
"46",0.100155801570439,0.222641606177815,15,1,1,-0.0913507231794945,0.260116605891244,1,1,-0.0639383132769582,0.266726101321895,1,1,0.081118519117748,0.263856320710913,1,1,0.353047887515269,0.24438145279388,1,1
"47",-0.424556954857472,0.242715206143093,11,1,1,-0.34038432325793,0.221050356449999,1,1,-0.343184782539562,0.208984281609787,1,1,-0.258663228978809,0.262148931414306,1,1,-0.0440037982452801,0.272384037443895,1,1
"48",-0.387220590215041,0.223126379435729,9,1,1,-0.250496466882939,0.210244541460288,1,1,-0.275636993109729,0.201665301550647,1,1,-0.40288902944132,0.259990777873952,1,1,0.0740325158554208,0.263669385338855,1,1
"49",0.0682225501440325,0.22936863183618,13,1,1,0.043617245193282,0.201311669020807,1,1,0.0467395481832195,0.199068706512879,1,1,0.0971775130421116,0.239525792292925,1,1,0.437058215708569,0.232681001257139,1,1
"50",-0.335978538886238,0.24626985108168,1,1,1,-0.45268795909254,0.252608695285908,1,1,-0.434436192590823,0.257650515881933,1,1,-0.304999922754632,0.250204006446058,1,1,-0.335978538886238,0.251272935729139,1,1
"51",0.0955451377976584,0.240985290655512,15,1,1,-0.00611165621678518,0.223407746073111,1,1,0.00195886085464011,0.222722156608815,1,1,-0.0454896288687595,0.263099572900613,1,1,0.403583521033894,0.270638910813988,1,1
"52",-0.324448923197207,0.225303678035704,15,1,1,-0.400091464267243,0.226513728069238,1,1,-0.370804884387243,0.222300721136119,1,1,-0.40649347385921,0.270710903782179,1,1,-0.0676578154110246,0.288411692544914,1,1
"53",-0.00978833667173563,0.215820962330956,5,1,1,0.00732490240141313,0.20526987748122,1,1,-0.0472512948460947,0.208883623344195,1,1,-0.0326237651829987,0.218172210944362,1,1,0.276071499921708,0.220757390697107,1,1
"54",-0.0736449051634202,0.251110750985756,7,1,1,-0.20681354647062,0.213272501778777,1,1,-0.18274832626702,0.22506450770958,1,1,-0.327900514480463,0.260845429657289,1,1,0.171357213885943,0.261184588054696,1,1
"55",-0.185824107720024,0.219975821668726,15,1,1,-0.347476329706901,0.239607997125878,1,1,-0.359612673116068,0.221688051074215,1,1,-0.532287024500147,0.271405118574332,1,1,-8.36297703176818e-05,0.250486382168851,1,1
"56",-0.0524968569644199,0.223151667779207,19,1,1,-0.125961331194673,0.21642097921123,1,1,-0.126475151590669,0.212751719144824,1,1,-0.2621295432209,0.24293039140197,1,1,0.262571415013275,0.250849444381272,1,1
"57",0.299835434856979,0.230380845702387,17,1,1,-0.114685706653413,0.287973446075659,1,1,-5.04513601949931e-05,0.266241359813892,1,1,0.182515435126737,0.272079465892183,1,1,0.499097684552111,0.266278247989185,1,1
"58",0.0712338661318302,0.234152465749688,17,1,1,0.185528474209969,0.226550305417522,1,1,0.190230356129769,0.218987944730806,1,1,0.10282595196628,0.271895839641172,1,1,0.430388940711308,0.264045872883815,1,1
"59",-0.272736018721984,0.254834660446197,5,1,1,-0.248330883112726,0.206023161759879,1,1,-0.22147915649398,0.214539649256077,1,1,-0.337926096742795,0.258069778319098,1,1,0.0154781578101947,0.266753864522281,1,1
"60",-0.285093057411843,0.231166669125968,13,1,1,-0.234564574134891,0.286167976180088,1,1,-0.224068942632074,0.289288762656686,1,1,-0.175261902892773,0.248917463454311,1,1,0.0278297604386745,0.26798741869074,1,1
"61",-0.172416289378298,0.218815756462493,9,1,1,-0.183154503500967,0.209473552820957,1,1,-0.19025731867361,0.19467975532004,1,1,-0.133884783740807,0.250684387007089,1,1,0.0202704333722674,0.260131495135939,1,1
"62",-0.145448116092542,0.223125146861366,17,1,1,-0.208330789497303,0.215241936902132,1,1,-0.184694273239208,0.217084911622904,1,1,-0.169078778226301,0.244016665285841,1,1,0.19711241604965,0.246455312171282,1,1
"63",-0.103831078577065,0.218947862471401,17,1,1,-0.140216617515354,0.197927703880053,1,1,-0.150789962549853,0.196102400176406,1,1,-0.26688322188151,0.2391669108233,1,1,0.261412406414797,0.22648152851529,1,1
"64",-0.120499111546665,0.219561826347717,13,1,1,0.00443776794255888,0.193723840850765,1,1,-0.00915078949245335,0.223406732000338,1,1,-0.181446762487158,0.233296770167857,1,1,0.0743760670015028,0.248857604235765,1,1
"65",-0.0976806703334693,0.225263846438574,17,1,1,-0.381336168872027,0.287778454297045,1,1,-0.368811422550545,0.277579621760322,1,1,-0.28088164366297,0.239934747979413,1,1,0.131236162446772,0.239308914408464,1,1
"66",-0.0738592261971953,0.227276147659705,17,1,1,-0.187509420814563,0.23849750214467,1,1,-0.199704521210326,0.224248693160637,1,1,0.0103799407026339,0.256937675843765,1,1,0.24380528806159,0.25789253098565,1,1
"67",0.155872353482647,0.211217964469687,9,1,1,0.229021068891398,0.199971054780934,1,1,0.212593628858748,0.188625112249156,1,1,0.045495354855027,0.231365386695725,1,1,0.356154603031198,0.249401106399116,1,1
"68",-0.0953919829432363,0.224514979564548,19,1,1,-0.0724971961279059,0.280744510341913,1,1,-0.141527941452972,0.230094557716962,1,1,-0.0382584992496151,0.283457711605741,1,1,0.208378517505075,0.285849835556958,1,1
"69",0.187809613825336,0.208095910371208,15,1,1,0.05274862782096,0.208132797819817,1,1,0.0327222585339589,0.207684048575585,1,1,0.0370462307548875,0.242259581863867,1,1,0.273342353729219,0.245527398603902,1,1
"70",-0.147228939134203,0.228750349241998,13,1,1,-0.185076325057671,0.211163003130728,1,1,-0.14915934169562,0.212577218901852,1,1,-0.0905599658840466,0.301464376709184,1,1,0.067664097522302,0.273560330110443,1,1
"71",0.0318101235220586,0.229509425992465,11,1,1,-0.0424896975087585,0.232596254466631,1,1,-0.0347361221966886,0.210443104966552,1,1,-0.224341040334931,0.244118188506993,1,1,0.321656608760361,0.26990065255356,1,1
"72",-0.104488671838069,0.228474146600091,15,1,1,-0.0300728003871499,0.193718586892441,1,1,-0.0395512561099473,0.202855302867173,1,1,-0.0662126103042753,0.249735663605669,1,1,0.261401820133718,0.245465633963513,1,1
"73",-0.0866581407060896,0.218500195372119,15,1,1,-0.0544997818040671,0.194164302847927,1,1,-0.0477162357571928,0.209680772161839,1,1,-0.13793450761234,0.234222221483543,1,1,0.193908519633063,0.228124597948917,1,1
"74",-0.0390138108557974,0.267995237660426,1,1,1,0.0101741461760045,0.194822344844872,1,1,0.033613001862122,0.197346514502336,1,1,-0.0959573050766173,0.244307198961494,1,1,-0.0390138108557974,0.259191673384106,1,1
"75",-0.271191364683868,0.26362249763911,11,1,1,-0.158094578392694,0.199847581273942,1,1,-0.189148664138718,0.225348126092745,1,1,-0.36227084612326,0.29249372476073,1,1,0.21375634666159,0.301945486518714,1,1
"76",-0.0283925947224321,0.218409623293006,15,1,1,-0.118482963182375,0.208708396707463,1,1,-0.0817569427077256,0.20609306180692,1,1,0.104351336358831,0.237099369482085,1,1,0.213853492433388,0.255854515984761,1,1
"77",-0.030033819934043,0.275660071423001,3,1,1,-0.0512866461322625,0.212961236422243,1,1,-0.0808174907980852,0.221389808803829,1,1,-0.0392136717833192,0.306614578706448,1,1,0.0543347500600636,0.294758294598219,1,1
"78",-0.21427315528342,0.201407320699928,7,1,1,-0.137060861633598,0.190198742423131,1,1,-0.182702784749533,0.179219155926528,1,1,-0.290204042754141,0.238333419975834,1,1,0.149537639187884,0.237218878357205,1,1
"79",0.0811682164905571,0.225197908882022,17,1,1,-0.0110549519944216,0.22542452965392,1,1,-0.025643481743479,0.220848723662389,1,1,-0.0269838580618577,0.264348283589234,1,1,0.206105331755844,0.257024860063875,1,1
"80",0.05482984897786,0.209830957946431,15,1,1,0.052011096984663,0.192843366482475,1,1,-0.00529024788517111,0.19495153386165,1,1,0.0390245578132635,0.227001836243314,1,1,0.236065480276076,0.220740950053581,1,1
"81",-0.1593825706992,0.243060961358814,9,1,1,-0.250009931398484,0.213192480368646,1,1,-0.246158553276975,0.206581131831078,1,1,-0.263620449297035,0.261051397883833,1,1,-0.0157865464413305,0.270701224331084,1,1
"82",-0.414786855980938,0.247343926928528,5,1,1,-0.401888509618067,0.248451518197568,1,1,-0.446294177551813,0.238989689453516,1,1,-0.304520205427152,0.250630752530885,1,1,-0.0820710708613955,0.272575313735375,1,1
"83",-0.219006897234271,0.241336450503023,13,1,1,-0.235781669629993,0.213346309829273,1,1,-0.248931682331371,0.22033853584474,1,1,-0.398738639674502,0.285628262451622,1,1,0.282284114918494,0.288462864688768,1,1
"84",0.311732656115858,0.232926284576287,19,1,1,0.318095003808616,0.22541641848081,1,1,0.291037869858215,0.219831205346215,1,1,0.273957130580499,0.24219463548364,1,1,0.611280859549109,0.246620406049809,1,0
"85",-0.248740692771947,0.246164781306543,7,1,1,-0.311402651074885,0.230502651737102,1,1,-0.251592721895767,0.223053885510418,1,1,-0.250079356048425,0.265670111263552,1,1,0.0696769550954811,0.261870834422885,1,1
"86",0.101608025552787,0.224261100909493,5,1,1,-0.0768196579295253,0.207795119019025,1,1,-0.0271493925777373,0.207430532099327,1,1,0.11812441698951,0.228782441796605,1,1,0.211456703049409,0.247557625584607,1,1
"87",-0.309011223605279,0.211215745881996,9,1,1,-0.377077284701249,0.215597386055979,1,1,-0.335253208119137,0.211798150071911,1,1,-0.284081479112802,0.247076454825704,1,1,0.0238094111108524,0.236971385008142,1,1
"88",0.0946360290358523,0.216179667995882,17,1,1,-0.00488577646108876,0.209421972009306,1,1,-0.000634758571819092,0.198314519554473,1,1,0.00992494245355804,0.259981163804922,1,1,0.249493193899478,0.273855172212814,1,1
"89",-0.00286388280378914,0.277804819826217,1,1,1,-0.0146023311464444,0.211221459137107,1,1,-0.0278969515174814,0.219918530736497,1,1,0.0255461231815725,0.266521070902319,1,1,-0.00286388280378914,0.274505449844012,1,1
"90",0.141644920973501,0.225115912137498,11,1,1,0.206502463265995,0.20805844678894,1,1,0.178791999655604,0.207850607235175,1,1,0.328569308613044,0.272279529687382,1,1,0.374741406451431,0.259879810381889,1,1
"91",-0.269658728783454,0.211536569556397,19,1,1,-0.32554425223218,0.216211140782367,1,1,-0.25663102816562,0.204939249499814,1,1,-0.334032007861655,0.228868000431972,1,1,0.042145692059958,0.231099520481724,1,1
"92",0.427839033837829,0.247237890658824,17,1,1,0.477962846930091,0.240506792927344,0,0,0.488294254624701,0.232026792891266,0,0,0.657090174583295,0.286623234924087,1,1,0.687670090908854,0.291885971790105,1,0
"93",0.0758492980168245,0.216454230767346,17,1,1,0.0316120040958959,0.193352557388916,1,1,0.0247750476033935,0.196724954252055,1,1,0.0495242874799925,0.226961683819402,1,1,0.472843187708499,0.2362510238303,1,0
"94",-0.0132431702921218,0.187355685189098,15,1,1,-0.048452201842381,0.189219556745502,1,1,0.00431607385392276,0.18787528988277,1,1,0.188055084162102,0.241983517860369,1,1,0.328350529987881,0.243788748726396,1,1
"95",0.264801555653744,0.228802131144444,7,1,1,0.186479866199722,0.225741342907358,1,1,0.156706009435263,0.226150170319518,1,1,0.316738343474032,0.252282458676225,1,1,0.476071906342038,0.249142843522076,1,1
"96",0.190678800683001,0.221017333805932,19,1,1,0.023572509058076,0.252447321165693,1,1,0.0342134768644047,0.242550793896756,1,1,0.183928145412467,0.290485027651523,1,1,0.419900394964952,0.282015493307452,1,1
"97",0.0480205365753284,0.278634623449634,3,1,1,-0.152880588954089,0.238670405307147,1,1,-0.158449859533724,0.247995569929353,1,1,0.186562277643297,0.301034717671513,1,1,0.152346155594158,0.284332905173408,1,1
"98",-0.229022655283788,0.22547483372019,11,1,1,-0.226094326919883,0.196945146674594,1,1,-0.184791052874933,0.20918104708326,1,1,-0.224060349198158,0.231328706696692,1,1,0.133756169898765,0.226903506171376,1,1
"99",0.114430113699354,0.200386223813676,17,1,1,-0.0946474725453357,0.217175739929536,1,1,-0.0520923533721641,0.214550774573416,1,1,-0.00212159408512756,0.249782550198793,1,1,0.273176085054116,0.234764043116566,1,1
"100",-0.290756096174753,0.262330077050064,13,1,1,-0.44140953914187,0.333405204863156,1,1,-0.440317663608304,0.305793736791656,1,1,-0.535786296390533,0.351066553677703,1,1,0.0600849010587861,0.35443448327472,1,1
