"","V1","V2","V3","V4","V5","V6","V7","V8","V9","V10","V11","V12","V13","V14","V15","V16","V17","V18","V19","V20","V21"
"1",-0.235784065019604,0.199283969634361,17,1,1,-0.250364472460095,0.195647216135325,1,1,-0.244744150285069,0.2078350995348,1,1,-0.259653422930904,0.220345240450057,1,1,-0.302658357332466,0.250157486646426,1,1
"2",-0.0711120907773745,0.226947999634566,15,1,1,-0.129992857228573,0.228960684596118,1,1,-0.107369091708086,0.231196486230799,1,1,0.146740537863365,0.23226923935737,1,1,-0.0856633224342922,0.279410532769025,1,1
"3",0.162339022102104,0.218642945106752,13,1,1,0.229242060296716,0.2621589257204,1,1,0.237400906104436,0.248318056584918,1,1,0.0856170614928161,0.271350411777173,1,1,0.124212372088032,0.278769736930135,1,1
"4",0.178638922889493,0.210255113734276,7,1,1,0.0946554411969054,0.188280355159339,1,1,0.0965859400350643,0.193764314823424,1,1,0.219695782599037,0.191458525408856,1,1,0.172596584816716,0.192637846205855,1,1
"5",-0.190001897819337,0.216202753506133,19,1,1,-0.33222205297698,0.239498851987431,1,1,-0.326125646985505,0.234248077647471,1,1,-0.126717758354528,0.278184226898367,1,1,-0.234417866930675,0.250736235599575,1,1
"6",-0.381991171905201,0.239457874714209,15,1,1,-0.448332717897332,0.217586379738359,1,0,-0.379855658515808,0.203195374292593,1,1,-0.572841228133722,0.266095832270304,0,1,-0.355965034524666,0.265691085762215,1,1
"7",-0.279488369077014,0.229829935848726,19,1,1,-0.357682325869128,0.212688635712038,1,1,-0.364230097576928,0.205328038322777,0,1,-0.382394777739251,0.221075930139613,1,1,-0.291668189664293,0.262897000359175,1,1
"8",0.232048380375623,0.222504466242069,7,1,1,0.298101412220181,0.20607086606342,1,1,0.300171878185576,0.208397722243306,1,1,0.248130395363727,0.28066669693948,1,1,0.211357323730578,0.208731597669077,1,1
"9",-0.113127206792468,0.22258276436356,17,1,1,-0.169639669472153,0.213242564555452,1,1,-0.244635614452436,0.212934171633973,1,1,-0.213892897658029,0.271581094908462,1,1,-0.201999461455493,0.244504418097627,1,1
"10",-0.0656609124886915,0.216329929304273,13,1,1,-0.0961231490336496,0.234941775810331,1,1,-0.0806659597719744,0.210199825387364,1,1,-0.0953809428211071,0.225276714632514,1,1,0.00335084976282985,0.195612479623377,1,1
"11",-0.138402078711962,0.195505642197169,13,1,1,-0.185708816425867,0.22995968930901,1,1,-0.183940564642819,0.243189022376505,1,1,-0.154020403251768,0.270966951254956,1,1,-0.077088986706097,0.261248615473616,1,1
"12",-0.0603472484831393,0.21653466589809,19,1,1,-0.0300026665968694,0.202217834594883,1,1,-0.0490707086959245,0.193500155176556,1,1,-0.0196655294332329,0.227549537550502,1,1,-0.10487555675829,0.240416137706423,1,1
"13",0.0283434277360745,0.246443387993937,7,1,1,0.0526451991295955,0.227171049798025,1,1,0.0491892549452426,0.243197832724313,1,1,0.00326989769877349,0.285427842849574,1,1,-0.00296383588937667,0.293840694395901,1,1
"14",-0.372683900951096,0.224513706960309,7,1,1,-0.375281106869238,0.225000536230554,0,1,-0.389665648065014,0.223346492641251,0,1,-0.384939511473734,0.245334053471296,1,1,-0.395023836429547,0.23295453826871,0,1
"15",0.0494352957053555,0.220128544351092,13,1,1,0.0490300559814405,0.185249234465922,1,1,0.0492346806508755,0.180491461773656,1,1,-0.0738317965463994,0.282386789403785,1,1,0.00832732848847549,0.233738469091785,1,1
"16",0.175412620761749,0.273401696620808,7,1,1,0.157554589048091,0.194225214914438,1,1,0.16367164782421,0.224997470912713,1,1,0.20802085550585,0.256651203880916,1,1,0.178350481869161,0.268772373987047,1,1
"17",-0.0135976687637301,0.228986936661868,19,1,1,0.027293807180451,0.224115675256069,1,1,0.046399235858002,0.225376338499667,1,1,0.0137117420670701,0.274766620279271,1,1,-0.0286455699215065,0.253847072899539,1,1
"18",-0.0864870872422605,0.248351225316741,13,1,1,-0.238514248602896,0.222872390907302,1,1,-0.207845365416608,0.228902066033165,1,1,-0.132877133498115,0.271629737789096,1,1,-0.154065255216447,0.271119876459881,1,1
"19",0.0525139251283424,0.227686888483741,15,1,1,0.00705419263681832,0.191729000978209,1,1,0.0451939754270599,0.21818512992364,1,1,0.140703410035377,0.211966862490201,1,1,0.0326534149538168,0.255961548675426,1,1
"20",-0.249824092685596,0.215741058430974,9,1,1,-0.186744824662048,0.188727369388161,1,1,-0.184222401687001,0.217493665315957,1,1,-0.356411049327673,0.255330559463623,1,1,-0.215455090856405,0.247472654617795,1,1
"21",-0.164677233165994,0.253794373193272,11,1,1,-0.0112321244445332,0.263153132904725,1,1,-0.102210169839002,0.233416595965252,1,1,0.0248610204467915,0.32248859836749,1,1,-0.0359041809893117,0.339706811145053,1,1
"22",0.155684945677789,0.294195743450122,3,1,1,0.156311403249473,0.223589764781468,1,1,0.10362556288905,0.224963611473808,1,1,0.13821310313181,0.26080372154487,1,1,0.124047919019747,0.290135586599018,1,1
"23",0.0947156696058733,0.22800477745995,19,1,1,-0.0841578596125017,0.263694469332127,1,1,-0.0267902075198757,0.220994438325435,1,1,0.33913451565887,0.241541133946395,1,1,0.000503786749370051,0.259944685732668,1,1
"24",0.45883001049664,0.240362886068903,11,0,1,0.499856730480753,0.202308218298862,0,0,0.468924224064551,0.244786838758796,0,1,0.525348966540992,0.265342180229093,1,1,0.409281500740051,0.267111912196612,1,1
"25",-0.44750817206148,0.209573787319781,17,0,0,-0.399104679886385,0.202133672452296,0,0,-0.391024526601114,0.225274782607532,1,1,-0.64872981428304,0.252076159570339,1,1,-0.323782464351993,0.23960526933036,1,1
"26",-0.217685973726746,0.23449994552564,5,1,1,-0.0994676013075202,0.189482965430044,1,1,-0.0809324002819572,0.207116752242012,1,1,-0.333641676875468,0.234706471475379,1,1,-0.10728227865795,0.237800798996224,1,1
"27",0.378789491842765,0.231951990424266,13,1,1,0.280107799031031,0.249481099753908,1,1,0.270632948195105,0.229285129673468,1,1,0.27253902389346,0.297502844050465,1,1,0.343173061355839,0.259964518284254,1,1
"28",0.00494348627488244,0.267152611918739,3,1,1,-0.0232895540143794,0.272732447595133,1,1,-0.0127693882454634,0.261561859858195,1,1,-0.202342223141389,0.270903955288704,1,1,0.00513498696185707,0.282732385986581,1,1
"29",-0.0356089055868712,0.244086531889129,7,1,1,-0.0189867093302496,0.181104725664986,1,1,0.00301254015037107,0.196636169546749,1,1,0.0287143782027662,0.246846248991601,1,1,0.0472524823813306,0.260233587462562,1,1
"30",-0.0188518187410215,0.224059167371619,19,1,1,-0.0627440758434545,0.213670851811829,1,1,-0.0654076591373672,0.210369762079218,1,1,0.19587733627222,0.28830493375109,1,1,-0.0477877391303383,0.262312540980108,1,1
"31",0.22168608044857,0.19365723605877,17,1,1,0.157843580592067,0.19855929346572,1,1,0.168767091501288,0.188380166377273,1,1,0.0799289391507492,0.269482495607935,1,1,0.118152901852733,0.274860444184318,1,1
"32",-0.12659810130681,0.285844858993604,7,1,1,-0.223060270380341,0.22717723968525,1,1,-0.191260721421211,0.239398335657675,1,1,-0.118174902142852,0.26710258462779,1,1,-0.185878033115375,0.275051975188988,1,1
"33",0.061033037323189,0.235108082695007,3,1,1,0.0565602241209416,0.193093536084778,1,1,0.0111353954706958,0.192294428344415,1,1,0.116601921713964,0.227448440415896,1,1,0.00408810352867336,0.225782118038975,1,1
"34",0.247030769726761,0.228113671022798,17,1,1,0.31294352965309,0.201406746372921,1,1,0.277710583215852,0.200151546075717,1,1,0.370359478238856,0.255613776437903,1,1,0.258668702185156,0.245527691020364,1,1
"35",0.153440975153983,0.213593613489519,11,1,1,0.150659160932419,0.225012400438646,1,1,0.154578828540118,0.215015551821834,1,1,0.211235437343962,0.297097861114243,1,1,0.0812760347748361,0.271365663635777,1,1
"36",-0.648097788743259,0.232790463330725,5,0,0,-0.517265774638858,0.230198679034848,0,0,-0.53976047613081,0.229313103905642,0,0,-0.596915262128979,0.272919505126022,1,0,-0.512402398770679,0.259377059679648,0,0
"37",-0.138548606672637,0.239145932156563,19,1,1,-0.236248743168519,0.18618870787159,1,1,-0.255760460472066,0.18237856376571,1,1,-0.219463438696859,0.271323833440364,1,1,-0.234851476561811,0.268092387460159,1,1
"38",-0.341485910097174,0.232310004517531,19,1,1,-0.258700675881276,0.232153557223512,1,1,-0.243154052565563,0.243592488898449,1,1,-0.0153358766952637,0.255994683948398,1,1,-0.210146062895703,0.25557494168258,1,1
"39",0.133637091782761,0.257085310560137,5,1,1,0.0587523369193753,0.272870037727461,1,1,0.0751276514636491,0.212684276616903,1,1,0.313058973511532,0.270258797999934,1,1,0.14685245031609,0.313343339211819,1,1
"40",0.169267359210877,0.24481992760795,15,1,1,0.165694836260587,0.213849664457898,1,1,0.162635608266199,0.224139824535101,1,1,0.132389004322909,0.237283106290654,1,1,0.0387845457888863,0.238530580198383,1,1
"41",-0.253674946565027,0.22284600944839,17,1,1,-0.272393591280391,0.181786429634982,1,1,-0.252271866693061,0.191912462635621,1,1,-0.441476875709037,0.236834841387704,1,1,-0.275612728266175,0.222051609920545,1,1
"42",0.273404801575429,0.245047552552923,1,1,1,0.00733386519776153,0.222078583405283,1,1,-0.0242736202059783,0.236140843995286,1,1,0.267755441106005,0.264220188319462,1,1,0.273404801575429,0.258960019387941,1,1
"43",-0.177813440043076,0.225651104163049,7,1,1,-0.122539604005664,0.206668449189066,1,1,-0.101851862919304,0.227494741047633,1,1,-0.0551339537577519,0.246807178936633,1,1,-0.096069279794059,0.270772570398857,1,1
"44",0.18215246404706,0.255312891721717,9,1,1,0.120571430424832,0.241132945842056,1,1,0.127047882711252,0.209030225920003,1,1,-0.0187163194118131,0.287748543495527,1,1,0.0640236354578209,0.276282039440149,1,1
"45",0.0448029802104516,0.2484747413264,15,1,1,0.093718120357187,0.210984592665872,1,1,0.0428064873789391,0.226240895730651,1,1,0.00287362768924158,0.31964569378472,1,1,0.0653764097026742,0.313434776579576,1,1
"46",0.0634362441175828,0.205934942242282,13,1,1,-0.00550319719029317,0.23463625543037,1,1,-0.0181259585127858,0.205905177745216,1,1,-0.21050659859068,0.2458946314458,1,1,0.0116794246125068,0.227215596245363,1,1
"47",0.156994028479434,0.236497360292411,9,1,1,0.276839936194945,0.250803948919802,1,1,0.285434608637923,0.302667191367934,1,1,0.188358159682446,0.273301069347663,1,1,0.0836835900355992,0.260882285875711,1,1
"48",-0.218636026201078,0.277556110149652,1,1,1,-0.104109173761926,0.251718317455095,1,1,-0.147030093125081,0.299863915227767,1,1,-0.249485217995087,0.319110484691602,1,1,-0.218636026201078,0.30102093284722,1,1
"49",-0.171819380778083,0.214659497456269,17,1,1,-0.0736643992422163,0.239698144396556,1,1,-0.0922093483248974,0.195583768778761,1,1,-0.253322729991832,0.260499315038327,1,1,-0.203163086536992,0.221346623502637,1,1
"50",-0.115640313861587,0.230004655818548,17,1,1,-0.159074096331641,0.196246411221082,1,1,-0.169764588190958,0.21413961309927,1,1,-0.315822096573074,0.233099417482907,1,1,-0.181396274348762,0.211170883103621,1,1
"51",-0.0180485253590474,0.23130585840265,19,1,1,-0.124470851880924,0.235705734949709,1,1,-0.0728512878786216,0.187049159797574,1,1,0.00251985332913756,0.216506114195771,1,1,0.00551403948193537,0.218975281467667,1,1
"52",-0.104777902560263,0.215469929506235,13,1,1,-0.0334109487887315,0.181632310174991,1,1,-0.0357353396755772,0.19669554045392,1,1,-0.0693908971298302,0.242842109149289,1,1,0.00874323664544361,0.218670231809997,1,1
"53",0.192833031670504,0.243670641095471,19,1,1,0.248570135196484,0.257660228200662,1,1,0.28036403471813,0.234229268326383,1,1,0.239377692685443,0.322719805134816,1,1,0.293225796130993,0.290510386477534,1,1
"54",0.369350417053961,0.259556973489406,19,1,1,0.317065735955134,0.229821735640211,1,1,0.32920659111054,0.227744939553208,1,1,0.230264350833221,0.308433148554139,1,1,0.39798117675329,0.291760419824083,1,1
"55",-0.0836361380161711,0.257923606303974,1,1,1,0.0408207943013332,0.231647454207205,1,1,0.0299018683747902,0.205981059318661,1,1,-0.0845108489791189,0.263233395457714,1,1,-0.0836361380161711,0.329041085274117,1,1
"56",0.106007622073398,0.232222079685132,15,1,1,0.0553795778373129,0.231864108582891,1,1,0.0660642120662042,0.177783904075638,1,1,0.108557793273272,0.267927781226644,1,1,0.0463678287477022,0.300834056590786,1,1
"57",0.0849148512668856,0.239276486028956,11,1,1,0.123573294556808,0.219617905606731,1,1,0.0978109079223841,0.231628074858783,1,1,0.0219454936045983,0.241092397328759,1,1,0.043380802392123,0.241669930376124,1,1
"58",0.411832153054303,0.272919703843787,3,1,1,0.327728067723564,0.214148304792616,1,1,0.299580598808457,0.227939177339672,1,1,0.351985681652429,0.269591987076498,1,1,0.287580060442532,0.31558776034102,1,1
"59",0.554009162918392,0.207727956592596,11,0,0,0.54363693755507,0.183646868437578,0,0,0.549871225866952,0.212275943878911,0,0,0.644249491083386,0.19347547524727,0,0,0.520896804507854,0.242566144070313,0,0
"60",-0.171508729911145,0.22833297136475,19,1,1,-0.197631600174226,0.236727366242019,1,1,-0.228438071586695,0.205985194405014,1,1,-0.273430822777174,0.217465087305058,1,1,-0.126368507201881,0.257645076897136,1,1
"61",0.246664304421951,0.251156274466896,7,1,1,0.236917263324028,0.243172983136191,1,1,0.215208461867531,0.257825287542685,1,1,0.0967427474107511,0.283260497281141,1,1,0.289318402361544,0.24018787375593,1,1
"62",0.151354511211821,0.207065874047295,15,1,1,0.244328829010233,0.220786766155204,1,1,0.226863378016021,0.218024282082587,1,1,0.27362764368373,0.227127524221566,1,1,0.127111069336579,0.233909866306121,1,1
"63",-0.325643492370447,0.232984147791236,13,1,1,-0.172593503244511,0.201762564583218,1,1,-0.212006912020806,0.221274574562409,1,1,-0.342355817858739,0.242325925364654,1,1,-0.258396431599818,0.301443061662629,1,1
"64",0.463691399904873,0.230932293282516,3,1,0,0.297118046570101,0.204430197282835,1,1,0.369513889767703,0.214460070105482,0,1,0.615830092676269,0.230537806610057,0,1,0.396737480357338,0.272477728958896,1,1
"65",0.0763427016975355,0.229257263678201,15,1,1,0.127148825298681,0.189544329493669,1,1,0.124586933288259,0.185317684782479,1,1,0.0254240917785061,0.226440964873946,1,1,0.0335683889615168,0.24005258413534,1,1
"66",-0.108139385682856,0.240529271171501,5,1,1,-0.0291866002958859,0.20896114198459,1,1,-0.0126928422203144,0.219505302436605,1,1,0.0418565056130949,0.242569314098207,1,1,-0.0784336955941545,0.284100982134594,1,1
"67",0.135239588564183,0.239789404420258,13,1,1,0.164918627082936,0.222626669776231,1,1,0.180804220878503,0.22673604217708,1,1,0.0945071783963374,0.27794530807585,1,1,0.107026515314733,0.295632345893793,1,1
"68",-0.100807206018403,0.282481063485124,11,1,1,-0.119856659855521,0.266105039673962,1,1,-0.112529909111101,0.245900212310795,1,1,0.0373573505104949,0.304904145181664,1,1,-0.166096343789884,0.283664106437747,1,1
"69",-0.12517755119038,0.230272894316167,17,1,1,-0.165779161612701,0.25963785246638,1,1,-0.0767384678635799,0.228023036022738,1,1,-0.0154645044221171,0.288527304898286,1,1,0.00437157559355088,0.2649577537104,1,1
"70",0.0121514016221731,0.24441705067134,17,1,1,-0.0248647463102771,0.234944874545533,1,1,-0.0114547624356779,0.233161090674803,1,1,-0.29115183972157,0.338658357646928,1,1,-0.0483031909115247,0.337610885358089,1,1
"71",-0.284983244372068,0.249300302209092,13,1,1,-0.254404674465774,0.225849353981336,1,1,-0.267432664478284,0.222403291965762,1,1,-0.177072683111967,0.270093706698091,1,1,-0.169238299360993,0.247117005520149,1,1
"72",0.284877461512272,0.21143602081261,11,1,1,0.394461410323275,0.240460717608612,1,1,0.353941396871958,0.224024218647552,1,1,0.275769786930952,0.23816015849297,1,1,0.276584314302375,0.217222875195636,1,1
"73",-0.360675301800035,0.224209586614647,7,1,1,-0.274899791925192,0.196319054428438,1,1,-0.275113997776672,0.22429634917138,1,1,-0.317039789516431,0.229357429474733,1,1,-0.201542756841665,0.270924725361409,1,1
"74",0.114800949486214,0.228713414713148,9,1,1,0.122525407662786,0.191644462407788,1,1,0.140237536337242,0.236126113976462,1,1,-0.0185250370427745,0.247689548841463,1,1,0.0919386771349913,0.261913731068623,1,1
"75",0.263987926997618,0.218684130897571,3,1,1,0.213744271961006,0.199079161806717,1,1,0.172504323048914,0.166383263286756,1,1,0.148970027769158,0.257704161141824,1,1,0.135440052430729,0.23779010028899,1,1
"76",-0.124514200568626,0.215691053599398,19,1,1,-0.259213346989716,0.243192485983876,1,1,-0.187268464266773,0.190049845369181,1,1,-0.358027061409514,0.212900963239238,1,1,-0.113908578229211,0.241618766019327,1,1
"77",0.0193674858019095,0.215414922054332,17,1,1,0.0374581129659314,0.21683008751409,1,1,0.0150362947857269,0.18892927836313,1,1,0.192071820103243,0.213174779953279,1,1,-0.00797711637207202,0.253140431475394,1,1
"78",-0.350329721534436,0.218518388961108,9,1,1,-0.244054987099185,0.192046880844223,1,1,-0.291967042890352,0.228091670604649,1,1,-0.455472361530049,0.255850363749914,1,1,-0.201615011941819,0.252564962278314,1,1
"79",0.371698270785202,0.22697587480816,7,1,1,0.362511777886993,0.224812582142424,1,1,0.356575639877379,0.215043819638018,1,1,0.431168242916126,0.247629482653515,1,1,0.273015200336449,0.225277143460639,1,1
"80",-0.0604399072279863,0.247234069151589,19,1,1,-0.0946217614963987,0.241286092326964,1,1,-0.0973591519206215,0.214471205929783,1,1,-0.00617565895447955,0.280675368186699,1,1,-0.150059289295651,0.232469750295302,1,1
"81",-0.266406090235898,0.263329071700596,1,1,1,-0.087076841477611,0.244885673591663,1,1,-0.103541683287801,0.23319982473546,1,1,-0.239352941949003,0.284630015338791,1,1,-0.266406090235898,0.275211085582736,1,1
"82",0.149182812239583,0.200091445028369,11,1,1,0.109376385833692,0.213332893487244,1,1,0.102125062950518,0.196754820569876,1,1,-0.0143769841546248,0.233000562405752,1,1,0.0676368216894333,0.237341994084578,1,1
"83",-0.308521369079571,0.220057586057302,11,1,1,-0.166523566876835,0.2048995329797,1,1,-0.203852315029229,0.172853561164778,1,1,-0.218373102486718,0.244531011760412,1,1,-0.21787369112653,0.236274869721517,1,1
"84",-0.307995817449811,0.228899026741119,9,1,1,-0.449391265463874,0.284707023726217,0,1,-0.411922551716551,0.265445227522075,1,1,-0.298924381728337,0.279629409611911,1,1,-0.272031082826784,0.234005636710027,1,1
"85",-0.0537623109178752,0.214862413762893,7,1,1,-0.1911843831505,0.253851678470588,1,1,-0.151377924359215,0.192105256224038,1,1,-0.21573623743498,0.261987485884551,1,1,-0.011873405756942,0.271573647454431,1,1
"86",-0.165160367626415,0.211756204560324,9,1,1,-0.124909061418531,0.218498351063427,1,1,-0.142838114662179,0.203022136054521,1,1,0.0764423187594227,0.237246060516015,1,1,-0.0271670245499849,0.237846249901272,1,1
"87",0.451481540213759,0.255373014832687,17,1,1,0.505643570903898,0.199599190720058,0,0,0.468175334011592,0.246654025861608,1,1,0.557138167825246,0.312220236781296,1,1,0.391615726808536,0.264617910147128,1,1
"88",0.409604652066643,0.256490829680505,13,1,1,0.48695394709485,0.20881287643803,0,0,0.471894754840607,0.235146364658547,1,0,0.458133137564342,0.311928285749075,1,1,0.483429371786177,0.29207453506072,1,1
"89",-0.344071773372372,0.22130962988138,19,1,1,-0.336753606508092,0.207089155130152,1,1,-0.34864527720117,0.243602859703114,1,1,-0.418984203267937,0.257606027204541,1,1,-0.230274336747732,0.251781294484179,1,1
"90",-0.184944934408595,0.2646535623983,11,1,1,-0.186892439743296,0.238846853590107,1,1,-0.138690526598866,0.196675664375916,1,1,0.107370396404581,0.244336481893265,1,1,-0.0704878696720357,0.282120654158773,1,1
"91",-0.0119542810278852,0.207768298578297,5,1,1,-0.00421643676990589,0.198736802630638,1,1,0.0168971041627619,0.20357001147251,1,1,-0.0303280726104883,0.227514651336291,1,1,-0.00373487942586213,0.2505749688636,1,1
"92",-0.244774459847907,0.224543143250579,3,1,1,-0.302577873418175,0.27564163322383,1,1,-0.222175582273089,0.233565406765301,1,1,-0.105514082197541,0.236475211928294,1,1,-0.203448493648902,0.239033462994461,1,1
"93",0.168330824499904,0.208498809802308,15,1,1,0.0801282303893537,0.232950950141969,1,1,0.0579416638091342,0.203163280107785,1,1,0.0722499718826447,0.25722021296404,1,1,0.101774154194901,0.219853005217915,1,1
"94",-0.207245241952883,0.256299249163142,17,1,1,-0.150619342606064,0.233000741827678,1,1,-0.0138209051502609,0.272296609714009,1,1,-0.00768788458375471,0.251719219330101,1,1,-0.146669861054879,0.264105723235619,1,1
"95",0.159874813263483,0.194983039173258,9,1,1,0.106241274712483,0.20302930033998,1,1,0.0835520010328042,0.216022391580912,1,1,0.254942883169731,0.217989387339157,1,1,0.0458708077758428,0.242139018477423,1,1
"96",-0.00616982092256226,0.244842913401153,17,1,1,-0.175643889011072,0.218616684135426,1,1,-0.090741651230034,0.235256954299281,1,1,-0.0451586809721007,0.252599692521304,1,1,-0.0391765779710218,0.252964991034775,1,1
"97",0.226559849936835,0.233514124478119,3,1,1,0.109051002569625,0.193634172572157,1,1,0.0993268012117189,0.175745678541511,1,1,0.143811222653716,0.215128540649828,1,1,0.123305933572485,0.239809887576869,1,1
"98",-0.263986041599862,0.264081820603627,1,1,1,-0.0735435668224344,0.210964918507568,1,1,-0.127567360602535,0.223693248711833,1,1,-0.299074382715322,0.261665248473258,1,1,-0.263986041599862,0.263387362095438,1,1
"99",-0.109136312713861,0.217389809117039,9,1,1,-0.082918323461594,0.226622398723163,1,1,-0.0752302153688969,0.229321810195287,1,1,-0.114743822801216,0.26314452484409,1,1,-0.0771614212296005,0.245025358133998,1,1
"100",-0.159096164561351,0.207247249576089,3,1,1,-0.0488295117973956,0.334671474093986,1,1,-0.00605121262808446,0.347318762621721,1,1,-0.0896801351955982,0.256530089426474,1,1,-0.114703133687215,0.262647634167742,1,1
