"","V1","V2","V3","V4","V5","V6","V7","V8","V9","V10","V11","V12","V13","V14","V15","V16","V17","V18","V19","V20","V21"
"1",-0.250268031863849,0.210405285991115,11,1,1,0.0166064270281667,0.180692002917796,1,1,-0.271136230161008,0.243345672832045,1,1,-0.0639698220421601,0.254502703231159,1,1,-0.235273202285937,0.241453203735088,1,1
"2",0.0290953249466627,0.270523941147523,3,1,1,0.230483922310422,0.236290395194562,1,1,0.0237047867657861,0.196856326517078,1,1,0.0824273026500298,0.223133492496007,1,1,-0.0247718770495128,0.276617042688362,1,1
"3",0.149137363942806,0.269856390474083,7,1,1,0.449524595231981,0.202141488134347,0,0,0.162846097833432,0.21659910024295,1,1,0.598095901803852,0.219587639723103,1,1,0.199907260639263,0.265641631512311,1,1
"4",0.0332927681591064,0.234672800944803,17,1,1,0.315237291973824,0.198831799000901,1,1,0.0251552356304566,0.198100070219656,1,1,0.431278435619409,0.267964467959299,1,1,0.052344994341174,0.257081113024768,1,1
"5",0.0794257500402653,0.220945316577607,17,1,1,0.377238968213634,0.198656445377784,0,1,0.0625935235441079,0.220611331509718,1,1,0.42178965730435,0.257914475163255,1,1,0.0347056566122042,0.230923660001608,1,1
"6",-0.000203954224991983,0.230798092012947,3,1,1,0.278645738575105,0.191411865121177,1,1,0.037874706389941,0.227591794202593,1,1,0.37394901231428,0.237474795513271,1,1,0.119908134837095,0.273718939318552,1,1
"7",-0.103510894073118,0.23981072103368,5,1,1,0.0772923487267659,0.201238491139207,1,1,-0.124878678841856,0.221739617657342,1,1,-0.0644658397511979,0.238149380733924,1,1,-0.133972678547912,0.257584757068075,1,1
"8",-0.220501580924271,0.258507601144627,1,1,1,0.115246959109861,0.19934144216764,1,1,-0.157985124636103,0.204993359508524,1,1,0.030839541587376,0.228861301080876,1,1,-0.220501580924271,0.223728191453363,1,1
"9",0.335735644581473,0.198469798824334,19,1,1,0.571135063377443,0.183448204140653,0,0,0.333158235900044,0.202540678569123,1,1,0.547152477562511,0.245021619898262,0,1,0.328709310468954,0.231430052221722,1,1
"10",-0.053673054673955,0.232293598517133,5,1,1,0.289773096387454,0.208720914627386,1,1,-0.0942099575482509,0.225653000634306,1,1,0.191028339685951,0.22960789182068,1,1,-0.106066463057635,0.245522662360771,1,1
"11",-0.168706942694599,0.211950138697843,11,1,1,0.104496420560657,0.191259873260645,1,1,-0.169704425869936,0.203325200717814,1,1,-0.0554872316108801,0.257787766672136,1,1,-0.0911532917488546,0.245087602829462,1,1
"12",-0.248480180677643,0.21408114672877,5,1,1,0.139769512848936,0.205756720286842,1,1,-0.317763307829651,0.203294262389196,1,1,0.16740030574727,0.239767325667234,1,1,-0.290873610003757,0.250561205865129,1,1
"13",0.163154597778554,0.238120889951077,19,1,1,0.446645031610148,0.229467912768512,0,1,0.142393539680585,0.220900625879275,1,1,0.244695576530514,0.26305748516959,1,1,0.163188154828401,0.270654394894376,1,1
"14",-0.0497063090599552,0.213720717827418,9,1,1,0.153238843426055,0.180625319853863,1,1,-0.139864457659018,0.189742288555115,1,1,0.102076944277353,0.265119506930545,1,1,-0.13659027394459,0.271136595158402,1,1
"15",0.15394542584979,0.246282200921497,7,1,1,0.450060829079711,0.186169133289828,0,0,0.0702107027523184,0.231501183546969,1,1,0.536488804759938,0.216915540750394,0,1,0.110625451520531,0.225540607894495,1,1
"16",0.0145023810821944,0.262210246969215,15,1,1,0.295198087097266,0.218537896046138,1,1,-0.0441170584479364,0.239968459108512,1,1,0.457700405596074,0.270121773097001,1,1,-0.0527075807998824,0.272552865939985,1,1
"17",0.0961855110294969,0.180444322612582,15,1,1,0.471460299804252,0.185282814226041,0,0,0.171266926349016,0.198247358321318,1,1,0.302132176871172,0.187389197947207,0,1,0.13310078093254,0.212142001658186,1,1
"18",-0.33550617979922,0.219480737325203,15,1,1,0.0508884906289117,0.236741773524168,1,1,-0.343850406662136,0.225109724559461,1,1,0.317752531342279,0.251334220593438,1,1,-0.401352705045791,0.262787861856665,1,1
"19",-0.356795929621185,0.187983260829973,19,0,1,-0.0621935921675229,0.179534485976277,1,1,-0.401078774540558,0.223999754996697,1,1,0.114958274261562,0.221032456456911,1,1,-0.377716157297869,0.238950242887086,1,1
"20",0.209229569452461,0.285946069929546,1,1,1,0.477594574335552,0.212463408885176,1,0,0.23202292566715,0.243347475138336,1,1,0.443082630006264,0.231511973344547,0,1,0.209229569452461,0.268379508182057,1,1
"21",-0.0196067811291555,0.228677545155915,7,1,1,0.201921853866782,0.19994841971119,1,1,-0.0105998202956254,0.215258937358527,1,1,0.338033776763181,0.241523307516301,1,1,-0.0211186233835784,0.259197610690683,1,1
"22",0.0578230986211363,0.188711301991017,15,1,1,0.445236857114849,0.185765193418163,0,0,0.0556961581389816,0.190075982742825,1,1,0.518459383235897,0.220205004638876,0,1,0.0813769421960693,0.246140958921184,1,1
"23",-0.321705916380318,0.238937226619846,9,1,1,0.0877987870563829,0.202284398647608,1,1,-0.200145676024357,0.203024873624877,1,1,-0.0302883226197878,0.20459911796017,1,1,-0.223606241899363,0.24184160631803,1,1
"24",-0.0672230543447061,0.23387328185915,3,1,1,0.347272686571202,0.24206072644372,1,1,0.063788075883308,0.233110010639634,1,1,0.18489305933567,0.242172663751996,1,1,0.0179708711016972,0.255144380047385,1,1
"25",0.121888161740256,0.264631313317118,7,1,1,0.468175658199441,0.194123820464152,0,0,0.0604309531618969,0.209836196419237,1,1,0.372193894117936,0.264991713383431,1,1,0.0255375926085891,0.26327453847642,1,1
"26",0.0996315786433393,0.204655963403708,17,1,1,0.489968126596194,0.184803515014362,0,0,0.118847529852729,0.190896274019181,1,1,0.191190416299157,0.222647513255074,0,1,0.0860499128375191,0.193514314033494,1,1
"27",-0.00157283164824568,0.228722732322364,5,1,1,0.296497926538912,0.17302717605621,1,1,-0.0471603001613666,0.215602409956136,1,1,0.347958659755054,0.2122935567492,1,1,0.0324349035464106,0.228855229541415,1,1
"28",0.00148363110021739,0.213453381145769,19,1,1,0.32839725580636,0.169650582202107,0,1,0.0117409328486581,0.190554939890159,1,1,0.26633837472842,0.22447489680123,1,1,0.0402758694716179,0.229291775232482,1,1
"29",-0.25442506480585,0.205547287883224,7,1,1,0.014693640730892,0.216752759724808,1,1,-0.289846043236487,0.220215911908748,1,1,-0.0417575460408838,0.233855138728156,1,1,-0.26573390752246,0.282033742741015,1,1
"30",-0.0420125551576841,0.176244175189495,15,1,1,0.278538258486875,0.184442057296824,1,1,-0.0520816161171207,0.236747168426152,1,1,0.278715957730223,0.237272453355651,1,1,-0.0599843475068548,0.239703904764074,1,1
"31",0.0455924549975006,0.216366912187893,13,1,1,0.271950415527886,0.170532667637331,1,1,-0.0179804379505868,0.202437766593461,1,1,0.382460367005878,0.240980034598924,1,1,0.0718594804215428,0.234574967247978,1,1
"32",0.122955867818163,0.216810791910413,11,1,1,0.500322739161853,0.18223643023177,0,0,0.131743401715933,0.194324717206684,1,1,0.615733701322839,0.223495363895045,0,1,0.111921960741869,0.244514975895124,1,1
"33",0.0162561412674736,0.261341501981713,11,1,1,0.310854378451385,0.232869398805751,1,1,-0.0182453562591942,0.222503888886447,1,1,0.446993515601826,0.251453963635574,1,1,0.00218611000158038,0.27955899810049,1,1
"34",0.225624301602251,0.202319359509728,1,1,1,0.45011557835417,0.176006196693418,0,0,0.254473091828563,0.192016415076248,1,1,0.424881126374196,0.231233026182131,1,1,0.225624301602251,0.227404673088677,1,1
"35",0.246604564694807,0.254556632291752,19,1,1,0.53012657396414,0.193384236986655,0,0,0.233652589360743,0.200503288797563,1,1,0.602243816483136,0.275094284889222,1,1,0.207432693504654,0.246033569228421,1,1
"36",0.220525309803867,0.188680768841371,17,1,1,0.507995376396454,0.184346061188833,0,0,0.207517732176226,0.230904675865658,1,1,0.616801979866161,0.259270566108385,1,1,0.122233714789715,0.246594433737579,1,1
"37",0.366509109530719,0.227436491888046,17,1,1,0.596854790098474,0.186477776350646,0,0,0.323842017736362,0.231884487744927,1,1,0.64278926935199,0.228063153316673,0,1,0.35532575556433,0.225845899942347,1,1
"38",-0.374992848166812,0.222043908630669,9,1,1,0.0321325502015588,0.192939116290388,1,1,-0.300228181160569,0.208138964326811,1,1,-0.183355338182028,0.266013162910613,1,1,-0.344818052308056,0.270380580304993,1,1
"39",-0.0499413833823241,0.217614196452905,13,1,1,0.344304536706211,0.221744110402807,1,1,-0.0314949528257839,0.208795434632173,1,1,0.173659511751953,0.287983446677274,1,1,-0.0282881097814761,0.266219632843121,1,1
"40",-0.136124193808377,0.207659799243735,11,1,1,0.145440464348408,0.222836001311587,1,1,-0.199329880515103,0.213122880466668,1,1,0.301825524078759,0.248718597929098,1,1,-0.135334468513609,0.246058629528507,1,1
"41",-0.206465789559664,0.244640901679359,13,1,1,0.192747400191246,0.19893594436674,1,1,-0.11879515462055,0.205042339450348,1,1,0.201787689461487,0.233587321646595,1,1,-0.0941990283926085,0.241275248167609,1,1
"42",0.301070483678694,0.210595266354088,19,1,1,0.663877664281537,0.20176453358285,0,0,0.292134336291524,0.237068049037005,1,1,0.751691939344283,0.249220319584167,0,1,0.216315110599381,0.256627275876092,1,1
"43",0.632270798498003,0.207164157900508,19,0,0,0.863261691115448,0.17791479225433,0,0,0.643917950964778,0.198311941356779,0,0,1.01398087713072,0.242660295998773,0,0,0.669991982079701,0.242036777023621,0,0
"44",0.0461653005232477,0.244141854418135,3,1,1,0.431978711494547,0.177778607636734,0,0,0.0559861885407185,0.218989746677415,1,1,0.141553032711436,0.202109927639908,0,1,-0.0644999101692077,0.21974431393437,1,1
"45",-0.0460744298809368,0.214140585690937,13,1,1,0.267867037762333,0.188132699491544,1,1,-0.0235000460451196,0.224144672748036,1,1,0.295452132755774,0.217102788593064,1,1,-0.00180762117308222,0.225850312998967,1,1
"46",-0.150506400782459,0.210506660505366,17,1,1,0.216572032777344,0.203511892846465,1,1,-0.147605755405857,0.2094838529369,1,1,0.172500014190597,0.236325919718188,1,1,-0.172696341762514,0.246674933805461,1,1
"47",0.00968948904576691,0.195684173027372,17,1,1,0.39132701308744,0.172555525203958,0,0,0.0602415240038036,0.205103213026428,1,1,0.11333924965909,0.23296213849911,1,1,0.0498465288276337,0.224058101535437,1,1
"48",-0.357498554850908,0.222745417664761,15,1,1,-0.000631124690535831,0.203168016870972,1,1,-0.291045659334536,0.235659306395169,1,1,0.177866027736821,0.238746588568787,1,1,-0.20873167665377,0.253112032802332,1,1
"49",0.176878511817049,0.245742390233919,7,1,1,0.384008232647161,0.211851811815475,1,1,0.0988418800372613,0.229868356805393,1,1,0.335770003497235,0.223044109390503,0,1,0.0858422184229482,0.300580795459435,1,1
"50",-0.0545417075813941,0.20482348989086,5,1,1,0.187240054007846,0.193776438551822,1,1,-0.0301652654699805,0.199220141094726,1,1,0.327129371220254,0.230857457601162,1,1,-0.0801192419516544,0.238980532618783,1,1
"51",-0.246862624709489,0.229536017276099,7,1,1,0.0819865403798063,0.177019940380236,1,1,-0.279555725265048,0.175553141984799,1,1,0.227282907171646,0.253557188838319,1,1,-0.306509129686636,0.233499105850015,1,1
"52",0.161208634736992,0.211985199391583,7,1,1,0.410138429137646,0.183334283488983,0,0,0.146253776778152,0.179651250500964,1,1,0.488450050242469,0.230678776026338,1,1,0.119139893114862,0.207523838188682,1,1
"53",-0.150927944639589,0.208182080723698,11,1,1,0.145691877864639,0.204788411814516,1,1,-0.121645274363505,0.173792777899843,1,1,-0.20479780576282,0.260563249104912,1,1,-0.115253140576818,0.273175302026582,1,1
"54",-0.139883791293667,0.210771680801852,17,1,1,0.104866301592906,0.169959833323538,1,1,-0.169663498692477,0.214887209980859,1,1,0.296322918807135,0.24097813248166,1,1,-0.144615101857078,0.243181793834,1,1
"55",-0.0267524823699454,0.238089453701006,11,1,1,0.491645341641443,0.212372224676853,0,0,0.00884334429276535,0.209325574559938,1,1,0.343829181965056,0.275286320085542,1,1,-0.0507781956199703,0.259243742717109,1,1
"56",0.255939771033363,0.241587340249855,15,1,1,0.536736532216491,0.203583776989301,0,0,0.245892724197449,0.209529212843189,1,1,0.62122662733552,0.242059197983822,0,1,0.29156574874525,0.231219941808405,1,1
"57",0.266086195169311,0.282226656021439,9,1,1,0.529979872829307,0.180627759377798,0,0,0.213121191595225,0.20533704456666,1,1,0.606928424012588,0.252153526583661,0,1,0.146314459884676,0.287261168216403,1,1
"58",0.0976206238535105,0.24275080089817,11,1,1,0.436619389807525,0.20438331335616,0,0,0.11981908748162,0.207745783844125,1,1,0.385647785092345,0.247854693070714,1,1,0.0782810112954772,0.302202769490435,1,1
"59",-0.0222316983933294,0.216455025045188,9,1,1,0.363176658715252,0.192260423206864,0,1,-0.0322020718211933,0.230488197600998,1,1,0.296813470413135,0.271144538406951,1,1,-0.0377217549234352,0.239969954132422,1,1
"60",-0.0706851638786331,0.204946341209206,7,1,1,0.360663203177594,0.184978311839769,0,1,-0.0655247357729103,0.219253613099984,1,1,0.215838961451937,0.262243696110804,1,1,-0.147474983214596,0.230041279695931,1,1
"61",-0.0113578812371538,0.231673901004264,5,1,1,0.197216462772961,0.180800233938278,1,1,-0.046192007042915,0.203343797170554,1,1,0.209432532967638,0.241769805225792,1,1,-0.0501853013060848,0.247423249571226,1,1
"62",-0.192734444836827,0.223381128964136,17,1,1,0.143596471807063,0.20738814189045,1,1,-0.182475234715554,0.21013547268926,1,1,0.0154586285803921,0.256459307338542,1,1,-0.177904782954482,0.245583001409338,1,1
"63",0.0717234552893018,0.213450241745557,15,1,1,0.546281918062949,0.221456551467497,0,0,0.0888233910179654,0.230076021575994,1,1,0.419304725631618,0.266041940170706,0,1,0.115966737883049,0.303126922532133,1,1
"64",-0.116242187426615,0.226284007539197,5,1,1,0.195889499562121,0.199170885561305,1,1,-0.111688230939019,0.217466886645025,1,1,0.430944655794648,0.248400765155588,1,1,-0.0727513832141246,0.236200188837322,1,1
"65",-0.328398917704315,0.265079955050508,3,1,1,0.195491821695241,0.230182675749418,1,1,-0.181151017139383,0.232738097950322,1,1,0.0306760443070435,0.291141167021776,1,1,-0.199171939503101,0.287492067287704,1,1
"66",-0.282375783603414,0.220333013485644,15,1,1,0.129449152329251,0.196493198327064,1,1,-0.230323528406538,0.224633581288683,1,1,0.136127738407224,0.2321098236526,1,1,-0.174709685758043,0.23484062281653,1,1
"67",0.146455039809683,0.197254087005865,19,1,1,0.478605082982078,0.203305519714624,0,0,0.173672525231916,0.179211026182882,1,1,0.363342689641534,0.2208035525941,0,1,0.13593776328854,0.224949660419585,1,1
"68",-0.0391360852828826,0.239210703786662,19,1,1,0.323658081196433,0.213225796673624,1,1,-0.0429072645824247,0.244115865816047,1,1,0.417740571568672,0.234015227648481,1,1,-0.0236486423555842,0.27461783296651,1,1
"69",0.028954065623742,0.203832183721006,9,1,1,0.317695020896487,0.188137135921426,0,1,-0.0240091758353961,0.204534200032895,1,1,0.411887654195039,0.223520839793709,1,1,-0.0111250586294798,0.225587938586448,1,1
"70",-0.137538903096056,0.245675945909955,15,1,1,0.105114168774015,0.187729841626918,1,1,-0.136734741331957,0.237375414892907,1,1,-0.0487701015872904,0.237696419662754,1,1,-0.121394680308743,0.246365388319422,1,1
"71",0.122767596472261,0.186994714863839,11,1,1,0.385586680121054,0.167897369437505,0,0,0.07556055433379,0.195191204840444,1,1,0.400494216194172,0.19603736745227,0,1,0.111008824321213,0.223599096289437,1,1
"72",0.051764288662632,0.20836883706964,13,1,1,0.391151157178067,0.194620547274529,0,0,0.0611425408437623,0.222370306198645,1,1,0.583165573486402,0.246599602976107,1,1,0.0827071106324698,0.22512981361505,1,1
"73",-0.000131295530376194,0.206200048593407,7,1,1,0.345366013977622,0.1863479605427,0,1,0.0456597674182489,0.201407427683673,1,1,0.0727609944592988,0.223626847093777,1,1,0.00118336298454068,0.215669206918053,1,1
"74",0.214029152341166,0.219636874081797,11,1,1,0.433046149801902,0.193685515401659,0,0,0.211011485598123,0.192023362690705,1,1,0.232688330940714,0.208332748467126,0,1,0.210176690368101,0.224763580458335,1,1
"75",-0.0307102733081945,0.234689240448398,5,1,1,0.419094810634985,0.183503237812322,0,0,-0.00273833205919802,0.204528128536034,1,1,0.372703224613094,0.272079061089068,1,1,0.00377000534040954,0.253595610280569,1,1
"76",0.21188971215571,0.224665206407226,7,1,1,0.499176294652426,0.170365550550337,0,0,0.239930050169019,0.199475400377622,1,1,0.459634833548753,0.226538450091828,0,1,0.247198945061564,0.242425484549508,1,1
"77",-0.272963804302362,0.212576059823453,13,1,1,0.176956770979708,0.176982062491644,1,1,-0.294848330276994,0.211487419496861,1,1,0.389438079947567,0.23729937871418,1,1,-0.332646894704085,0.210039659304319,1,1
"78",0.490711948795894,0.228468096737411,13,0,0,0.747915456515792,0.215104710736066,0,0,0.448876783088776,0.204449798029078,0,0,0.882562548309225,0.261980115113976,0,1,0.423748107456292,0.240739380587074,0,1
"79",-0.344700667220739,0.26362013439847,7,1,1,0.0808389728379469,0.213628040512825,1,1,-0.252658194789447,0.253644926644283,1,1,0.0210039539929024,0.245712761071543,1,1,-0.280855231874212,0.255457094365588,1,1
"80",0.0329533877641209,0.220711202489504,11,1,1,0.319618319533472,0.188189535903823,1,1,-0.0376233994008261,0.218832361302324,1,1,0.366060783792493,0.222330605321795,1,1,-0.0451004098144318,0.238394188784978,1,1
"81",-0.0689421498336215,0.259925074530322,7,1,1,0.245777973479051,0.215299859427788,1,1,-0.0854322007530123,0.216833987972438,1,1,0.373737109784962,0.220605535441148,1,1,-0.0472338745811068,0.242790308164714,1,1
"82",0.144335473016905,0.181678861413222,7,1,1,0.506106969622545,0.229286602813895,0,0,0.133405229670142,0.189326982707342,1,1,0.648114444331824,0.227262579216883,0,1,0.0957400869963617,0.263947872445981,1,1
"83",0.381718549577403,0.23579304435043,11,1,1,0.725858303909321,0.209504056226917,0,0,0.422932761835197,0.24948341857071,1,1,0.739595884973772,0.259263387405055,0,1,0.426871514533583,0.247094714160693,1,1
"84",-0.134842615436376,0.207242986093033,9,1,1,0.214808699940647,0.185409855054019,1,1,-0.0990222668343774,0.189294142297723,1,1,0.207398328486021,0.23747332845552,1,1,-0.0758752397644722,0.257024317036337,1,1
"85",-0.270101103698145,0.22788163214824,17,1,1,0.0916575193682525,0.170485264479048,1,1,-0.258787423157685,0.217725143912696,1,1,0.123511686035833,0.222035354440038,1,1,-0.273804677494645,0.255551848110652,1,1
"86",0.0719217450249283,0.257257853532606,5,1,1,0.253410544891225,0.239200217297863,1,1,-0.00947774342996977,0.231186714729751,1,1,0.135287370128143,0.278426476852526,1,1,-0.0428291580134191,0.277114392842894,1,1
"87",-0.363318640685669,0.257107571716392,13,1,1,-0.0129791731150145,0.182074285035961,1,1,-0.388986084007164,0.228959357954867,1,1,0.0162398728606381,0.234309413178315,1,1,-0.350471059346644,0.235580159698636,1,1
"88",-0.0231739806027395,0.212597311476611,19,1,1,0.313415658810073,0.186263081041389,1,1,-0.019801351746726,0.198925082556499,1,1,0.439521309769185,0.230627606991043,1,1,-0.0230014193988521,0.273420870657687,1,1
"89",0.0577484573666519,0.237619325440756,5,1,1,0.305041260621801,0.203625378416181,1,1,0.0130117506409155,0.211764716463288,1,1,0.279006461707762,0.214932570691153,1,1,0.0266784500153024,0.20726507436554,1,1
"90",0.0471867238751159,0.208530934822231,9,1,1,0.374885691798936,0.212506925818357,1,1,0.147785751773727,0.203876914768264,1,1,0.24263856769014,0.234365500581356,1,1,0.125049892174843,0.213869075543678,1,1
"91",0.108582237669217,0.2187596778413,19,1,1,0.471712953088547,0.200253107373673,0,0,0.109187540261321,0.221128818244013,1,1,0.214634803013439,0.241134654189403,1,1,0.12557033558316,0.272789518896343,1,1
"92",0.160584876775144,0.239242500179076,9,1,1,0.426419579121863,0.205899294084391,0,0,0.162204492294331,0.185061153414266,1,1,0.50530860619958,0.227337765508601,0,1,0.108680498341883,0.291748229937538,1,1
"93",0.184751547033447,0.275062181084049,7,1,1,0.359479141255645,0.223491744783507,1,1,0.0952602268498799,0.244889171460968,1,1,0.394373369167382,0.258550702011303,1,1,0.146933811334399,0.231254888450425,1,1
"94",-0.124482308361032,0.205404990264933,19,1,1,0.126113165321243,0.191349656094171,1,1,-0.177847810306743,0.199119507710554,1,1,0.0813120640382472,0.248643152487572,1,1,-0.160414813089535,0.235199181340993,1,1
"95",0.0850773458707917,0.226350497302287,19,1,1,0.544449265433251,0.189899556362583,0,0,0.167660254358202,0.208043965961335,1,1,0.475535357864995,0.22858829956073,0,1,0.182561578828168,0.267468438248487,1,1
"96",-0.0225988891533076,0.217705896603174,13,1,1,0.269074495680897,0.202874973893229,1,1,-0.100717435354753,0.213150881988195,1,1,0.162765005752802,0.255525423384991,1,1,-0.0590659346622736,0.221677439884045,1,1
"97",-0.210388909526373,0.21672930639003,15,1,1,0.190000550202958,0.183479259704443,1,1,-0.188856868774128,0.194158691768484,1,1,0.386341267826639,0.217947161118668,1,1,-0.147051645293069,0.241803548822755,1,1
"98",-0.0265971551155661,0.24070676660636,5,1,1,0.427297788767375,0.194026942656668,0,0,0.0290145906586215,0.196821051317919,1,1,0.173117384972478,0.241603712529121,1,1,0.0241971996297406,0.23531211001496,1,1
"99",-0.22317034412908,0.216898426217884,17,1,1,-0.0128457294815307,0.194457756075024,1,1,-0.230377235742444,0.218150627232386,1,1,0.171998349001797,0.239233652909457,1,1,-0.2357304219095,0.231197371079991,1,1
"100",0.42891191638647,0.192906430959472,17,0,0,0.742689866731419,0.162201597758232,0,0,0.443645202774799,0.183731565055383,0,0,0.890204777984399,0.233910611535655,0,1,0.401673839636689,0.252157455705439,1,1
