"","V1","V2","V3","V4","V5","V6","V7","V8","V9","V10","V11","V12","V13","V14","V15","V16","V17","V18","V19","V20","V21"
"1",0.675216864303627,0.271985814317828,11,0,0,0.548258162102604,0.199992939161868,0,0,0.564082447143051,0.240322394156877,0,0,0.461014012883683,0.283985339513679,1,0,0.615083607994119,0.266942766310087,0,0
"2",0.901470644594958,0.245213154795816,9,0,0,0.829382580701744,0.228308220777395,0,0,0.849988050374412,0.218008823165571,0,0,1.09723003284299,0.303960423440232,0,0,0.863259825788757,0.270176666471203,0,0
"3",0.985861953912584,0.239382212374958,17,0,0,1.01345520624146,0.231421632006956,0,0,0.982873103508522,0.26104983689749,0,0,1.10570132767072,0.296025099732523,0,0,0.862542263512431,0.307871555247453,0,0
"4",0.807009177741723,0.281982225035757,5,0,0,0.759986351432739,0.230267852764667,0,0,0.75231590389245,0.222529156761031,0,0,0.770306028916427,0.300686605258835,0,0,0.71564917190931,0.290633881187926,0,0
"5",0.732489112371917,0.256100491652515,7,0,0,0.705180799655345,0.229209384954801,0,0,0.699626015135741,0.273614266612192,0,0,0.426348443251733,0.306643023799336,0,0,0.731212981233059,0.287388121579761,0,0
"6",0.665597635152258,0.23949532123661,11,0,0,0.530183538774383,0.233841588722661,0,0,0.563492590380397,0.217431483186952,0,0,0.281575756741459,0.381156880425127,1,1,0.53400045006295,0.363753313559041,1,1
"7",0.844101204880916,0.263367716402713,19,0,0,0.84226993734921,0.192504012861731,0,0,0.802264557311472,0.227903107833657,0,0,0.777966690424901,0.288827110014451,0,0,0.810970736793756,0.324442954219054,0,0
"8",0.879742923567774,0.271740245414607,17,0,0,0.907985735864296,0.259554343802582,0,0,0.932212736978236,0.239945154399362,0,0,0.947914985661068,0.302095033898916,0,0,0.822660217178903,0.27786793355687,0,0
"9",0.826656311162043,0.260112025183753,13,0,0,0.753171843520961,0.211007755677441,0,0,0.824987285301013,0.238134095801823,0,0,0.69699258845962,0.298181039179482,0,0,0.741013993656386,0.280364705787799,0,0
"10",1.02338316843154,0.286463459054478,9,0,0,1.01510055439888,0.26328284848093,0,0,1.01755905765006,0.250448039213241,0,0,1.05718635100407,0.272642012625069,0,0,0.961196649293317,0.313545454449183,0,0
"11",0.192106054386474,0.315808424750663,5,1,1,0.300919035936858,0.27247469052984,1,1,0.323964049729621,0.281331960429723,1,1,-0.174299875177081,0.415590591419609,1,1,0.296599548091157,0.379019941267029,1,1
"12",0.869484982038596,0.219103509085124,9,0,0,0.844837530862558,0.21085143639502,0,0,0.812344975597169,0.22214205499876,0,0,0.78718639458758,0.262391520220036,0,0,0.697277110171305,0.304299458235094,0,0
"13",0.976034318616902,0.231126395774603,13,0,0,0.840581058704807,0.388353386054235,0,0,0.780455201684979,0.406681576575415,1,1,0.857367404237051,0.357881112750014,0,0,1.08710867042749,0.322280281737409,0,0
"14",0.37254992215858,0.225915094772286,11,1,1,0.467358118696038,0.231232417325354,0,0,0.432383598538807,0.215629494507519,1,0,0.603527725515216,0.233632062563677,0,1,0.431446566042193,0.273701237910152,1,1
"15",0.972470242809639,0.244138645978715,13,0,0,1.02589807838747,0.237720618129212,0,0,1.02028626253279,0.259686102582181,0,0,0.950339599594943,0.26753925422632,0,0,0.96111494448563,0.253030845301552,0,0
"16",0.600871773928668,0.322348108240492,7,0,1,0.782026983013135,0.252966405403446,0,0,0.756946321174242,0.270811186215535,0,0,0.685788044605983,0.355011716648385,1,0,0.681830452724549,0.333956376407227,0,0
"17",0.773702488632775,0.253516393973483,9,0,0,0.731339269798932,0.250684314588827,0,0,0.768779207676319,0.24150793905284,0,0,0.76201790817103,0.278086654600085,0,0,0.864207145306621,0.302022336609087,0,0
"18",-0.0326534415277118,0.257756224551188,11,1,1,-0.042365840615659,0.249383452469699,1,1,-0.0798961707015828,0.197390947378675,1,1,-0.0989850159960221,0.276723445886491,1,1,-0.0893147927045559,0.287857307868621,1,1
"19",0.549917017067883,0.233454197529286,19,0,0,0.577507937139356,0.19653096472741,0,0,0.549092436931262,0.228664507972818,0,0,0.516341324246846,0.294321978296574,0,1,0.582775943271091,0.300145603716174,0,1
"20",0.881169274523416,0.232850314063746,11,0,0,1.01275505036788,0.193815166617954,0,0,0.98990717269891,0.20562494822471,0,0,1.07703706199094,0.285403709429332,0,0,0.900208577225363,0.256684002654959,0,0
"21",0.784286429474206,0.260685375663544,11,0,0,0.943136305352529,0.26246734111197,0,0,0.892019171275326,0.245862257490446,0,0,0.930491479990687,0.298771476618788,0,0,0.838929696702134,0.316215935894337,0,0
"22",0.740348148355712,0.292812800897515,17,0,0,0.810736818320211,0.240987707351252,0,0,0.803768196956328,0.267067143184565,0,0,0.947694483790234,0.409873393588586,1,0,0.78397608044874,0.354041980784767,1,0
"23",0.498241655411006,0.303141812519957,15,1,1,0.617565012715366,0.257621412009287,0,0,0.595605529373495,0.296650805069241,0,0,1.02081499913223,0.404577778565487,0,1,0.560876076469491,0.45628238530602,1,1
"24",0.967142841608398,0.242125100736263,17,0,0,0.871690966511312,0.195917360775991,0,0,0.887211494661771,0.224683572262119,0,0,0.698699570518315,0.246976833464653,0,0,0.895342012631275,0.293585199092627,0,0
"25",0.97612627038148,0.241793123071512,19,0,0,0.947917089343205,0.251951209246435,0,0,0.964527304088849,0.243985223261802,0,0,0.721495412469042,0.293638305308261,0,0,0.954644416100104,0.320600435101778,0,0
"26",1.14768944303343,0.25445466231321,15,0,0,1.21847319777953,0.258384374662913,0,0,1.21336762356576,0.240313922686076,0,0,1.58093146656059,0.322974948409992,0,0,1.03018682450534,0.328406260101598,0,0
"27",0.380123854331852,0.241185818269415,19,1,1,0.35361009035247,0.233081048091066,1,1,0.372988987751861,0.25785092066588,1,1,0.347535040495547,0.271614796895009,1,1,0.348150889484745,0.295953062773731,1,1
"28",0.935085928685724,0.26959823626015,13,0,0,1.07105973736606,0.282081971327546,0,0,1.07635343734558,0.246911871963845,0,0,0.975814266771873,0.356884235462463,0,0,1.04784181816766,0.361258392901254,0,0
"29",0.546845409326442,0.212785057486137,19,0,0,0.406356738537741,0.290063373530622,1,1,0.456543652472281,0.192489873702536,0,0,0.60530579620362,0.211853944170523,0,0,0.697503283813533,0.261654710249626,0,0
"30",0.971298664263031,0.23669021442815,5,0,0,1.01612030546247,0.269841520971638,0,0,0.983216606760523,0.266402196901158,0,0,1.21242415896042,0.250622506224625,0,0,0.779539421756829,0.282837809378403,0,0
"31",0.40083202533636,0.335847190933811,1,1,1,0.688268953564287,0.211972712732983,0,0,0.702303370402831,0.236337400654198,0,0,0.390833967725011,0.319422629122639,0,0,0.40083202533636,0.305360283587951,0,1
"32",1.29032991273551,0.339787401798146,1,0,0,1.07006974509583,0.211969265226162,0,0,1.01442063563176,0.257985622433618,0,0,1.35614363091006,0.332588770292633,0,0,1.29032991273551,0.286579300250807,0,0
"33",0.673308500840345,0.321919780678068,9,0,0,0.788611697978931,0.26139061846745,0,0,0.798868752955621,0.286594766374651,0,0,0.933330413508964,0.377951593293444,0,0,0.885127811067648,0.310123579234981,0,0
"34",0.378135932240564,0.201105579310932,13,0,1,0.40322634878461,0.188007620300416,0,0,0.404449380109624,0.227790157778401,1,1,0.144926355452903,0.223243188726057,1,1,0.423229494792436,0.201710551020877,1,0
"35",0.276694710192435,0.229173149482353,13,1,1,0.362955033535705,0.267744374644276,1,1,0.332779364479957,0.279673111066711,1,1,0.384764217241315,0.306952105334555,1,1,0.363406342130396,0.327192938272555,1,1
"36",0.424694626852794,0.343169590438219,7,1,1,0.666697955958422,0.213173450844887,0,0,0.657340211565265,0.300242265764087,0,0,0.373146355076307,0.489416978186296,1,1,0.658535070631889,0.466537424380899,1,1
"37",0.658191119834139,0.28830511319193,17,0,0,0.969695171800827,0.30717861993483,0,0,0.950226509081604,0.368952745512929,0,0,1.15660066177591,0.404670786564214,0,0,0.731686138801896,0.359103087965488,0,0
"38",0.605227457626388,0.24565531969927,13,0,0,0.444137921884122,0.245099177986274,1,1,0.417710886870027,0.248914910074316,0,1,0.681487874792341,0.29311646042551,0,1,0.684141211240122,0.283048824600986,1,0
"39",0.890567714651012,0.266965408854386,5,0,0,0.994171741938864,0.318539472884502,0,0,1.02301675003271,0.308620436828122,0,0,1.0825352251169,0.306137080174939,0,0,0.851011850975367,0.331512935709085,0,0
"40",0.70146672441072,0.238857101312987,11,0,0,0.855359290074996,0.258416811478583,0,0,0.841057314745989,0.314795065776002,0,0,1.06842203680269,0.304828440945629,0,0,0.740432561351362,0.322047198165806,0,0
"41",0.932448795824982,0.30733244393563,11,0,0,0.76256022810117,0.242386105694019,0,0,0.781215724272943,0.241715959300116,0,0,1.07628102328714,0.28604509852256,0,0,0.740479225235817,0.262945206784328,0,0
"42",0.496417955538788,0.261004661798588,17,1,1,0.670674620516433,0.221232253223402,0,0,0.667742539587945,0.262223485064126,0,0,0.941883713047302,0.307842806592985,1,0,0.562951649304445,0.267238773436253,0,0
"43",1.17758410374909,0.266158832377722,7,0,0,1.33979191600623,0.221804832920847,0,0,1.30621979304182,0.199954831607937,0,0,1.49838592131045,0.323517437705353,0,0,1.23576210372212,0.380318240647472,0,0
"44",0.535188399784367,0.244158009376453,15,0,0,0.6873376861453,0.23314593435642,0,0,0.646299986331658,0.203803206713658,0,0,0.74149272100047,0.281701818300388,0,0,0.550656146643589,0.252709363466056,0,0
"45",0.850337607516319,0.210261433483819,13,0,0,1.046041838855,0.298638743382578,0,0,1.03413107166682,0.259497312252028,0,0,1.20851077447366,0.26269671430039,0,0,0.924877836440157,0.256580534535816,0,0
"46",0.744062712265253,0.265955925923718,13,0,0,0.935887081669281,0.213431304560756,0,0,0.909980661107912,0.207266080789404,0,0,0.843929087339195,0.262045255283398,0,0,0.817238399282335,0.275740309972777,0,0
"47",1.01147913053185,0.279943103744289,15,0,0,0.916554993381145,0.264504421921604,0,0,0.924325499949924,0.234083230288326,0,0,0.799093533290635,0.291399747277135,0,0,0.938886522410751,0.312834817641528,0,0
"48",0.367152950196311,0.241338424264974,19,1,1,0.420734608975906,0.22090878175066,1,1,0.399240730855605,0.23697736661333,0,1,0.213329657742739,0.277860398490904,1,1,0.303178820154098,0.277378197065675,1,1
"49",0.4624137500276,0.227005975193091,13,0,0,0.635817443561712,0.210268326354348,0,0,0.618353891108969,0.248015901763565,0,0,0.654357206937593,0.239795097887635,0,0,0.626685575800955,0.265725645041949,0,0
"50",0.967734703518235,0.26543852210349,7,0,0,0.950805699062012,0.209777538829095,0,0,0.942291269930441,0.272470927545136,0,0,1.14143812536364,0.270392727453863,0,0,0.934630151406926,0.312692415388342,0,0
"51",0.505299404055672,0.241931492463572,9,0,0,0.562205125019052,0.237547505769996,0,0,0.569041514031562,0.223572439915482,0,0,0.440185802401544,0.340421240049622,1,1,0.624752323816423,0.311106383224738,0,0
"52",0.600873700211881,0.299103271817937,13,0,0,0.685930101674071,0.230847395311134,0,0,0.682001071149372,0.259268994743803,0,0,0.409813126862854,0.314059027014528,0,0,0.574124426050675,0.338881811018509,1,1
"53",0.317543428974669,0.297262572458586,11,1,1,0.413045642538822,0.243219186851301,1,1,0.402991674880576,0.250037939386517,1,1,0.407444603381643,0.341054978991763,1,1,0.447269506944724,0.302662787208269,1,1
"54",0.410991562763593,0.248295137455453,9,0,1,0.430936239997384,0.19276290062897,0,0,0.475904599941225,0.233227963572647,0,0,0.0845499880148532,0.357079127027687,1,1,0.409901399230803,0.324004179742907,1,1
"55",0.877520917764867,0.26692425153266,1,0,0,0.855442738509716,0.179918780870294,0,0,0.836299313676344,0.211815019891008,0,0,0.827741189820863,0.27954037784416,0,0,0.877520917764867,0.276734419636429,0,0
"56",0.511084469874252,0.338883838585214,9,1,1,0.677945322262762,0.255501520545361,0,0,0.614774347355159,0.256245138413988,0,0,0.63238219488296,0.342216302481121,0,1,0.539560303986789,0.379958617900073,1,1
"57",0.707740255680007,0.346986295024826,11,0,0,0.727752548294749,0.258044132257037,0,0,0.790254037395087,0.251723877777898,0,0,0.820985374043527,0.349720286662616,1,0,0.720590841084062,0.348744457789537,0,0
"58",0.69441932308806,0.314002225411882,9,0,0,0.800025553783212,0.194416785658845,0,0,0.839407849921838,0.20714383165427,0,0,0.875127135940405,0.392924296336291,0,0,0.800547170320955,0.419021748160177,0,1
"59",0.743189618668194,0.287819211924283,1,0,0,0.649772321332189,0.227344210922974,0,0,0.645484924386475,0.257726365897418,0,0,0.662148830730516,0.29597898299424,0,0,0.743189618668194,0.265486223507789,0,0
"60",0.840353699163688,0.276591371533951,13,0,0,0.724292695994447,0.234791240173434,0,0,0.697849795104518,0.251131251469409,0,0,0.740333597578447,0.345886757802265,0,0,0.633183355574639,0.313624480284149,0,0
"61",0.594770248569358,0.244150580127371,17,0,0,0.897075377869702,0.388337629844901,0,0,0.877454031266627,0.33604361963162,0,0,0.894009636491303,0.245474962608355,0,0,0.701726928323393,0.283206600563369,0,0
"62",0.44381776741833,0.278324960262236,7,1,1,0.514896569607426,0.242562800280369,0,0,0.466771090537793,0.258820073215963,1,1,0.582297261585099,0.432290582153104,1,1,0.532629699138832,0.413617002319108,1,1
"63",0.583528785628482,0.238951976891473,15,0,0,0.652393376598301,0.183609161676306,0,0,0.609941483478732,0.227081164229414,0,0,0.703763578660221,0.248483657449902,0,0,0.624179228264672,0.263449419640529,0,0
"64",0.712078805080608,0.274626153528439,5,0,0,0.836668163804854,0.241303937763702,0,0,0.800941148914743,0.232116038990815,0,0,0.70843255023855,0.278171808622424,0,0,0.734333049635334,0.316607046528596,0,0
"65",1.23639428327107,0.285551253586041,11,0,0,1.18683180973062,0.234246311292592,0,0,1.18492489557781,0.248443647598808,0,0,1.37325196287939,0.318414733296963,0,0,1.10952250438796,0.304169508559021,0,0
"66",0.807831617337242,0.319301795142278,9,0,0,0.61358579043843,0.191624434143563,0,0,0.636438795289131,0.245825262450466,0,0,0.32147303085733,0.591078565332534,1,1,0.50174838521987,0.560139007410078,1,1
"67",0.983513089738111,0.226607000071651,15,0,0,0.892670276038893,0.248162291957061,0,0,0.896248885590742,0.196396304216675,0,0,1.14189746383542,0.314811087866625,0,0,0.804403327317311,0.264121374162086,0,0
"68",1.2130759054955,0.250558243368146,17,0,0,1.13561189783803,0.222665740308488,0,0,1.19091656862106,0.226191492418156,0,0,1.29425843026235,0.296418216092966,0,0,1.14531720649461,0.260086833208264,0,0
"69",0.479657379873655,0.29130254639331,13,1,1,0.319093647145551,0.218627151963981,1,1,0.371425991485288,0.219790530864676,1,1,0.372346277362249,0.325045688822372,1,1,0.402267401140523,0.321355654727406,1,1
"70",0.864512299555431,0.218965297859752,9,0,0,0.845231107457318,0.208743768991964,0,0,0.846401720942965,0.222800113479553,0,0,0.973013245866944,0.289790726511305,0,0,0.731564849311659,0.28389497443588,0,0
"71",0.527924370655952,0.276922791793096,7,0,1,0.602759579397449,0.240881108257657,0,0,0.644555141319777,0.266425832273389,0,0,0.458508585996535,0.37319748562321,1,1,0.665763090597361,0.338405388728415,0,0
"72",0.898970543620123,0.250809383844515,19,0,0,0.746145601890129,0.244285925967273,0,0,0.820942691651149,0.270494638411014,0,0,0.804680273958198,0.327739217760802,0,0,0.811881330191886,0.357724156331308,0,0
"73",0.763887366130055,0.261690016469185,11,0,0,0.524270607673115,0.25040181242939,0,0,0.563942516425293,0.236566165446825,0,0,0.935666560863941,0.331916318575732,0,1,0.681889165543621,0.260221323447545,0,0
"74",0.732931145094709,0.240323788364216,13,0,0,0.757608579724436,0.203534628903479,0,0,0.79486934189441,0.20102576037511,0,0,1.09720182762813,0.294634625397602,0,0,0.850366901206762,0.29761765735437,0,0
"75",0.984918828217159,0.296306663120487,19,0,0,0.983065997184172,0.208627004735916,0,0,1.05797157391095,0.208315784042652,0,0,1.00630326926876,0.345020681629505,0,0,0.981231456555355,0.301465491682672,0,0
"76",0.823994701632958,0.254614629018649,15,0,0,0.953658479687906,0.24439303310376,0,0,0.929824384673811,0.225652427880981,0,0,1.04628494141862,0.296139574284226,0,0,0.861119812251031,0.345924963881154,0,0
"77",0.35017674145304,0.177787851443909,17,0,0,0.452103372002029,0.194303659477677,0,0,0.492237920052455,0.222112875237673,0,0,0.0515657591028741,0.224555643570582,1,0,0.411586970951128,0.287939007116649,1,1
"78",0.610709040159804,0.231585549907507,9,0,0,0.663814292248399,0.243452027652529,0,0,0.728262416242499,0.238956195662657,0,0,0.755815659739106,0.248444826993356,0,0,0.558664078990269,0.26924386016821,0,0
"79",0.83060361264924,0.310307569813589,1,0,0,0.626583558539085,0.24485764542823,0,0,0.624067250110969,0.22588564325574,0,0,0.814837017022725,0.266796583859526,0,0,0.83060361264924,0.30513789322585,0,0
"80",0.507603252803707,0.212516423467103,11,0,0,0.390722818395638,0.228635711086199,1,1,0.442323336874939,0.190698150716014,0,0,0.559450231118062,0.25245788177044,0,1,0.574948164921474,0.25827519817387,0,0
"81",1.05858961973921,0.248635820086177,7,0,0,1.0953135832835,0.219809056713237,0,0,1.13616947532699,0.207773646247416,0,0,1.24485782229229,0.271169327239716,0,0,0.957108554970075,0.21416958675033,0,0
"82",1.02234419015263,0.283139864294262,7,0,0,0.448334535054827,0.371924547348461,1,1,0.438302670110996,0.412091917406614,1,1,0.716923663998025,0.34043883124281,0,1,0.798560868226963,0.292747645493201,0,0
"83",0.725346704019533,0.259318479999817,15,0,0,0.944125884383632,0.307698843589974,0,0,0.978967211562087,0.287925814394222,0,0,1.15305987929311,0.280638215283707,0,0,0.72356542063908,0.291058126890229,0,0
"84",1.40041398554501,0.24995759311887,11,0,0,1.29108227143611,0.212184219055393,0,0,1.32355250924747,0.213106023166173,0,0,1.44173272376899,0.197301968242625,0,0,1.11454247642741,0.234365307933874,0,0
"85",0.473350430272607,0.229658540373,1,0,0,0.455072404072891,0.201551886594153,0,0,0.462102661646413,0.226454039991742,0,0,0.471514109564823,0.225878335316768,0,0,0.473350430272607,0.248041769369968,1,1
"86",0.867002020512433,0.28695615100002,5,0,0,0.829574255410311,0.251767385931696,0,0,0.851059717385014,0.256511873243041,0,0,0.760081848143369,0.35661983411373,0,0,0.783173060446406,0.30080429960757,0,0
"87",0.855546294067549,0.327721708452251,3,0,0,0.474820101459599,0.243445024510322,0,1,0.445793415800338,0.230274655015141,1,1,0.987266291633446,0.31804561707999,0,1,0.576441774351608,0.366108872587107,1,1
"88",0.503008182001393,0.219008045602171,9,0,0,0.552678771639538,0.200282815206241,0,0,0.552026006883848,0.223289155748445,0,0,0.561987015884758,0.23091962557075,0,0,0.514631909642139,0.227904159849737,0,0
"89",0.69069756054316,0.244017892314755,15,0,0,0.612952593004394,0.239220694003001,0,0,0.591980565183553,0.22431121577053,0,0,0.66764187013428,0.253766544356875,0,0,0.551859286864023,0.273507148205617,0,0
"90",1.0117912146908,0.287752189475869,13,0,0,0.912228766819777,0.380141780499573,0,0,0.895490687136688,0.405502021880491,0,0,0.906521477123863,0.382657690770996,0,0,1.04358897485084,0.394628255758359,0,0
"91",0.751281893415842,0.216255951047172,17,0,0,0.697902645653914,0.228786663209165,0,0,0.70004718397524,0.21481455815683,0,0,0.821708674631128,0.241046943316341,0,0,0.70844827966353,0.264042010465842,0,0
"92",0.388805959460061,0.268658114076799,9,1,1,0.507771505056766,0.20137911090655,0,0,0.436986369660856,0.222706393448731,1,0,0.30167590146098,0.27219212218292,1,1,0.390994656831394,0.31218888653232,1,1
"93",0.876745686134503,0.232960780207678,19,0,0,0.887602774734013,0.171227576302238,0,0,0.890338229963301,0.21452919059237,0,0,0.906971109224403,0.264071580964138,0,0,0.863367593220492,0.300909729038209,0,0
"94",0.861090604364583,0.241809855148832,7,0,0,0.710682867991669,0.273341954056652,0,0,0.671159436419536,0.233841021311215,0,0,0.798667875786758,0.32827528958314,1,0,0.820338429367472,0.359985610285323,1,0
"95",0.503749859082032,0.27244913598905,13,1,1,0.374297840376972,0.177793403874205,0,0,0.414159694395249,0.245976256914758,1,1,0.498903773285123,0.250413464062771,1,1,0.389558299972355,0.290800059140931,1,1
"96",0.33866184905564,0.255780665436271,7,1,1,0.322939302346747,0.213015605675897,1,1,0.332467234725673,0.225684634511842,1,1,0.553225782217605,0.306080128767194,1,1,0.387506190935961,0.255319475473412,1,1
"97",0.462122621824534,0.248723451080746,11,1,1,0.463084354765462,0.254860927909141,0,1,0.472194569081711,0.209806559270679,0,0,0.590128602780176,0.304506157347191,1,1,0.368161191171102,0.29931878452385,1,1
"98",0.703625889811748,0.246405933552782,15,0,0,0.680005525601475,0.250203990543026,0,0,0.701214526435378,0.249159778434372,0,0,0.695793334393605,0.298254098738155,0,0,0.707814604839181,0.341851192292236,0,0
"99",0.875312796466114,0.222920805002407,19,0,0,0.923903200869578,0.192047532084747,0,0,0.904294709178297,0.209064535269834,0,0,0.997450806503449,0.289196144826656,0,0,0.864903343393761,0.293239604337501,0,0
"100",1.19043367135087,0.342658670989864,11,0,0,1.11147683295271,0.293162236359893,0,0,1.16467925297573,0.264247137712978,0,0,1.17211455885225,0.39601184108211,0,0,1.08409741091955,0.332840066583242,0,0
