"","V1","V2","V3","V4","V5","V6","V7","V8","V9","V10","V11","V12","V13","V14","V15","V16","V17","V18","V19","V20","V21"
"1",0.176089949802479,0.216183088369439,17,1,1,0.195669957038011,0.168158360867358,1,1,0.19804574291457,0.200440162761609,1,1,0.320273520940668,0.195576441483651,1,1,0.228875079941434,0.197013570534891,1,1
"2",0.0120041846085521,0.221222924373885,7,1,1,0.128441184363936,0.183190817065988,1,1,0.125924818561072,0.20213052135851,1,1,-0.146819792337892,0.256883882594128,1,1,0.0604112661038837,0.230182719807105,1,1
"3",0.390350938155228,0.174064000664765,5,0,0,0.384775282184498,0.196770076885297,1,1,0.379141119965634,0.200833776363038,0,1,0.211851509226843,0.210722936198488,1,1,0.341505250105319,0.212612625975251,0,1
"4",0.459059639073313,0.222188925410288,7,1,0,0.424046288976804,0.190712259083413,0,0,0.423755259731364,0.195284402066548,0,0,0.368035959299743,0.231349876254308,0,1,0.399338710254995,0.213917515597575,0,1
"5",0.118847211908346,0.211919705772345,7,1,1,0.0914740582038668,0.169535611625452,1,1,0.0963993534825556,0.193782494415379,1,1,0.186439366444449,0.207807003665847,1,1,0.141757052181679,0.21790246011162,1,1
"6",0.473669942561272,0.194306121084801,9,0,0,0.373350778691426,0.201039473989953,1,1,0.376359737654362,0.193052328503612,1,1,0.31930087951994,0.223171006684523,0,1,0.348755061915878,0.223955442975644,1,1
"7",-0.148698156734386,0.216960444528926,17,1,1,-0.169692637893544,0.191919183439121,1,1,-0.177980126962662,0.179297648301395,1,1,-0.167365347952191,0.215594148659948,1,1,-0.133815070211877,0.231692785756246,1,1
"8",0.440277194617405,0.208838875959143,15,0,0,0.362259765527821,0.197082848710342,1,1,0.362789409872409,0.208015815106054,1,1,0.802226310602553,0.237481630282036,1,1,0.40540915445157,0.20962702241204,1,1
"9",0.0397620218267661,0.217831161024401,15,1,1,0.103512339307415,0.229918191696263,1,1,0.115186159583604,0.171092361172841,1,1,0.274398177753726,0.263389690067219,1,1,0.0977109288547099,0.194227889027618,1,1
"10",0.199708144076769,0.225273260577577,17,1,1,0.183892603767107,0.21931082634687,1,1,0.194619610933343,0.214233726332383,1,1,0.322295139521799,0.220039750318138,1,1,0.212189579668174,0.22147704138021,1,1
"11",0.243177403671104,0.200265774224702,17,1,1,0.335087233746909,0.205803625272628,1,1,0.33586455066006,0.235080241038588,1,1,0.353649344476542,0.264182837442323,1,1,0.309877662178814,0.270181905542763,1,1
"12",0.250967239008845,0.211624188565675,19,1,1,0.325360959184866,0.221566530612153,1,1,0.309606192368907,0.182177788079201,1,1,0.322303532009123,0.23989961448861,1,1,0.277447388774994,0.195397111783871,1,1
"13",0.287292361409571,0.184740061696521,9,0,1,0.332434086115436,0.182237331578412,0,1,0.333361745352749,0.177162369974015,1,1,0.347157075535927,0.208035052216148,1,1,0.362799904019522,0.221459471977733,1,1
"14",0.495344976531969,0.212709975158939,11,0,0,0.46504805427255,0.18676986968282,0,0,0.461880137486724,0.21288435267613,0,0,0.426308474509095,0.266111999614765,1,1,0.481299819960964,0.231406779134834,0,0
"15",0.00852377628683094,0.227858569330489,19,1,1,-0.00102865055547721,0.183005531149874,1,1,-0.0102295274683438,0.216426357043477,1,1,-0.00116704861619685,0.239778894766422,1,1,-0.0465709464276542,0.255286617849895,1,1
"16",0.41159322887501,0.237292323466257,9,1,1,0.411038776532837,0.2038650295015,0,0,0.425672328593479,0.214417858737314,0,0,0.436720770193478,0.267507117303733,1,1,0.433836740036451,0.244061995354628,1,1
"17",0.477700763085214,0.216536113419169,3,0,0,0.484795284738328,0.20355031949583,0,0,0.481040500769012,0.207672651869527,0,0,0.495249945226811,0.242211655526775,0,0,0.48474387405505,0.232482686486958,0,0
"18",0.0616212600831014,0.249268657391992,11,1,1,0.111139456430922,0.195546594487911,1,1,0.0938876642523029,0.19063565859279,1,1,0.0327986891865333,0.252292583721806,1,1,0.0930819789799436,0.248102808983262,1,1
"19",0.318412901852993,0.207728850274339,9,0,1,0.372856837524359,0.191347657571053,0,1,0.385578529427676,0.189141812720481,0,0,0.185232926211183,0.236362205174688,0,1,0.350672684684374,0.230445439655034,1,1
"20",0.354945576720664,0.224933840296197,17,1,1,0.416086268403457,0.178365987299136,0,0,0.409448451804574,0.195625787509098,0,0,0.356727541366655,0.21952750053132,1,1,0.373295143183091,0.224933041304471,1,1
"21",0.477578091220282,0.204163496771065,17,1,0,0.45194879238866,0.182977559150784,0,0,0.437460126053556,0.174854000616603,0,0,0.689907436928985,0.228324332985469,0,1,0.462073863893606,0.231545091577581,0,0
"22",0.23519490246424,0.226175213219422,15,1,1,0.120759106894524,0.214273237422175,1,1,0.123045827880183,0.165762856696077,1,1,0.059670366734343,0.226810621787655,1,1,0.134664204763847,0.245954794122831,1,1
"23",0.16041476983238,0.212727873745125,11,1,1,0.214952459809871,0.184872823203165,1,1,0.216072617560664,0.189150318923081,1,1,0.257119989772206,0.245447380249989,1,1,0.206412393693733,0.227289535658827,1,1
"24",0.216274207241819,0.188318641610303,19,1,1,0.197315893759856,0.168799674635489,1,1,0.203605773237202,0.175664966592056,1,1,0.181002548303662,0.22097129370555,1,1,0.197418493571504,0.214583063617156,1,1
"25",0.266780063473553,0.217624095171965,5,1,1,0.226757142474014,0.211641417539444,1,1,0.224960586360114,0.192322264471421,1,1,0.334785654531526,0.233050091884511,1,1,0.220703817189233,0.213087154392927,1,1
"26",0.291528361742717,0.220985923400244,9,1,1,0.24750956144074,0.189344240135101,1,1,0.271039543960925,0.188827653616696,1,1,0.394611631238102,0.237112368438226,1,1,0.291677609641699,0.229059212002166,1,1
"27",0.0393367459047441,0.186217165904616,15,1,1,0.123366448751805,0.173758900695254,1,1,0.107616352332658,0.197038129663673,1,1,0.101457544502577,0.20951791883172,1,1,0.0808401405890779,0.235259535687836,1,1
"28",0.3458244376636,0.191768071420881,17,0,1,0.393838597262796,0.202099101055837,1,1,0.392625477140025,0.201592033093962,1,1,0.46994655030832,0.269194276870963,1,1,0.38486872699955,0.239214781027932,1,1
"29",0.42120019303748,0.196049137384398,17,0,0,0.420031076985255,0.238884507114687,0,1,0.41143870721182,0.245170429705616,1,1,0.123229379173496,0.232695531132048,0,1,0.398007552179982,0.221358029745416,1,1
"30",0.304163339887129,0.214378379202471,3,1,1,0.368139777965085,0.220761851955041,1,1,0.374487288855816,0.22617919309506,1,1,0.446408982957609,0.214201661025381,1,1,0.326481699537235,0.268097535532641,1,1
"31",0.633380200804322,0.210399801506012,19,0,0,0.597576966828944,0.21221817145972,0,0,0.585253238900254,0.216595822769466,0,0,0.61741665301777,0.25651391453677,0,0,0.565041889681982,0.242682354672012,0,0
"32",0.125410107638131,0.250358361126283,13,1,1,0.136172870229771,0.222094270059287,1,1,0.137812872565165,0.224451678599122,1,1,-0.125366278184821,0.240558644841151,1,1,0.0991145891109323,0.258069627485749,1,1
"33",0.471425281370722,0.19071113629154,11,0,0,0.530421251497655,0.224155937059036,0,0,0.528819225443926,0.183599974512614,0,0,0.522062778051414,0.222681865032473,0,0,0.482822223710894,0.258867380341549,0,1
"34",0.073560615201534,0.239262931360873,17,1,1,0.0971733716164787,0.202998382492248,1,1,0.099608977133709,0.169936178551569,1,1,-0.0482577646003366,0.237682882778884,1,1,0.115551206783659,0.252434944901036,1,1
"35",0.330411568900049,0.210151397194499,19,1,1,0.283872599517762,0.19384996800709,1,1,0.291268446767134,0.203995721656998,1,1,0.139548325348988,0.209253749454232,1,1,0.285463798361321,0.231346642766124,1,1
"36",-0.17808758391656,0.217328277067101,13,1,1,-0.0217122154857546,0.191101025847724,1,1,-0.0195127592929199,0.193605240588135,1,1,-0.174879377640663,0.249407596537358,1,1,-0.0547481888240105,0.220796232286677,1,1
"37",0.448883869795791,0.1950897383862,15,0,0,0.487384757780069,0.202804066798262,0,0,0.474476922789786,0.200547134494832,0,0,0.42834049914299,0.264452577570229,1,1,0.456728958123924,0.252305423721082,0,1
"38",0.659542713970548,0.219893701386071,11,0,0,0.740104131564614,0.180763419212929,0,0,0.734509613534117,0.187143668570563,0,0,0.674215120336038,0.232391913920169,0,0,0.709434677627628,0.246761416329459,0,0
"39",0.567629876506604,0.192242470143919,13,0,0,0.609749335970357,0.18316354924077,0,0,0.613280777807344,0.211851224820338,0,0,0.607111434374513,0.206692938330085,0,0,0.653539426959674,0.226584028834468,0,0
"40",0.468264985756633,0.201042220991507,13,0,0,0.498426418819735,0.208375001502961,0,0,0.500824477644923,0.185097926225474,0,0,0.432085085006642,0.221497505632793,0,0,0.510784592378,0.24824834212728,1,0
"41",0.391094497044251,0.186254140226822,13,0,0,0.375065013975591,0.213325307412605,1,1,0.38041399032189,0.191906799549023,0,0,0.375621739996903,0.227750437751173,1,1,0.353684340551572,0.23940400292248,1,1
"42",0.556145434316987,0.192993355550491,5,0,0,0.53863250490414,0.182513514077304,0,0,0.523021547663745,0.206675253555872,0,0,0.517088321046466,0.233193485193148,0,0,0.518144098482031,0.231130788151845,0,0
"43",0.598268786381417,0.22402456585525,11,0,0,0.562866333665702,0.170439232248474,0,0,0.585732395073468,0.176532718553118,0,0,0.668823400630679,0.215079794685747,0,0,0.557918278944096,0.243121607104535,0,0
"44",0.219930731407142,0.196667395773302,9,1,1,0.172649031239513,0.207827293210063,1,1,0.202444097549698,0.233079135016954,1,1,0.21809128571498,0.232855244283618,1,1,0.272433536751715,0.255072022303992,1,1
"45",0.0783096071121643,0.19822372096314,7,1,1,0.147971520893283,0.219121542986498,1,1,0.137843518389659,0.22468982889373,1,1,-0.0734230660040548,0.194430695343531,1,1,0.0867411615395715,0.252293116370647,1,1
"46",0.469214275478473,0.239876439210442,9,0,1,0.476735544579997,0.212434311431509,1,0,0.454892942738501,0.215614507842903,1,0,0.465084877564191,0.233624937349693,0,1,0.486492580831977,0.237598891014932,0,0
"47",0.456044989714572,0.277211069070584,7,1,1,0.503322114193555,0.203270503859927,0,0,0.483913129301165,0.201968394010705,0,0,0.55831284603581,0.24925044461224,1,1,0.467600078571,0.27169043420371,1,1
"48",0.706180379401967,0.235095659752893,17,0,0,0.716367235719804,0.222523496152504,0,0,0.710293036340133,0.214878156976848,0,0,0.831655819224115,0.241085842966955,0,0,0.722732638122395,0.245228541753373,0,0
"49",0.433393863228092,0.219089505093066,13,1,0,0.458497778489757,0.193766036798268,0,0,0.476676220001667,0.212440308552725,1,0,0.351767709157102,0.2174717086686,1,0,0.434832984496109,0.23309257036123,1,1
"50",0.00965617075195833,0.20694573799104,13,1,1,0.0669309803605866,0.203576772124973,1,1,0.0342028411062362,0.196167413829901,1,1,-0.151136494027186,0.255024980022787,1,1,0.0298220785637573,0.229607285317971,1,1
"51",0.466377967487007,0.221013530995088,1,0,0,0.488449876568956,0.217152883825947,0,0,0.491364816919185,0.189560626420035,0,0,0.456702168907535,0.227592165750822,0,0,0.466377967487007,0.258657096001607,1,1
"52",0.124151015047544,0.236571529511452,1,1,1,0.290844496383586,0.198277169591267,1,1,0.299243497871773,0.175551664872042,1,1,0.100868952208098,0.242671450247012,1,1,0.124151015047544,0.247922737573478,1,1
"53",0.322753229296507,0.198663282637099,19,0,1,0.364297288874186,0.208045113448054,0,1,0.331232819366766,0.179212419239818,1,1,0.264972887781963,0.226859821669199,1,1,0.357723522671632,0.218011388783164,1,1
"54",0.390763369665828,0.216566900808819,11,0,1,0.483450812882051,0.195515609991707,0,0,0.469621434417015,0.224399222226911,0,0,0.353373400388545,0.230400505601802,0,0,0.438231400053623,0.224177503180289,1,1
"55",0.331590498273219,0.205178244676871,19,1,1,0.331107102943786,0.205881143447286,0,1,0.288291838512864,0.16523635909689,1,1,0.500053580587385,0.250805509271861,1,1,0.269182995936225,0.233913838501674,1,1
"56",0.246003118193862,0.203845068744535,9,1,1,0.20814585059013,0.222410575484577,1,1,0.204517339957964,0.158635820547013,1,1,0.268091945418023,0.238547353872363,1,1,0.209187834534646,0.216230737354036,1,1
"57",0.247873351319161,0.205717981944758,19,1,1,0.240540070430295,0.169433429209686,1,1,0.23483913113626,0.19218700042225,1,1,0.245206253998932,0.226765516659655,1,1,0.251013307692796,0.220772513214696,1,1
"58",0.385414390350245,0.214642736711573,11,1,1,0.37661371792274,0.1753477838156,0,0,0.385405661545699,0.184587088729371,0,0,0.546827505713004,0.239422826200521,0,1,0.39825071336285,0.227277318749495,1,1
"59",0.606786903665488,0.197306701536731,13,0,0,0.589885042892118,0.205509845926687,0,0,0.589117789489221,0.215016043920207,0,0,0.641429813900664,0.243161078637735,0,0,0.605767379694315,0.242011491410163,0,0
"60",-0.139595355520044,0.208977302318459,5,1,1,-0.0695692728350629,0.196883838602011,1,1,-0.062395046596148,0.163826645377552,1,1,-0.296174013809876,0.227282108984404,1,1,-0.107347106286779,0.199984211533416,1,1
"61",0.679493003884207,0.195239326826527,19,0,0,0.74313489720574,0.18381682064044,0,0,0.749752367839706,0.220006390361094,0,0,0.820832643401267,0.220218218151634,0,0,0.716984086612162,0.259020919274908,0,0
"62",0.303495535424429,0.215477364991514,13,1,1,0.3574245570016,0.181964018406535,0,0,0.37081053521901,0.193562424907488,1,1,0.362527821576047,0.245659542752945,1,1,0.326114497306302,0.230305215789211,1,1
"63",0.36188885264643,0.203338711079068,11,0,1,0.330250506085123,0.201602501943038,1,1,0.34333678054182,0.208850300533121,1,1,0.383893024445577,0.245227957760441,1,1,0.34945491849296,0.224932576010887,0,1
"64",0.216207207495151,0.203114507965098,3,1,1,0.134681224934621,0.188435722581202,1,1,0.143060665265378,0.182936269311344,1,1,0.217338462190025,0.239907223622825,1,1,0.161981318418953,0.214485088443166,1,1
"65",0.661912601196105,0.254633924804298,7,0,0,0.614384289366126,0.197854218199975,0,0,0.603008521208229,0.190258174320722,0,0,0.844306129905232,0.252197294254571,0,0,0.635627704068888,0.257696303120524,0,0
"66",0.496795441293675,0.252808066521413,3,1,0,0.356445981108609,0.208776587253745,1,1,0.382798332853186,0.239264443435617,1,1,0.324163358267865,0.296819928911907,1,1,0.331966273596631,0.231665554052612,1,1
"67",0.101529666104035,0.206830634498683,13,1,1,0.0843602844264649,0.203360792322487,1,1,0.072618692977225,0.235348322542499,1,1,0.0275346772937682,0.223139471078189,1,1,0.103910769092405,0.263594558393743,1,1
"68",0.246690481656299,0.197003339982695,19,1,1,0.217001786258736,0.206488856797207,1,1,0.20976436867654,0.198558830910584,1,1,0.237910873181407,0.223770031796587,1,1,0.227491279089515,0.258264919398932,1,1
"69",0.411442120385454,0.221700679366309,13,0,1,0.413548484487915,0.209778253906468,0,0,0.41901760995139,0.221476038055897,1,1,0.241555588229795,0.238240005357404,1,1,0.406211629973073,0.229529961208055,1,1
"70",0.37949667036594,0.239209024317273,3,0,1,0.445484648717328,0.192412839848972,0,0,0.443812065764805,0.209029177453774,0,0,0.347958673755765,0.223835016264467,1,0,0.414168421378332,0.217173277062399,0,1
"71",0.211303905325289,0.198290054517291,17,1,1,0.139322849312649,0.221306784102162,1,1,0.153147325274631,0.170719258325197,1,1,0.28304352462651,0.251327864319593,1,1,0.200464895222912,0.235692700648563,1,1
"72",0.147362850910053,0.213465427230005,5,1,1,0.0999031887327263,0.225409744022747,1,1,0.114073460521341,0.179391967630109,1,1,-0.0212220453010262,0.268076438043019,1,1,0.0941806199672659,0.233435342055689,1,1
"73",0.504448162324835,0.175662836719227,15,0,0,0.567487806824075,0.183210078116488,0,0,0.566738863789623,0.18073202621341,0,0,0.41212245290702,0.199531967950924,0,0,0.562005821578838,0.214580448662174,0,0
"74",0.13067257389553,0.216251161467647,9,1,1,0.298574395383326,0.20392053168901,1,1,0.283383244573406,0.199997259506889,1,1,0.147531805979335,0.262983613236937,1,1,0.268326522312964,0.2580902823074,1,1
"75",0.140921134322673,0.225058285594342,9,1,1,0.131641271352416,0.185147259278837,1,1,0.15430326865595,0.201814191443447,1,1,0.0599965811626485,0.21705486280608,1,1,0.0643607245349674,0.248312719868093,1,1
"76",0.302603045968379,0.213467281276719,11,1,1,0.293337011544365,0.193813916240368,1,1,0.286103770471516,0.232695072053511,1,1,0.226240682058837,0.208335742726384,1,1,0.28016771790577,0.214948797726595,1,1
"77",0.260155580902319,0.256401102072029,19,1,1,0.447756530059216,0.204061647858868,0,0,0.451099774717516,0.212900224461616,0,0,0.418921604795888,0.228519291921251,0,0,0.453775820259921,0.205770019387322,0,0
"78",0.329067154787388,0.24036853222248,13,1,1,0.253416392091285,0.212946779846107,1,1,0.271088208861202,0.193827670271228,1,1,0.389359396354014,0.253538267238678,1,1,0.287719687515808,0.26099187850884,1,1
"79",0.223370414062866,0.218197069662388,19,1,1,0.219148233246195,0.207391990904982,1,1,0.23767404152397,0.184761236863211,1,1,0.245140980407012,0.197766385763484,1,1,0.215542888615289,0.233064890027937,1,1
"80",0.172109374290793,0.192362911424094,3,1,1,0.226906264010215,0.196500284458749,1,1,0.226143093598629,0.204482411608384,1,1,0.253356295586132,0.18944254716948,1,1,0.200545864378849,0.202063704663689,1,1
"81",0.0244685882192515,0.180647257133666,7,1,1,0.0459917477297611,0.186613526425794,1,1,0.0475593759854041,0.222985719711804,1,1,-0.0711750363867917,0.246779061772437,1,1,-0.00348056391411972,0.252527608865721,1,1
"82",0.173952262397912,0.218446135749023,19,1,1,0.165366588449375,0.229964109958725,1,1,0.155316033074441,0.204107762905178,1,1,0.122256563043924,0.284203054808039,1,1,0.130435671548238,0.29007948803121,1,1
"83",-0.0138814340558698,0.194629574246176,19,1,1,-0.0131486251833925,0.188793355326746,1,1,-0.0238184629041058,0.211041213062857,1,1,-0.0209521529419217,0.230496090131523,1,1,0.00616225812516698,0.228664156088321,1,1
"84",0.0367277331486335,0.1968344343626,17,1,1,0.0497964359087694,0.209445173195061,1,1,0.0404436832708839,0.207603946348993,1,1,0.0715031134414487,0.227171858951711,1,1,0.0430518198548532,0.289169890139861,1,1
"85",0.311606769546364,0.216174464075864,9,1,1,0.230196269445387,0.185487573574736,1,1,0.22964012442801,0.192059547345073,1,1,0.199369838772716,0.231360269112587,1,1,0.208069935690107,0.206192036335375,1,1
"86",0.72935772012717,0.239400292257689,3,0,0,0.713966514176103,0.204819423173384,0,0,0.724785505057922,0.222620105110803,0,0,0.620867182473555,0.248598516414555,0,0,0.699990634340098,0.250261231941711,0,0
"87",0.417052586038262,0.250629735695109,5,1,1,0.325698370069988,0.24711331602698,1,1,0.333434039943601,0.198603318868741,0,1,0.213479594411539,0.253361306491031,1,1,0.349419260836899,0.255328988736018,1,1
"88",0.330228735860148,0.174805628639979,19,0,1,0.327417530669644,0.177193632428765,1,1,0.32597472878108,0.190279592458237,1,1,0.323245996350994,0.210145216843187,1,1,0.313795468711414,0.217781829657821,1,1
"89",0.414099135797084,0.27347558414115,5,1,1,0.324089869974624,0.199512232185282,1,1,0.334756923938431,0.195919120624514,1,1,0.583868304543715,0.250559611082146,1,1,0.464480022296274,0.239811503556542,1,1
"90",0.121583777143388,0.22186885283874,17,1,1,0.141712167613625,0.189167605745771,1,1,0.147245857060787,0.171768918183276,1,1,0.00399930143601643,0.229582241842245,1,1,0.109390025785308,0.247944133194081,1,1
"91",-0.148807923335424,0.241040065906691,17,1,1,-0.123154023613974,0.218542244591997,1,1,-0.118823497925696,0.237180583251194,1,1,-0.246196008458804,0.242114114984075,1,1,-0.163730222444065,0.241060195609233,1,1
"92",0.367626707713996,0.201357591772855,19,1,1,0.415852703812207,0.19212799678762,0,0,0.411734159386141,0.197156551386688,0,0,0.450250420263976,0.200615259015758,1,0,0.387897972706227,0.20850945913428,1,1
"93",-0.119388439558262,0.198680321466933,17,1,1,-0.0486238094265989,0.190990780764148,1,1,-0.0591926983244392,0.210539986104677,1,1,0.0306509580128321,0.252451464482237,1,1,-0.0759113420585173,0.234761460553657,1,1
"94",0.631813437246691,0.227178447333446,19,0,0,0.510149453131098,0.194925513497658,0,0,0.533864650136146,0.198385359434446,0,0,0.1816206428666,0.222166047026898,0,0,0.456005917136605,0.260228055219121,0,1
"95",0.158100711982817,0.197145896623219,15,1,1,0.143435539027283,0.216338196275711,1,1,0.135348528654669,0.19420908271075,1,1,0.116626152298373,0.214571422920598,1,1,0.168852498352641,0.232205667041621,1,1
"96",0.377298145285105,0.212649818781262,15,1,1,0.328691878686923,0.206318556542249,1,1,0.341739014080516,0.171927282843551,1,0,0.444755421935089,0.258702188368172,1,1,0.314952996089941,0.230572598401821,1,1
"97",0.43179880700797,0.197623383584219,7,0,0,0.39298933123027,0.191548607379108,0,0,0.409477603989329,0.188760894939623,1,0,0.37074155798675,0.259182854723589,1,1,0.390795283519597,0.232089815216292,0,1
"98",0.165675014039914,0.23243538862676,9,1,1,0.163833180993291,0.201013224656655,1,1,0.161710202922077,0.19689986811797,1,1,-0.0344489158298157,0.245659194757646,1,1,0.146790109119777,0.212913494086767,1,1
"99",-0.0689282458927232,0.202543706238292,19,1,1,-0.0568206235063804,0.209348773546783,1,1,-0.0645536335948331,0.188961676406848,1,1,0.0451656668386288,0.228331393423907,1,1,-0.08837527428746,0.225494504855208,1,1
"100",0.231452786487843,0.175430173410668,17,1,1,0.163166978294124,0.183125420094145,1,1,0.16966175698045,0.179004777779047,1,1,0.289178642753698,0.201197985862774,1,1,0.198598888818356,0.198906943455385,1,1
