"","V1","V2","V3","V4","V5","V6","V7","V8","V9","V10","V11","V12","V13","V14","V15","V16","V17","V18","V19","V20","V21"
"1",0.274514215482991,0.230531449189141,7,1,1,0.32206556338394,0.16929123835942,0,1,0.321839721943661,0.189317623168851,0,1,0.476463194434021,0.222099687968001,1,1,1,1,1,1
"2",0.535810887686246,0.239228242964963,15,0,0,0.499785212204826,0.220971578691915,0,0,0.514049133633228,0.189736287997906,0,0,0.445376813393457,0.256836287782151,1,0,1,1,1,1
"3",0.396428745889157,0.191661037942962,13,0,0,0.410094400454137,0.208363812291079,0,0,0.437968769276137,0.1854592115283,0,0,0.458799112647421,0.216333968250477,0,0,1,1,1,1
"4",0.553766771594266,0.201256614852763,5,0,0,0.505177942379385,0.214635554523529,0,0,0.518970108310996,0.18508139410746,0,0,0.729516204740722,0.235763174030027,0,0,1,1,1,1
"5",0.63566125704084,0.185185102264717,7,0,0,0.581017275290712,0.187566344999886,0,0,0.58214604656923,0.203965163486022,0,0,0.555061385401115,0.252978001927275,0,0,1,1,1,1
"6",0.467605497871561,0.249071391513736,7,1,1,0.447690225911418,0.182214532946164,0,0,0.447733916395425,0.223172111900515,0,0,0.49074891173153,0.245371222852809,1,1,1,1,1,1
"7",-0.0133894444217017,0.205497096523892,9,1,1,0.0417235232980111,0.175064946034996,1,1,0.016977838616598,0.205001429300187,1,1,-0.0135435824262289,0.219053998534045,1,1,1,1,1,1
"8",0.158911896850297,0.222017884936284,15,1,1,0.205488534089511,0.183046254417797,1,1,0.195921907363814,0.168709127121628,1,1,0.240808185836003,0.236861361897699,1,1,1,1,1,1
"9",0.365995101031149,0.221265912610901,3,1,1,0.277131832030442,0.210281755421227,1,1,0.272005850840803,0.218454238998458,1,1,0.180583760864481,0.207573120955697,1,1,1,1,1,1
"10",0.457386932077818,0.194376441082962,15,0,0,0.449844942526006,0.17715281073666,0,0,0.442358658433256,0.206664760064414,0,0,0.422044201854629,0.209793971850477,0,0,1,1,1,1
"11",0.368279685981574,0.167744009253455,19,0,0,0.379335275909189,0.208093882228096,1,1,0.384539814809452,0.22360333105686,0,1,0.549007286911351,0.236268845821748,1,1,1,1,1,1
"12",0.694850792737731,0.220295421973247,3,0,0,0.601172787535005,0.208114081326551,0,0,0.609810479518255,0.209380391379238,0,0,0.66423935099882,0.259949075829548,0,0,1,1,1,1
"13",0.46589203163229,0.210600500405582,19,0,0,0.46910411974657,0.199019097937561,0,0,0.472819569272337,0.190005781547848,0,0,0.517416873190235,0.231322088794565,0,0,1,1,1,1
"14",0.103711365242735,0.209645688159451,17,1,1,0.0748985700003952,0.212559396754087,1,1,0.0840690230719932,0.198582503630672,1,1,0.122535719016225,0.263082410916316,1,1,1,1,1,1
"15",0.0885756389694486,0.202190022568112,15,1,1,0.122952884575801,0.171495746990542,1,1,0.111072968831709,0.200512602977907,1,1,-0.0580250380624881,0.262979700313881,1,1,1,1,1,1
"16",0.185865681033319,0.22095753590778,17,1,1,0.240402380681088,0.195418766307394,1,1,0.225862744790389,0.202633986100695,1,1,0.324478734192197,0.266041664605267,1,1,1,1,1,1
"17",0.264215353530372,0.223157994050156,19,1,1,0.272858854926956,0.220875886733287,1,1,0.266701418736907,0.224917348948387,1,1,0.388726692069386,0.258921880246036,1,1,1,1,1,1
"18",0.0469962607816879,0.192838674222125,5,1,1,-0.0114482296430721,0.23508848136755,1,1,-0.0111152187953629,0.185055051758868,1,1,-0.0631507269510372,0.218976124874024,1,1,1,1,1,1
"19",0.508343004031622,0.250380883200225,13,0,0,0.514605135836222,0.253138570508622,1,0,0.526070630752095,0.21535446988475,0,0,0.470333137439273,0.315109924769667,1,1,1,1,1,1
"20",-0.000283165323104553,0.214355567653587,15,1,1,-0.0353243314337273,0.204423441590917,1,1,-0.0441521912170863,0.201092506830023,1,1,0.13621926983527,0.245484656251921,1,1,1,1,1,1
"21",0.307318231955604,0.187408488082256,17,1,1,0.313607883489958,0.206651356164048,1,1,0.302216617769443,0.204749235625221,1,1,0.310853723788876,0.213476407196921,1,1,1,1,1,1
"22",0.494322915655075,0.222662528539358,19,0,0,0.633431177998664,0.19423932291565,0,0,0.638623935323498,0.220283246976794,0,0,0.315019912600335,0.253617827185672,0,0,1,1,1,1
"23",-0.0970276980152471,0.259683983654261,5,1,1,0.0482405581932832,0.18645197656719,1,1,0.0271708965560096,0.186826600044365,1,1,-0.262361983530946,0.262043113056125,1,1,1,1,1,1
"24",0.521789339063224,0.239164821982242,17,0,0,0.499912660611466,0.234853954057756,0,0,0.513453831759204,0.203434545931069,0,0,0.328411444308756,0.223707374881082,0,0,1,1,1,1
"25",0.562243859638214,0.205901831574995,5,0,0,0.588815590833835,0.179917665317601,0,0,0.589945522184606,0.190922713456818,0,0,0.700179822856463,0.221884748921939,0,0,1,1,1,1
"26",0.176436318777815,0.240741239984415,11,1,1,0.138169062966186,0.217489309904407,1,1,0.140950529696544,0.240939548173912,1,1,0.172668168427766,0.309302036533242,1,1,1,1,1,1
"27",0.197863003034681,0.207558422671797,7,1,1,0.164955684720071,0.186412495621882,1,1,0.165661622681632,0.1849402426938,1,1,0.284568479216537,0.256142766997194,1,1,1,1,1,1
"28",0.334979172394632,0.227645734720038,3,1,1,0.301031582252977,0.180599500825976,0,1,0.319149429446697,0.218564280027779,1,1,0.308863679127004,0.221705752391306,1,1,1,1,1,1
"29",0.392810681760932,0.214474800705325,19,0,1,0.380343553663481,0.188481341599475,0,0,0.405428979842775,0.207085096338824,1,1,0.221001633675321,0.247589601212216,1,1,1,1,1,1
"30",0.592703365066028,0.223441947766451,19,0,0,0.562010803131583,0.173926693439312,0,0,0.579230965069603,0.216203288537113,0,0,0.578523338222466,0.291169685577552,0,0,1,1,1,1
"31",0.427457696786129,0.207772442220459,15,1,0,0.464175414625643,0.212198927840473,0,0,0.465884626762824,0.171135533248466,0,0,0.452187803154721,0.235125117160502,0,0,1,1,1,1
"32",0.388416432823962,0.20502726957167,19,1,1,0.320991726949834,0.191379950508626,1,1,0.311634735356516,0.226508231087897,1,1,0.0565598921364159,0.286602790220733,1,1,1,1,1,1
"33",0.0967951678377682,0.184518785459242,11,1,1,0.130860909642878,0.182465931680361,1,1,0.129697747449336,0.165685489303398,1,1,-0.118609820514207,0.21272972804019,1,1,1,1,1,1
"34",0.45376781239973,0.202480533149786,17,0,0,0.423072513990696,0.209957625593938,0,0,0.440297894464262,0.189922022337127,0,0,0.415160843758918,0.240231422742852,0,1,1,1,1,1
"35",0.366721492290613,0.208514118103222,15,1,1,0.37447638329349,0.193047531246056,1,1,0.379894752767747,0.191399858564832,0,0,0.332262201992552,0.241372883422058,1,1,1,1,1,1
"36",0.569096362544075,0.216725582372937,11,0,0,0.563743464705948,0.218344925400657,0,0,0.597544441700834,0.218370710772253,0,0,0.503687424468067,0.270248929401764,1,0,1,1,1,1
"37",0.241202723734843,0.195729977049354,7,1,1,0.296200291207897,0.199500187707771,1,1,0.285298420963776,0.204927974219856,1,1,0.363502392224744,0.23419684771309,1,1,1,1,1,1
"38",0.17336146553551,0.182471517506809,13,1,1,0.23019742746684,0.161669500179731,1,1,0.246429569574715,0.200704875098468,1,1,0.289083153292016,0.231353011637488,1,1,1,1,1,1
"39",0.578448531256208,0.195776020142341,15,0,0,0.552761345014001,0.190170402330402,0,0,0.560715461701047,0.194160615478446,0,0,0.577059919262939,0.238079898401622,0,0,1,1,1,1
"40",0.402453100973506,0.216474341655068,17,1,1,0.301860554750489,0.218354209360831,1,1,0.338431411857803,0.198483033001574,1,1,0.461057120098451,0.288208743789763,1,1,1,1,1,1
"41",0.232172133625047,0.237677143277428,11,1,1,0.289308071605386,0.250259576766626,1,1,0.285635643489167,0.262198352040234,1,1,0.2056991852642,0.295171310652248,1,1,1,1,1,1
"42",0.662994336856429,0.234946728693515,7,0,0,0.516707855119999,0.225195882799773,0,0,0.489985915620804,0.22070336383873,0,0,0.570892097988309,0.239038935531598,0,0,1,1,1,1
"43",0.187778750611724,0.245318061899311,3,1,1,0.11263665259155,0.184018070424828,1,1,0.120803555289721,0.184418418080107,1,1,0.283201069488144,0.242286920325597,1,1,1,1,1,1
"44",0.000126300996595217,0.209360825970694,13,1,1,-0.0632834721058277,0.18771137079517,1,1,-0.0839349168105264,0.201060690991406,1,1,0.0433288505481133,0.236684290855345,1,1,1,1,1,1
"45",0.159765959049468,0.236576646490332,11,1,1,0.147813416580212,0.192346352005854,1,1,0.145022180571875,0.195944368624101,1,1,0.0824001230878767,0.242468766936062,1,1,1,1,1,1
"46",0.277231347375015,0.19241950369959,15,1,1,0.246128512264078,0.190351953650154,1,1,0.251394066289371,0.193380579046575,1,1,0.445527982354573,0.233488527251319,1,1,1,1,1,1
"47",0.608277896278354,0.193030132059089,13,0,0,0.519205481333831,0.184459633036888,0,0,0.513314164933904,0.214809149633523,0,0,0.533234462627403,0.278047398744357,1,1,1,1,1,1
"48",0.287035989015143,0.220770514395078,7,1,1,0.322407768018723,0.2115580930818,1,1,0.299145511241041,0.184795258677705,1,1,0.379873946005954,0.241399915694386,1,1,1,1,1,1
"49",0.774498055560222,0.19504956494859,19,0,0,0.735020158084203,0.170886158570383,0,0,0.730519069292416,0.214312435200759,0,0,0.643804282079073,0.254011131623888,0,0,1,1,1,1
"50",0.345187645691769,0.220245118463716,15,1,1,0.222865110480007,0.212786027149719,1,1,0.234838223494894,0.212642201506615,1,1,0.623427791258939,0.262504605930279,1,1,1,1,1,1
"51",0.237629716819157,0.20616189651886,13,1,1,0.28725642558712,0.193211842723869,1,1,0.275528923815349,0.154830837157861,1,1,0.411011411314667,0.221861321235473,1,1,1,1,1,1
"52",0.340972360417492,0.223076718165086,5,1,1,0.371736303998009,0.196365873869689,0,1,0.382950842793445,0.18377596919172,0,0,0.409405588754786,0.233212837739945,1,1,1,1,1,1
"53",0.535158062119661,0.231731894515772,11,1,0,0.47868008344048,0.20849670093064,0,0,0.487869783979226,0.187416587041995,0,0,0.638236368036306,0.241550552202049,0,0,1,1,1,1
"54",0.00157726229725838,0.234640884636029,7,1,1,-0.00636961557174147,0.194881547613591,1,1,-0.0123259178554538,0.211889111733514,1,1,-0.129966616048624,0.261442536007852,1,1,1,1,1,1
"55",0.0868196374510539,0.219709866943389,15,1,1,0.0659932615695418,0.201119477772468,1,1,0.0562558977306235,0.187467948187006,1,1,0.113726195026539,0.259936499154538,1,1,1,1,1,1
"56",0.0416007634848705,0.214934115221773,19,1,1,0.0120503382822764,0.193900738099432,1,1,0.0341595770868422,0.199010177157843,1,1,-0.0560547464139254,0.206266712471303,1,1,1,1,1,1
"57",0.167428901319326,0.208614280773134,13,1,1,0.202170730013647,0.215712196270692,1,1,0.219731176154394,0.236408387222833,1,1,0.159753934773344,0.257890688567303,1,1,1,1,1,1
"58",0.0168537919536049,0.194906644420129,19,1,1,-0.0274388942865601,0.187801054609384,1,1,-0.011117641854005,0.216868173958472,1,1,-0.219666038874932,0.245608868595794,1,1,1,1,1,1
"59",0.783003134647035,0.219901095552957,11,0,0,0.769550150283986,0.183480573341594,0,0,0.766893171070346,0.221921091667227,0,0,0.715213116594314,0.236151313775734,0,0,1,1,1,1
"60",0.185540429409423,0.221150418275624,19,1,1,0.196696723283971,0.22748886597774,1,1,0.201258424604434,0.252472201750136,1,1,0.164423196739553,0.246547166171435,1,1,1,1,1,1
"61",0.157929865496189,0.237583378848976,9,1,1,0.177037455989178,0.217339820124889,1,1,0.176086637838641,0.212127932760616,1,1,0.135916276152513,0.261739005389431,1,1,1,1,1,1
"62",0.0131790391984754,0.214636861105806,9,1,1,0.00228949584042481,0.17998066418902,1,1,-0.0070502237508407,0.213213088041665,1,1,0.0234037969339633,0.251198045770456,1,1,1,1,1,1
"63",0.0729237239759657,0.19480216700628,5,1,1,0.180549855801201,0.193331158610803,1,1,0.200648602441043,0.223068248104059,1,1,0.126568835283548,0.245598758873641,1,1,1,1,1,1
"64",0.2981789243814,0.206710160183034,19,1,1,0.320578958709831,0.185050945362857,0,1,0.320403861775734,0.182822493908222,0,1,0.270786450590995,0.21459686876814,1,1,1,1,1,1
"65",0.0156779134558766,0.208614557545806,7,1,1,0.0670823276432059,0.224644569205886,1,1,0.0522373089810067,0.192204367402429,1,1,0.156967781467015,0.220866617926684,1,1,1,1,1,1
"66",0.29764862096357,0.199896926216047,17,1,1,0.25966615377033,0.203308594267918,1,1,0.278578188913345,0.195147428103875,1,1,0.310841287723147,0.219149301782516,1,1,1,1,1,1
"67",0.305334159393696,0.173881415436832,13,1,1,0.237288371183071,0.19952484007328,1,1,0.274162008761028,0.175238899208255,1,1,0.291479633490511,0.238594199496326,1,1,1,1,1,1
"68",0.46821130801986,0.184938689025384,17,0,0,0.410350065457176,0.206226050309476,0,0,0.437161423647785,0.19208899242741,1,0,0.376094607391622,0.2275838310517,1,1,1,1,1,1
"69",0.269404788613855,0.209560999939459,11,1,1,0.168475316851688,0.181861465845709,1,1,0.177095632985179,0.180772836315822,1,1,0.350863078291422,0.242157292210912,1,1,1,1,1,1
"70",0.354500245115565,0.174495377800455,19,0,0,0.359189788901399,0.187114971774361,0,1,0.3456808467069,0.187569805382262,0,1,0.49156244493357,0.208067438920681,0,1,1,1,1,1
"71",0.148608029461661,0.256316224975953,3,1,1,0.200597915660523,0.166476098080918,1,1,0.180110139244489,0.197231404983016,1,1,0.0928338912835938,0.222912102450707,1,1,1,1,1,1
"72",0.429639367789154,0.238305120024561,13,1,1,0.42759958293612,0.188297098786757,0,0,0.437460373204932,0.227596458358945,1,1,0.377837674406912,0.247363365265906,0,1,1,1,1,1
"73",0.52937960000345,0.218407487067171,11,0,0,0.462062765932698,0.241738273908213,0,1,0.487605473519294,0.191700853459089,0,0,0.396378646528641,0.240427582342871,0,0,1,1,1,1
"74",0.522131833975447,0.234457739383407,9,0,0,0.488431983509594,0.210609442317144,0,0,0.481473352657561,0.218064252399676,0,0,0.551039465054771,0.223522773549338,0,0,1,1,1,1
"75",-0.036637121186193,0.200197517822755,11,1,1,-0.0517284364373287,0.213729170188164,1,1,-0.0723642504261936,0.212935863060133,1,1,0.0818796314513442,0.234491780586301,1,1,1,1,1,1
"76",0.640036665038364,0.219703234233544,15,0,0,0.641015412253186,0.210382014242085,0,0,0.622358295416527,0.201496121939328,0,0,0.673073062821707,0.275552078221277,0,0,1,1,1,1
"77",0.205932457998536,0.196004545830233,3,1,1,0.255656470797151,0.202547644557019,1,1,0.247325431489008,0.184456817970696,1,1,0.254386791775479,0.207196595566828,1,1,1,1,1,1
"78",-0.0014995395443155,0.211148070559821,5,1,1,-0.0219610841838555,0.188581509669806,1,1,-0.0261015877319551,0.171238673123175,1,1,0.159910258095928,0.217346632783089,1,1,1,1,1,1
"79",0.481154862856531,0.18978639800165,19,0,0,0.398628998613815,0.215364659150059,0,1,0.403550694376969,0.191563104135048,0,0,0.506219708073061,0.213930151614702,0,1,1,1,1,1
"80",0.324637227818982,0.177304669208858,19,0,1,0.350075625817211,0.186369071747866,0,1,0.343771682281743,0.18818784381839,0,1,0.379673620310759,0.25380625715986,1,1,1,1,1,1
"81",0.567271301652928,0.187480580946064,9,0,0,0.588573097365019,0.208017690824881,0,0,0.579818471992735,0.20250008666509,0,0,0.34491756545205,0.235317649931712,0,0,1,1,1,1
"82",0.11155127972435,0.20999907756036,15,1,1,0.1691864016196,0.176623686490569,1,1,0.166580044016303,0.197604639845243,1,1,0.28603239184242,0.244409061405241,1,1,1,1,1,1
"83",0.398746928706007,0.21614983723448,11,0,1,0.421678650777003,0.211506282787439,1,0,0.442606243446837,0.187738195104567,0,0,0.488419151000728,0.239089391487986,0,1,1,1,1,1
"84",-0.113247592763792,0.215009263208063,11,1,1,-0.11240366280038,0.184774769777225,1,1,-0.0991277536442065,0.201153249092427,1,1,-0.200799288295231,0.244973649819414,1,1,1,1,1,1
"85",0.0711794964363467,0.227818257173927,5,1,1,0.0648325603541204,0.204121449742018,1,1,0.0571800351034996,0.215322244950681,1,1,0.0926812045220009,0.213737815699246,1,1,1,1,1,1
"86",0.419252023466348,0.213844058542081,19,0,0,0.427203900234012,0.183625682513198,0,0,0.426008993337755,0.190665775198927,0,0,0.533065348060751,0.219358566133494,0,1,1,1,1,1
"87",-0.106326929574089,0.222129228246325,13,1,1,-0.0150244920986063,0.202040490824465,1,1,0.00568462228572079,0.194593518150216,1,1,-0.216581076599062,0.228098740175485,1,1,1,1,1,1
"88",0.0557741351609521,0.191505302849132,13,1,1,0.0989944543456867,0.204531130937535,1,1,0.0907572751941205,0.182881416960296,1,1,-0.308071908366878,0.224190293139445,1,1,1,1,1,1
"89",0.458969599482764,0.200740100242379,11,0,0,0.447673607047183,0.212839093714236,0,0,0.442289124450734,0.203625549526244,0,0,0.467620391435784,0.234998137664428,0,1,1,1,1,1
"90",0.0697291486889902,0.196563636901958,13,1,1,-0.0158733492363401,0.197407700855236,1,1,-0.00650014591773438,0.18197522020947,1,1,0.0346770651547498,0.209652754576626,1,1,1,1,1,1
"91",0.0746570158448384,0.239235162585757,7,1,1,0.171336739705846,0.209392977774343,1,1,0.181059225685765,0.229416361532079,1,1,0.101340245595606,0.262162746031543,1,1,1,1,1,1
"92",0.63131005908009,0.22460248893428,5,0,0,0.580711460309299,0.183157627531263,0,0,0.584350041870086,0.183635881737635,0,0,0.612371984839751,0.237158288745177,0,0,1,1,1,1
"93",0.551892686918297,0.19211555373587,17,0,0,0.475628944980026,0.192968794273607,0,0,0.479899667784632,0.226173316548022,0,0,0.48385159896839,0.215638318585792,0,0,1,1,1,1
"94",0.702239004474648,0.200418826568887,9,0,0,0.689318352296765,0.202212249308307,0,0,0.705163989226429,0.210349994887109,0,0,0.783899612126834,0.225025347275758,0,0,1,1,1,1
"95",0.356677011977693,0.197363159047908,11,1,1,0.310240776022334,0.188901919290009,1,1,0.308068498997293,0.183361785227523,0,1,0.317939807555722,0.237552445080597,1,1,1,1,1,1
"96",0.412178833388056,0.187140987006531,15,0,0,0.447834679658179,0.177638232536636,0,0,0.445174881752109,0.178630166152122,0,0,0.373995222468905,0.235414431814922,1,1,1,1,1,1
"97",0.315471167114451,0.236438623689567,11,1,1,0.201950786502207,0.232074515796536,1,1,0.243532953432412,0.239458884895592,1,1,0.278669982026593,0.258503846461545,1,1,1,1,1,1
"98",0.272174483167476,0.188528077191431,19,1,1,0.240585338097235,0.214454148631268,1,1,0.229489473326823,0.225227603035415,1,1,0.0686932323654996,0.271604610559222,1,1,1,1,1,1
"99",0.0870320338950066,0.236856696377024,9,1,1,0.150846242624537,0.222736395917265,1,1,0.143512000135699,0.178650445014357,1,1,0.313751031113801,0.191898927611542,1,1,1,1,1,1
"100",0.770858753768724,0.239959231793323,1,0,0,0.663724341358974,0.237349556474043,0,0,0.674425770840303,0.205299059242885,0,0,0.756087419124018,0.227249861340392,0,0,1,1,1,1
