"","V1","V2","V3","V4","V5","V6","V7","V8","V9","V10","V11","V12","V13","V14","V15","V16","V17","V18","V19","V20","V21"
"1",0.178769652694353,0.238938015470417,5,1,1,0.155672989619009,0.214478624976303,1,1,0.152941318694492,0.205821623864235,1,1,0.360694233520162,0.243944129481761,1,1,0.404888117342228,0.252383376597704,1,1
"2",-0.0690959589040187,0.221595934526384,15,1,1,-0.117470235530166,0.228653325865252,1,1,-0.0818361645971395,0.23266015504973,1,1,0.0486859392004988,0.252794577956444,1,1,0.200056997385502,0.260565302575277,1,1
"3",-0.0887093573223592,0.218284233353474,7,1,1,-0.0721470863075976,0.239499314897159,1,1,-0.0908431077970234,0.236496667615366,1,1,0.136768664773448,0.234701311539706,1,1,0.122594043455538,0.256813654715373,1,1
"4",0.0202022380100194,0.237481622611088,9,1,1,0.112893973007244,0.224682783089311,1,1,0.0982609950599866,0.222517541108892,1,1,0.0175268967830118,0.262063355259794,1,1,0.334672217236525,0.247008233121074,1,1
"5",0.358772162089801,0.269522671275477,3,1,1,0.375307197899811,0.220709018734142,1,1,0.363153131704728,0.224756946487809,1,1,0.0746432324963923,0.270980540588373,1,1,0.423413870709605,0.275068938830145,1,1
"6",0.0442051350498525,0.262976421953637,7,1,1,-0.155963451739741,0.24031147849435,1,1,-0.158912038811225,0.236940291854393,1,1,0.0391127382121566,0.274431222593508,1,1,0.237824051790003,0.27937345890193,1,1
"7",-0.0411041836030286,0.20457371171694,13,1,1,-0.0526019219529606,0.205608550221814,1,1,-0.0499160454615243,0.209317847716032,1,1,-0.0550741005415399,0.245038256032758,1,1,0.209717004195836,0.243538335285232,1,1
"8",-0.618008081905416,0.250335846388782,5,0,0,-0.674381549582187,0.255791283796351,0,0,-0.705681765448886,0.236603519230468,0,0,-0.524876072260369,0.261689290940047,0,0,-0.321768527716677,0.264526779097447,0,1
"9",-0.227238866971895,0.191335845638345,17,1,1,-0.206114015120534,0.189882120825555,1,1,-0.214990581310913,0.193995611775831,1,1,-0.154189432984428,0.223510378521249,1,1,-0.00238200692414131,0.21872606794655,1,1
"10",-0.00839350536548098,0.23852004460018,19,1,1,-0.0168679445547938,0.231852635639726,1,1,-0.0188878549516826,0.234114223032985,1,1,0.0784034742533923,0.264822031770121,1,1,0.272368154797667,0.284660870178226,1,1
"11",0.0843099548900421,0.229721888699513,11,1,1,0.0490632140047403,0.210777261833062,1,1,0.0937777735559901,0.207260050964818,1,1,0.112507568752865,0.251033024323255,1,1,0.40247395221328,0.244294194114388,1,1
"12",-0.20765484156779,0.255822687767552,5,1,1,-0.224638894192486,0.247924845286718,1,1,-0.18254473674877,0.237854161033304,1,1,-0.158183556771838,0.28249518849198,1,1,0.28642420136486,0.284480101730294,1,1
"13",0.306756893859875,0.227600927164407,11,1,1,0.197934489185015,0.229661556138306,1,1,0.150495120756849,0.234893880034094,1,1,0.0621837142330762,0.256701864321581,1,1,0.515485578883411,0.285577839516363,1,1
"14",-0.208498170818307,0.227638390561727,11,1,1,-0.138331454704615,0.198188276065031,1,1,-0.156362302501607,0.205446974104101,1,1,0.0963224698676885,0.279309708383418,1,1,0.140541340860993,0.288687906403565,1,1
"15",-0.116047552922732,0.228383795144209,19,1,1,-0.0033301191634856,0.209227986356025,1,1,0.013211879579309,0.201485944113314,1,1,-0.280430882304509,0.294409460943507,1,1,0.300030979947724,0.28462354657734,1,1
"16",0.111088414698936,0.23336580562975,11,1,1,0.0918284739959229,0.229487725651001,1,1,0.104677973497174,0.226053018650136,1,1,0.100590047496879,0.274770902806749,1,1,0.433809894022136,0.287606796980693,1,1
"17",0.192298441499063,0.229870713891338,7,1,1,0.126321834453451,0.215902615419804,1,1,0.114886702513899,0.206252068702998,1,1,0.146417082810411,0.250295214269338,1,1,0.426248252967345,0.23933124341882,1,1
"18",0.00332203864011194,0.218346888485423,13,1,1,0.058273239289298,0.201746715007052,1,1,0.0276052939057966,0.212513915495462,1,1,0.0324014126995886,0.250915929346251,1,1,0.250579408953325,0.244350293164168,1,1
"19",0.0313006289810589,0.206331430924937,13,1,1,0.000725605738617144,0.231405847402458,1,1,0.0211463479480292,0.223851258704934,1,1,0.0269476168850327,0.268303546679333,1,1,0.400883550476243,0.255885921915449,1,1
"20",-0.019715932828254,0.224739582172075,5,1,1,-0.221346295257673,0.223001617720536,1,1,-0.169542237188555,0.217092975431445,1,1,0.0571068348170956,0.234019923946626,1,1,0.263460266900644,0.233345819063902,1,1
"21",0.484291262677025,0.277128127729763,9,1,1,0.35542104565358,0.269923280440561,1,1,0.383940491129764,0.277683351342277,1,1,0.484484310561861,0.279343149274896,1,1,0.789464309487807,0.275001004045404,0,0
"22",0.572200918204142,0.2265662220869,9,0,0,0.439394667401326,0.233756247665974,0,1,0.473401326428419,0.234176326117225,0,0,0.278719299752583,0.231769355489947,0,0,0.861947877227196,0.224421227971956,0,0
"23",0.332030188479721,0.214393486057279,19,1,1,0.220097721179091,0.195907482459344,1,1,0.223648370539158,0.21014071016119,1,1,0.272084449524421,0.249727033163493,1,1,0.501566345035535,0.243173752167099,1,0
"24",-0.123530278638166,0.223551302774102,7,1,1,-0.14474811919864,0.203701260622882,1,1,-0.143661807832166,0.183849333013326,1,1,-0.179155814830858,0.233596617716391,1,1,0.159860148883213,0.240642615845025,1,1
"25",0.176747239737554,0.235215408706537,19,1,1,0.14144987481049,0.200633930363674,1,1,0.114039054233603,0.221814462671984,1,1,0.284723604937631,0.276148907789533,1,1,0.251877625252697,0.288186446326768,1,1
"26",0.0932781070035977,0.209542823932196,11,1,1,-0.0376193849988899,0.242462255579171,1,1,-0.0849129845616285,0.241368321438639,1,1,-0.111499255508323,0.244014240188755,1,1,0.294024843425451,0.239542699071331,1,1
"27",0.0603992035799415,0.215648057787069,17,1,1,-0.0850885233567207,0.259876255051213,1,1,-0.0769411617137221,0.247469535219702,1,1,0.251727814062562,0.270619309525868,1,1,0.308863311886751,0.243725974820429,1,1
"28",-0.167714117577893,0.235746469789581,17,1,1,-0.171850873929527,0.213617430353673,1,1,-0.134875628247501,0.212719875699201,1,1,-0.128749698967066,0.27223274998271,1,1,0.142876002007197,0.261108490437973,1,1
"29",-0.0992915934929578,0.217076239230021,17,1,1,0.0236253403226026,0.222658830329902,1,1,0.0541367084714291,0.224628826615547,1,1,-0.211223643669688,0.232263791879204,1,1,0.287473443998135,0.246653334499319,1,1
"30",0.41539489410841,0.203638871647553,19,0,0,0.382949703157662,0.218506352131404,1,1,0.390114474650376,0.239110798728059,1,1,0.615806545432933,0.259990786014158,1,1,0.687208377511715,0.265618562560061,1,0
"31",-0.136075972825609,0.22545847924001,19,1,1,-0.163907046140306,0.228183856001956,1,1,-0.176980504776828,0.216577197333475,1,1,-0.190116281907713,0.247572767358153,1,1,0.167899069714878,0.267244627249362,1,1
"32",0.098986579195052,0.253138903491411,13,1,1,0.0253129976378287,0.226527910808897,1,1,0.0579175184563462,0.218389663998023,1,1,-0.208405071539879,0.296960791193211,1,1,0.257137393684379,0.313931862688304,1,1
"33",0.00177201703709812,0.246936450869315,11,1,1,-0.151472392320893,0.232950652589291,1,1,-0.108053079537203,0.215542888790966,1,1,-0.263441871920518,0.279042992335625,1,1,0.220024038063606,0.30243775611761,1,1
"34",-0.132443274356084,0.224935796467116,17,1,1,-0.149554094566452,0.231945386237752,1,1,-0.132433700732075,0.214636967840533,1,1,-0.210373014229502,0.258795510390272,1,1,0.176493513127144,0.253813060033663,1,1
"35",0.483666485137442,0.204914062490503,17,0,0,0.432412796781077,0.199683629759467,0,0,0.43785228813349,0.192738579410838,0,0,0.597037429601624,0.252622066758177,1,1,0.682119837479553,0.237384426008373,1,0
"36",0.356194504541678,0.259148022320675,7,1,1,0.320956987289088,0.217626652504457,1,1,0.298927984092203,0.220470591184219,1,1,0.173351949940052,0.26382015171647,1,1,0.577537966861821,0.253591689126743,1,0
"37",0.255030704895735,0.223655283217158,9,1,1,0.258614629241507,0.199838336302143,1,1,0.237827903889362,0.216831468438941,1,1,0.165832883856002,0.259097389258038,1,1,0.570086282253041,0.254801299577539,1,0
"38",0.264605714641272,0.226972551870942,5,1,1,0.263329116552807,0.197163885168697,1,1,0.243518383248131,0.214879189518661,1,1,-0.0114683555538752,0.23965557736159,1,1,0.346975008643067,0.258271259655576,1,1
"39",-0.068737850854749,0.218358085997822,15,1,1,-0.00395194537272688,0.217558473913279,1,1,0.000828732832824669,0.218777330816974,1,1,-0.142781204026392,0.26385092271607,1,1,0.209151084646339,0.256758080053026,1,1
"40",-0.660250710305587,0.203620374735278,15,0,0,-0.722834766630442,0.203447054750687,0,0,-0.702978954257699,0.20279196032049,0,0,-0.723999235521372,0.230307364829476,0,0,-0.385275559152436,0.224179904679388,0,1
"41",0.386364352726462,0.242336881433231,1,1,1,0.17277549080928,0.251507921505963,1,1,0.186473423307637,0.231112153133025,1,1,0.284537886021855,0.245767076885351,1,1,0.386364352726462,0.247196375906323,1,1
"42",0.74920039507023,0.262297357425149,5,0,0,0.77152775388471,0.248199834650799,0,0,0.731091579005648,0.227882226276867,0,0,0.826224199155265,0.268911069402749,0,0,0.800338496073129,0.270787376228026,0,0
"43",-0.26179708678649,0.206523233221621,7,1,1,-0.355160768985603,0.231062881218021,1,1,-0.318023355142955,0.212016299407955,1,1,-0.402672777023657,0.225363174170667,1,1,-0.00957337533404225,0.224550100307166,1,1
"44",0.175744039130836,0.237817824915505,13,1,1,0.280914024162356,0.224418488485505,1,1,0.233409645976721,0.241319061824491,1,1,0.159542807373546,0.256825700947621,1,1,0.301264306194898,0.287911422334964,1,1
"45",-0.0597175648133606,0.221800775990487,17,1,1,-0.0163201718599247,0.223316845724539,1,1,-0.0199015745427497,0.209640293357942,1,1,-0.00637313908396343,0.254507792979975,1,1,0.284132010766808,0.239897442595295,1,1
"46",-0.194068597357805,0.242299230948237,13,1,1,-0.168944609656545,0.264772239103337,1,1,-0.233029321571862,0.222461384224939,1,1,-0.108254460822558,0.240033008778999,1,1,-0.0367925088233808,0.245383957007296,1,1
"47",-0.145035188435511,0.222090845269457,15,1,1,-0.0462994184383361,0.196224209370444,1,1,-0.0663195746011957,0.216195399358847,1,1,0.0894813390324155,0.241120864848136,1,1,0.268506706731117,0.249240932289707,1,1
"48",0.311489320261663,0.232438471463289,5,1,1,0.243258634460794,0.195690900155155,1,1,0.280086931117876,0.194471366935875,1,1,0.209770238254196,0.252649679011354,1,1,0.544650815753664,0.247133600532463,1,0
"49",-0.341479462180962,0.239467168112565,3,1,1,-0.19315657669997,0.20139420165633,1,1,-0.169781648320779,0.226437367229279,1,1,-0.310893191875758,0.250559877125264,1,1,-0.102388367226447,0.255731945661315,1,1
"50",0.0483863829190032,0.231815300680476,5,1,1,0.0381734908812244,0.225860539200457,1,1,0.0447776788374007,0.20925837410012,1,1,0.179535551150129,0.254162322414167,1,1,0.358855173136575,0.238754370779842,1,1
"51",0.292562142806988,0.230341233120545,7,1,1,0.219091512382101,0.206217109648363,1,1,0.244704850381487,0.213045816103382,1,1,0.348916458158559,0.256399521819234,1,1,0.573249750544291,0.257813108206087,1,0
"52",-0.124237870805682,0.214329432025933,9,1,1,-0.163334891971785,0.216757037343769,1,1,-0.140189909415829,0.204235482414988,1,1,-0.256545092727943,0.237900328825651,1,1,0.237227205749051,0.253724323379982,1,1
"53",-0.131441489969061,0.213796744444637,19,1,1,-0.0848155180673245,0.200520864235801,1,1,-0.0683457214694191,0.201937878697836,1,1,-0.122391511765116,0.229802476751108,1,1,0.313020896936073,0.249663734525994,1,1
"54",0.114511002860088,0.210300015244437,17,1,1,0.145373643151807,0.211457726567356,1,1,0.142573265074413,0.209802568802492,1,1,0.335689045559555,0.258313374605178,1,1,0.331198945896454,0.273847595529023,1,1
"55",-0.176439444615228,0.210378178659108,9,1,1,-0.233120834798719,0.191400553877677,1,1,-0.248937705709359,0.205224429015758,1,1,-0.259040160743654,0.227477260274922,1,1,0.0937175184552445,0.239303844284695,1,1
"56",0.0205876360287433,0.243054444765692,3,1,1,-0.160623811246801,0.212852839497235,1,1,-0.133214279178378,0.200144155042647,1,1,0.0872453908964322,0.238092483414678,1,1,0.152220475743509,0.24553200029862,1,1
"57",-0.0610224972301575,0.202550634915896,15,1,1,-0.127262650982449,0.19403900978066,1,1,-0.092695106204395,0.197110102547486,1,1,-0.0386084537635389,0.233835304574463,1,1,0.202578823351256,0.22756309600025,1,1
"58",0.0632135521013948,0.184438262026298,13,1,1,-0.115459946080423,0.239476031059536,1,1,-0.0738557396705535,0.219728489134754,1,1,-0.122912051949966,0.229466235449178,1,1,0.285688786107965,0.21516517166031,1,1
"59",0.162749735475633,0.214935585233229,15,1,1,0.125666836039431,0.195423070633369,1,1,0.123346399824315,0.208066114701176,1,1,0.268618360915496,0.24752266265576,1,1,0.398207801038177,0.237006779811967,1,1
"60",0.0623709810444144,0.212683561835969,9,1,1,0.0560909714645546,0.207515536792437,1,1,0.0465897228299638,0.208650681721967,1,1,-0.140261136291721,0.244240208120197,1,1,0.400631504343924,0.250461789098242,1,1
"61",-0.0595390401490399,0.233472978090579,11,1,1,-0.244328334071702,0.351080858327361,1,1,-0.228481312404093,0.336592188973723,1,1,-0.0933648575793175,0.270295975704375,1,1,0.234846317954343,0.256956001033198,1,1
"62",0.569466854638299,0.201885306063357,19,0,0,0.474745466367589,0.204040071899367,0,0,0.460475990045026,0.228588407504281,0,0,0.698830645582485,0.278033315527273,1,1,0.73751950623482,0.266225833866939,1,0
"63",-0.0698260266461305,0.220205307821449,7,1,1,0.0167291442615335,0.184843051624724,1,1,0.0093204312291865,0.190469245489917,1,1,0.00962888523647909,0.256254619370152,1,1,0.256490249935941,0.26449350892783,1,1
"64",0.16238170714368,0.215110063113248,13,1,1,0.189884491662579,0.210252629847022,1,1,0.22761958436224,0.212363144726177,1,1,0.0192137275674982,0.224730796473738,1,1,0.571274887730945,0.227706608943017,1,0
"65",0.0978650593522966,0.229002263785425,15,1,1,0.10721938147777,0.212543583106917,1,1,0.131273471413367,0.216515011892039,1,1,0.0611188255208436,0.258834252960766,1,1,0.318856995279665,0.259351841612443,1,1
"66",0.0025379827183947,0.205869053727202,17,1,1,0.055958824118327,0.25947927462686,1,1,0.056936814197388,0.225224254862697,1,1,0.120886014241054,0.262073104140706,1,1,0.432731197350303,0.280077664455524,1,1
"67",0.0356026672123581,0.266713603467552,17,1,1,-0.10868714093022,0.218505960667517,1,1,-0.13027055093946,0.228500974533427,1,1,-0.223394081724342,0.276216461431079,1,1,0.306234751690668,0.284519530870462,1,1
"68",-0.0779759730073572,0.200473306458554,19,1,1,-0.083013059574425,0.193275165241724,1,1,-0.0900176680028653,0.184455982584197,1,1,-0.0377917869525855,0.217717375996721,1,1,0.163894773963484,0.239447848182589,1,1
"69",-0.175788233634147,0.219250327933445,11,1,1,-0.236008364887278,0.187855986689804,1,1,-0.196184760998082,0.216450327257595,1,1,0.0448218003274905,0.231898929238064,1,1,0.155033156763909,0.239399651202442,1,1
"70",0.265369865266653,0.208713323991182,9,1,1,0.168732638594113,0.210646689516306,1,1,0.201068810246682,0.209334372162355,1,1,0.129936927426208,0.248674539137583,1,1,0.473041903394624,0.245257247880304,1,1
"71",-0.0265738674089603,0.240401697061707,13,1,1,-0.0608081262485719,0.227001557945996,1,1,-0.0643086115795568,0.222546754348344,1,1,-0.0239069071102213,0.263762276818814,1,1,0.21436457187125,0.281719226768471,1,1
"72",0.0732692085548728,0.218861834268702,15,1,1,0.0938660108290701,0.214599714018688,1,1,0.0958327850002002,0.218826882364737,1,1,0.230795061231265,0.260868085469618,1,1,0.44576966760417,0.253856343323087,1,1
"73",0.044024698701412,0.234570191069565,15,1,1,-0.0546375893647642,0.22375709630589,1,1,-0.0533349907435004,0.212797022498961,1,1,-0.212698427888485,0.276989914146965,1,1,0.288098660900327,0.265705868944985,1,1
"74",0.204940995389072,0.250118093949114,5,1,1,0.198494575446376,0.260470123294119,1,1,0.186397504693781,0.244699323362159,1,1,0.449632773748837,0.273193768809902,1,1,0.491543866092972,0.269520596698104,1,1
"75",-0.161093746275627,0.241209261621923,11,1,1,-0.161992015200156,0.232997515262354,1,1,-0.129306903412729,0.230523326471116,1,1,-0.0169578947513516,0.263024497715065,1,1,0.155015284552978,0.275791004144977,1,1
"76",0.38828169048738,0.210258833876365,13,1,1,0.28944754330568,0.209431313334205,1,1,0.315808817744354,0.202372803027586,1,1,-0.0247395117315568,0.232791688000457,1,1,0.509206801812131,0.224365555960764,1,0
"77",0.25329534546482,0.234873393454483,3,0,1,0.434299779316939,0.191543475055328,0,0,0.457867480610518,0.205012291176864,0,0,0.160837683689709,0.235011214899938,0,1,0.460519178903741,0.242435289270044,0,1
"78",0.151550416622687,0.245062949132883,7,1,1,0.0493431948675636,0.209986828694854,1,1,0.0493304262042057,0.218387992349129,1,1,0.219664248584614,0.262998970322434,1,1,0.43721165370404,0.266320093027662,1,1
"79",0.175792506840296,0.200945027377806,11,1,1,0.1521359423178,0.204567222899606,1,1,0.155359087990834,0.206494228023028,1,1,0.178776090991705,0.226508708332287,1,1,0.447575480839854,0.243763191660188,1,1
"80",-0.050569816024521,0.201371856269902,9,1,1,-0.0782235799780927,0.210332382677677,1,1,-0.0456815895622069,0.194783806171804,1,1,-0.0187045577439794,0.226495956832037,1,1,0.337734671397874,0.227767105300672,1,1
"81",0.00927090589164545,0.250142255149287,15,1,1,0.0182594534975765,0.228066341795957,1,1,-0.00712604406332146,0.246406390534143,1,1,-0.169525882976089,0.329210642474211,1,1,0.318934071771166,0.316648403055418,1,1
"82",0.143268700995969,0.235922946338284,7,1,1,0.235039518990203,0.208453049414257,1,1,0.221623050448775,0.199906516919242,1,1,0.14649708415054,0.245548717916665,1,1,0.356678359746562,0.2601209752605,1,1
"83",0.0765772190464499,0.219889067438827,17,1,1,0.0961474686284287,0.20043128864352,1,1,0.0784987918871315,0.203765750465251,1,1,-0.115352421715409,0.276447375403814,1,1,0.423737800580303,0.288735219535536,1,1
"84",0.625391482362687,0.212254541186145,5,0,0,0.605604160559835,0.21230156124427,0,0,0.599369928799652,0.196951012611431,0,0,0.655211433075757,0.228506718687103,0,0,0.782161738823992,0.225550324106798,0,0
"85",0.055466068218454,0.210016829490812,15,1,1,0.0308922308771546,0.219026730164209,1,1,0.0472027500057664,0.199181889873608,1,1,0.00813626821145718,0.25029828382114,1,1,0.240205596512485,0.234809440963601,1,1
"86",0.11545890500122,0.2260155103057,17,1,1,0.200034943905764,0.193866159122784,1,1,0.186718926294695,0.199808797632159,1,1,0.168377354230366,0.282870924344125,1,1,0.304088172126025,0.281271908932848,1,1
"87",-0.446873478915386,0.317259255636355,5,1,1,-0.166248746592657,0.212850466592743,1,1,-0.225519888970396,0.215790036041353,1,1,-0.339344440968158,0.372876053951252,1,1,0.0467650422572013,0.333731802942884,1,1
"88",-0.0524976133122092,0.246037423708951,17,1,1,-0.0311490654500716,0.238924764193536,1,1,-0.0125500449975827,0.242685302091185,1,1,-0.0816184313566081,0.276101678903596,1,1,0.270345217818886,0.257748387034187,1,1
"89",0.318995640492787,0.231937904354571,11,1,1,0.383150064324619,0.206412112255911,1,1,0.382119582249291,0.207236846513709,1,1,0.134375279881788,0.269035297825778,1,1,0.602365647008399,0.254679645761041,1,0
"90",0.230840074424149,0.25414148713017,9,1,1,0.200124888510613,0.206036988205705,1,1,0.224120177401169,0.226320270707341,1,1,0.310414162976451,0.302090035430178,1,1,0.612942703456671,0.294832579311366,1,0
"91",0.0122590241584717,0.218070663249543,15,1,1,-0.00976832296877482,0.201560010434232,1,1,0.0106555728568871,0.21028631930543,1,1,0.127729336359544,0.266262462341715,1,1,0.206454708541151,0.257525819417029,1,1
"92",0.051189839767855,0.211701399076263,13,1,1,0.0536438915938315,0.218556065582343,1,1,0.0540563405963594,0.216970714964148,1,1,0.193146694271882,0.239776417790316,1,1,0.399428922075507,0.25161207928834,1,1
"93",0.24577486875644,0.227787488783116,11,1,1,0.233388981751518,0.207513737037924,1,1,0.238387460712977,0.196828996850987,1,1,0.280443516679428,0.241722853765989,1,1,0.493392977281071,0.242569220837111,1,0
"94",0.224073423067514,0.259824279765546,1,1,1,-0.0179694020701836,0.206499774130463,1,1,0.0436854623593671,0.200394042679218,1,1,0.215599402182454,0.271287291519847,1,1,0.224073423067514,0.255102600040678,1,1
"95",0.157862529785127,0.20994253469837,15,1,1,0.201929096092453,0.210455912243082,1,1,0.224946582551207,0.211985484341827,1,1,0.230985459949393,0.234401181930184,1,1,0.306742368804473,0.246668319467723,1,1
"96",0.501122957543211,0.236263484984605,9,0,0,0.430469953524618,0.195626610068703,0,0,0.516193584798421,0.19802169847481,0,0,0.429745916609838,0.245952248982457,1,0,0.743247418045217,0.261540135576856,0,0
"97",0.0719396215547265,0.241201642798736,15,1,1,0.0908721226258385,0.248094295986208,1,1,0.107221433602504,0.236153260920645,1,1,0.0101163264268106,0.282115367805469,1,1,0.355650756059478,0.281241962775142,1,1
"98",-0.0389298680837548,0.182215758434515,17,1,1,0.0403524509625156,0.181708263917224,1,1,0.0218415534502827,0.167279977933418,1,1,-0.0974692986808501,0.212896022838724,1,1,0.168189613089718,0.217599098616772,1,1
"99",-0.21452990492067,0.211147711980363,15,1,1,-0.324169927010224,0.223511194558956,1,1,-0.317237381279265,0.206388842437825,1,1,-0.404112669509937,0.238548226821833,1,1,0.107770357069512,0.237203049634339,1,1
"100",0.272019503574315,0.237380829825314,7,1,1,0.543727301851537,0.335358179775188,1,1,0.591791262394403,0.32951818071909,0,1,0.371880960084811,0.255543815419134,1,0,0.485582781100923,0.264456869370078,1,1
