"","V1","V2","V3","V4","V5","V6","V7","V8","V9","V10","V11","V12","V13","V14","V15","V16","V17","V18","V19","V20","V21"
"1",-0.0671125905329954,0.243967839455446,3,1,1,-0.115918203336492,0.185446320094276,1,1,-0.103010589453291,0.1835848957673,1,1,-0.137293315645565,0.242490435780871,1,1,-0.159203073829451,0.226681255804017,1,1
"2",0.0998774742635308,0.242074253801515,7,1,1,0.11156539462328,0.218839954851262,1,1,0.110677892564339,0.233095576976596,1,1,0.338316994837152,0.272072631229233,1,1,0.111139887604684,0.247174950802562,1,1
"3",0.168303590396923,0.190209131291415,9,1,1,0.0476580839321063,0.191130280127051,1,1,0.0523638442342511,0.202553438248976,1,1,0.232064503645877,0.21051507496298,1,1,0.159574811494846,0.23931118075679,1,1
"4",-0.268658527291691,0.196340587795996,11,1,1,-0.429714887512367,0.252252365465436,1,1,-0.325303211395136,0.213115618097895,1,1,-0.34489908791695,0.237940852594567,1,1,-0.336422722379227,0.203952792077885,1,1
"5",0.417896025278985,0.25421506102797,19,1,1,0.210628888455166,0.274816650859768,1,1,0.286465519937703,0.257826704558138,1,1,0.516108407368255,0.330700096417541,1,1,0.309763739687567,0.251783641062706,1,1
"6",0.0804975796049086,0.17438967758871,17,1,1,0.0645218832678211,0.199684186008756,1,1,0.0450693953358507,0.215865900694888,1,1,0.135477322014861,0.250005695818392,1,1,0.00188369217086027,0.238753556688121,1,1
"7",0.0658666126650376,0.233815180752566,13,1,1,-0.131621971524918,0.315870627997746,1,1,-0.00866258528551664,0.225851157752758,1,1,0.386573080636412,0.261037665404416,1,1,0.145697993363207,0.249302389269617,1,1
"8",0.290428038478773,0.219589212255805,15,1,1,0.268762038904084,0.227486385503156,1,1,0.319591271750194,0.221816154559042,1,1,0.317187832886194,0.250049746538928,1,1,0.363003757309971,0.277998749912386,1,1
"9",-0.086957013167756,0.221465120856487,7,1,1,-0.128649491692146,0.222052108661355,1,1,-0.0874212490365783,0.197400262305145,1,1,-0.0584377399760238,0.25132616129163,1,1,-0.129281828312683,0.229436397320448,1,1
"10",-0.0275724778391798,0.248983432738091,5,1,1,-0.00346864821985796,0.215337735701526,1,1,-0.0256378399112464,0.192931047186129,1,1,-0.0113489865731951,0.231335297219195,1,1,0.00190345481880247,0.235986106742565,1,1
"11",-0.00253501495542814,0.215839339835614,13,1,1,0.0432844570133371,0.220670584161163,1,1,0.0534321400212666,0.173988530266428,1,1,-0.155840447218931,0.225491479340389,1,1,0.0642341759351925,0.248561529788249,1,1
"12",-0.175389692972978,0.226121360691988,15,1,1,-0.246335477947386,0.24547847047639,1,1,-0.238715973246135,0.241500552115345,1,1,-0.213324633933194,0.291328712568612,1,1,-0.26269167824487,0.284431494832587,1,1
"13",-0.240275979326554,0.277177622605803,1,1,1,-0.312994107886448,0.225842192504462,1,1,-0.252612928009256,0.218979843897311,1,1,-0.263368573938212,0.276304785072288,1,1,-0.240275979326554,0.226071404024806,1,1
"14",0.365289167807575,0.27073749126274,1,1,1,0.11994629498841,0.261000621989056,1,1,0.0908166730739021,0.227770846590759,1,1,0.353293530286561,0.242095954932168,1,1,0.365289167807575,0.243994259596803,1,1
"15",-0.279116175166906,0.24096728461132,11,1,1,-0.334177395053521,0.229185581756948,1,1,-0.312623695405063,0.193604148616653,1,1,-0.212945286082216,0.27602108936926,1,1,-0.21041670499553,0.288059857883387,1,1
"16",0.307993665480561,0.219949850024818,11,1,1,0.332332221024116,0.212831445244301,1,1,0.318898351772518,0.201156151836157,1,1,0.406447698826039,0.254307565174307,1,1,0.237895489883375,0.259298634355999,1,1
"17",0.123181822171257,0.216889096000166,15,1,1,0.176599949285834,0.21077561985082,1,1,0.158193807275196,0.206340634618545,1,1,0.202166345777716,0.229782462849919,1,1,0.0527400827448703,0.243126075511264,1,1
"18",-0.377638218771778,0.243368304416132,7,1,1,-0.252446264404915,0.212412272485784,1,1,-0.281353669864224,0.231896697057662,1,1,-0.267207682466277,0.250468864148906,1,1,-0.305069015118414,0.255291462387296,1,1
"19",-0.248691863614365,0.229180538233103,15,1,1,-0.27275567898574,0.198832690146614,1,1,-0.304365515508248,0.202612400859791,1,1,-0.1206386269274,0.256996511628474,1,1,-0.202388890508623,0.250304593180842,1,1
"20",0.174734972580052,0.251970984845748,5,1,1,0.20721494265967,0.197517503801805,1,1,0.215630656416339,0.210693972886282,1,1,0.220758858079416,0.215983764518028,1,1,0.221909477497388,0.223857355279827,1,1
"21",0.0287884024760195,0.246605673609051,11,1,1,0.00176409607061261,0.192012562470277,1,1,-0.00106033187448754,0.230130183399259,1,1,-0.0495620261217663,0.238344280616074,1,1,-0.0419112663107186,0.247489192045903,1,1
"22",-0.0705588315435555,0.239444501616209,13,1,1,0.0297471502496393,0.215766259093865,1,1,0.0147752732487234,0.233230256726171,1,1,0.0843666266442318,0.266761586250567,1,1,0.0210623577990862,0.258544279204321,1,1
"23",-0.31948387912726,0.229375544799398,17,1,1,-0.296831592901871,0.222264556494953,1,1,-0.31299858774782,0.236603806109433,1,1,-0.408553321192958,0.262609085995296,1,1,-0.226635882414044,0.248268868911702,1,1
"24",0.013249092922239,0.237939868350167,17,1,1,-0.0978795489494508,0.218478376611482,1,1,-0.0785694120102683,0.227060183136399,1,1,0.240825436705143,0.254482196635154,1,1,-0.103574538287194,0.281099008568708,1,1
"25",-0.30967480521244,0.225881006399132,7,1,1,-0.259737292647927,0.24553859694183,1,1,-0.261270938440562,0.245796581684892,1,1,-0.580311733545836,0.286150220907403,1,1,-0.193981469973835,0.306759425610258,1,1
"26",0.186734503557783,0.240354547278797,13,1,1,0.226222259927199,0.201986035157253,1,1,0.211711610328084,0.197218225402539,1,1,0.553476481617707,0.245781755346177,1,1,0.177374976954097,0.223535248058985,1,1
"27",-0.289196455530198,0.236234791140422,9,1,1,-0.0194589619715131,0.228875594228362,1,1,-0.0837282491738757,0.213865046505848,1,1,-0.204931524308578,0.274230360436974,1,1,-0.117829935640446,0.262453994988828,1,1
"28",-0.0310517493339874,0.219655913611817,1,1,1,-0.117700188426465,0.244101611921751,1,1,-0.12627447708209,0.212001340556517,1,1,-0.067549204240354,0.196897663710697,1,1,-0.0310517493339874,0.232956677093126,1,1
"29",-0.225900942981033,0.212756985852797,13,1,1,-0.206748254860586,0.209376394769815,1,1,-0.261633096750158,0.194990397882543,1,1,-0.0275879375596998,0.28086324756345,1,1,-0.336493717721855,0.27288856550126,1,1
"30",-0.0693077114411188,0.238571258918599,17,1,1,-0.0252213956474686,0.225178505680929,1,1,-0.0300881091976944,0.225006620572892,1,1,-0.22270218657069,0.283029804206588,1,1,-0.056080277965331,0.287843021279999,1,1
"31",-0.215746398770354,0.215350485707959,13,1,1,-0.132645884055633,0.195971149477209,1,1,-0.155195710172413,0.215517433876499,1,1,-0.031068879874922,0.27952150684868,1,1,-0.136783678967094,0.245025027163534,1,1
"32",-0.107403522087317,0.237353845849828,1,1,1,-0.314916646218927,0.288529729870674,1,1,-0.176899428086815,0.197527561648829,1,1,-0.112271839470822,0.257976516137759,1,1,-0.107403522087317,0.269957663217059,1,1
"33",-0.0565188254597865,0.228210837010761,11,1,1,-0.219564335443382,0.259385204573795,1,1,-0.169946227908271,0.19641673548244,1,1,-0.0649303423048429,0.277064769550076,1,1,-0.06796271593458,0.277700543997382,1,1
"34",0.207180943105666,0.227234111080207,17,1,1,-0.0311590626214178,0.25015718641357,1,1,-0.0320043371560879,0.246034465129718,1,1,-0.139231231843628,0.299312196407936,1,1,0.0655304246030428,0.264258275727927,1,1
"35",-0.0349861223819032,0.246802928350526,17,1,1,-0.050201857805935,0.255634809240638,1,1,0.0417930527438915,0.317288395804561,1,1,-0.0511710151643158,0.217927245933256,1,1,-0.0428092675613491,0.239300585426357,1,1
"36",-0.228670248113467,0.211173548528747,11,1,1,-0.205257957791389,0.172596614164535,1,1,-0.209464991255279,0.175878024362468,1,1,-0.158494013293257,0.210789711441601,1,1,-0.269135944454544,0.224611583946047,1,1
"37",0.218588254324646,0.268363785468644,13,1,1,0.0321057303289911,0.321702982906325,1,1,0.0923035446457859,0.311022210567715,1,1,0.344847939354717,0.272785045956297,1,1,0.148611891529721,0.271096695511801,1,1
"38",-0.243172423111857,0.206026683115553,11,1,1,-0.231538768238292,0.214030700247395,1,1,-0.26123404171351,0.194266012005394,1,1,-0.419466876354511,0.265435934136505,1,1,-0.262378499334288,0.284606382274005,1,1
"39",-0.00012447287918436,0.27097628390549,7,1,1,-0.142267036166943,0.221695610120924,1,1,-0.0971563883539177,0.240844524357835,1,1,-0.189730645531602,0.294011612319714,1,1,-0.0861542204526347,0.292491806126599,1,1
"40",0.323324229538817,0.226453115860224,15,1,1,0.317659343325283,0.197324273090173,1,1,0.323124026560764,0.202486449195743,1,1,0.148933465966776,0.252355148845952,1,1,0.341225688568616,0.259279520370375,1,1
"41",-0.449332014768614,0.185246625201683,17,0,0,-0.663640699927228,0.204270379774148,0,0,-0.608391395192545,0.205845544293375,0,0,-0.676899831784769,0.240897446337983,0,0,-0.334221878838036,0.182699586308563,0,1
"42",-0.0163538335757194,0.232728143539891,15,1,1,-0.0322674309018352,0.241644351386104,1,1,0.0144719446271421,0.203332097301109,1,1,0.0203716405355544,0.263153467196337,1,1,-0.00549924892181004,0.296668821312864,1,1
"43",0.0716582456454635,0.232890462767994,13,1,1,0.132703661516664,0.174843946760875,1,1,0.12534846170366,0.203644137260216,1,1,-0.0539655287004423,0.293062855931311,1,1,0.189389881894944,0.276417972956765,1,1
"44",-0.126735736788607,0.219681569514263,15,1,1,-0.190555826747036,0.214122934144104,1,1,-0.19261001816891,0.197952825591647,1,1,-0.144960095110701,0.253212747654108,1,1,-0.130805494226586,0.194802856690077,1,1
"45",0.235322944987883,0.242899568323665,19,1,1,0.317683150305444,0.244867151951485,1,1,0.27545847888372,0.229466709377116,1,1,0.385276876280452,0.280475580332823,1,1,0.23051604234464,0.326770610611287,1,1
"46",-0.156887837937559,0.233163369909703,19,1,1,-0.135636678011135,0.206154036664307,1,1,-0.114860190111896,0.212058466466338,1,1,-0.219245895872929,0.255943605245389,1,1,-0.0572881225497152,0.246642739658563,1,1
"47",0.0713583263229525,0.274954232373087,19,1,1,0.0657370581494667,0.235978713488041,1,1,-0.000795721599131078,0.251590646128815,1,1,-0.020484535677919,0.272964151167908,1,1,0.0576121651658046,0.272687657489536,1,1
"48",0.184315941509389,0.211217537673285,15,1,1,-0.174826441932787,0.346822528897019,1,1,-0.12625997347361,0.25042648619761,1,1,0.267116451163174,0.270775227224855,1,1,0.173463194382435,0.24437478317324,1,1
"49",0.0306141029728374,0.227564054155879,15,1,1,0.111828286336791,0.225571289846933,1,1,0.0979708738011348,0.199123902724736,1,1,0.189966218048647,0.222718130974881,1,1,0.0914213430510272,0.200882174800475,1,1
"50",-0.0774507542198532,0.265677894940248,15,1,1,-0.0454839846579051,0.20572381336725,1,1,-0.0724819789113398,0.22732585108179,1,1,0.0711140656268342,0.25098835887293,1,1,-0.0644459008896192,0.243671785123902,1,1
"51",0.241828459229718,0.214397618241495,13,1,1,0.418253398538343,0.239154434792206,1,1,0.397566356242449,0.20793684915293,0,1,0.356646613028462,0.257070129537563,1,1,0.24733592977396,0.227808621039348,1,1
"52",0.122049859736473,0.193447544714793,19,1,1,0.0181173162335869,0.22116105627946,1,1,0.0752605828276256,0.222506758621919,1,1,0.217235130018996,0.286875539804676,1,1,0.0680242153656619,0.255413080705299,1,1
"53",-0.314946018825338,0.232830867780923,19,1,1,-0.23564039257804,0.197887893890796,1,1,-0.243131117171798,0.203911561703076,1,1,-0.240170111220558,0.219695809534477,1,1,-0.150615152676191,0.220762406528964,1,1
"54",-0.268364414177846,0.203547168079317,15,1,1,-0.20801460253413,0.215270452383245,1,1,-0.250666771379242,0.224346405013931,1,1,-0.219044048091371,0.249779526725568,1,1,-0.14941186022545,0.211358393629066,1,1
"55",-0.10841895802526,0.220573314733604,5,1,1,-0.0632606817715377,0.205396689238419,1,1,-0.051024486919516,0.211196116327857,1,1,-0.0504455081393544,0.25152879999378,1,1,-0.0628891914815996,0.234724171060132,1,1
"56",0.0131638539908439,0.235318275054395,17,1,1,0.0860859602010419,0.197345439443433,1,1,0.0921827170885908,0.206077822676851,1,1,0.0114967928069374,0.221629909933382,1,1,0.177470172079853,0.202797113449909,1,1
"57",-0.121902651052223,0.251579992780543,17,1,1,-0.159032333287675,0.315487632939943,1,1,-0.133653532034375,0.279775802006366,1,1,-0.221234413512191,0.343872156068703,1,1,-0.127287731688532,0.335970041748485,1,1
"58",0.318599414611577,0.22688244297498,17,1,1,0.321180329314048,0.204047554560448,1,1,0.319302342450549,0.203561241005132,1,1,0.364008372559023,0.237738625140862,1,1,0.215077123658825,0.252253213064777,1,1
"59",-0.125944814708792,0.236520200597784,13,1,1,-0.168393439610089,0.205936366163431,1,1,-0.163886089537866,0.209564865812599,1,1,-0.293663406255887,0.262456194782773,1,1,-0.236096947125683,0.241119163736947,1,1
"60",0.289597443525648,0.231820007543726,7,1,1,0.226296251714294,0.236970078455622,1,1,0.255977601257466,0.233657415111637,1,1,0.386031661385888,0.242110814144123,1,1,0.296754558044539,0.255523881784475,1,1
"61",-0.060043727581956,0.204195985179927,9,1,1,-0.124390010439233,0.228744309547085,1,1,-0.0938907093807488,0.212640628847206,1,1,-0.0278066818851274,0.232538017513208,1,1,-0.107150026959435,0.237421831103653,1,1
"62",0.325696747547807,0.251721111586499,5,1,1,0.274689302263595,0.189733941207433,1,1,0.248109033607775,0.213739506304097,1,1,0.230923558830724,0.272245410886507,1,1,0.188572115309259,0.278887055862351,1,1
"63",-0.187515402294548,0.224923373115381,9,1,1,-0.160554893631209,0.225618660066789,1,1,-0.139713508552947,0.213774037125588,1,1,-0.0509287567838955,0.223610414204504,1,1,-0.159213262439656,0.236827778095708,1,1
"64",0.157827443733558,0.249016343062813,9,1,1,0.0586407706799543,0.249478866926719,1,1,0.0434970450798197,0.234156849431453,1,1,0.220703445026978,0.238361318794084,1,1,0.144837495282519,0.290950323929941,1,1
"65",-0.199047453032838,0.240385713766422,15,1,1,-0.235693380904351,0.188968042816837,1,1,-0.219172714069257,0.212993043902006,1,1,-0.277667795027141,0.276566249934766,1,1,-0.168763012345919,0.211545686807567,1,1
"66",0.198129382327035,0.220103199961282,13,1,1,0.27001639806388,0.202548075595273,1,1,0.248373351231397,0.203656431976936,1,1,0.487319129110164,0.307622812368006,1,1,0.225638931160545,0.362097331946616,1,1
"67",-0.186289419832033,0.262608884740109,9,1,1,-0.230295289979722,0.217725418126469,1,1,-0.220299443175241,0.216593745290922,1,1,-0.0514733253456542,0.23947987946041,1,1,-0.0917089710276755,0.242856270166149,1,1
"68",0.413084590730697,0.206224893503572,7,0,0,0.38965073211422,0.203851306167789,1,1,0.376202269067459,0.195546257748784,0,1,0.392534769411363,0.254304848872417,1,1,0.408833548831692,0.24317969084469,1,1
"69",-0.117081130846914,0.236888602200055,9,1,1,-0.335461396565201,0.290896868341489,1,1,-0.2856199593444,0.23489748247301,1,1,-0.250633279131311,0.233614444949212,1,1,-0.219970447265789,0.250024489138878,1,1
"70",-0.286773079281826,0.231473411531086,19,1,1,-0.440833041775127,0.234740228124493,0,1,-0.413073323044652,0.238972484371059,0,1,-0.238952086209627,0.252909255125849,1,1,-0.216751479764384,0.243567471112709,1,1
"71",0.250571676582141,0.238009594777343,17,1,1,0.224080530353795,0.239469360726957,1,1,0.162634902000999,0.190522325736787,1,1,0.175126324509934,0.288015721142681,1,1,0.0909266758306955,0.266012924574882,1,1
"72",-0.0791583708171571,0.235463931977252,15,1,1,-0.229186557960037,0.224679263270514,1,1,-0.146354569062063,0.234973893773313,1,1,-0.208172103674683,0.239153401197192,1,1,-0.133136148873891,0.241328041428378,1,1
"73",0.166265066291426,0.239123500411138,13,1,1,0.249370727639722,0.203047920347443,1,1,0.24879062597712,0.2005362546254,1,1,0.388308534285065,0.254107562702084,1,1,0.155213576162897,0.255029565198013,1,1
"74",0.0708890003611475,0.245459622427563,9,1,1,0.0350561574453781,0.233298091487483,1,1,0.0580038391565499,0.234575264274496,1,1,0.0603743454768604,0.234893112038282,1,1,-0.0189702299365071,0.254739442035496,1,1
"75",0.315760285952615,0.235530440415127,13,1,1,0.241438477790079,0.251845947845766,1,1,0.224662974339629,0.21995085580899,1,1,0.269712685989577,0.234060158283509,1,1,0.298109518709518,0.273636892834044,1,1
"76",-0.271498191266203,0.245936555717113,11,1,1,-0.301595971666435,0.269145873074096,1,1,-0.26226848871285,0.245444284363724,1,1,-0.153067232903209,0.28910133809513,1,1,-0.236013512717554,0.244823155679779,1,1
"77",-0.0647987941429055,0.262081575956086,9,1,1,-0.0973744989324475,0.228202494692251,1,1,-0.0810151630604892,0.24060155414083,1,1,-0.0116274661803628,0.26920431226742,1,1,-0.0892172473439601,0.249768163627069,1,1
"78",-0.311684458845976,0.248517378313184,9,1,1,-0.262533329486875,0.224087215896464,1,1,-0.285541720670165,0.209703322699289,1,1,-0.503057662080218,0.248422868096015,1,1,-0.283855572900107,0.229574894000841,1,1
"79",0.0269184789476983,0.220820862694211,13,1,1,-0.0483093281468824,0.219566564151859,1,1,-0.0213111935189259,0.165543568705273,1,1,0.18405145206649,0.218958707858002,1,1,0.0809626385847269,0.216523971639382,1,1
"80",-0.665309246832596,0.237008976992402,11,0,0,-0.705979642863166,0.259467111628711,0,0,-0.549239697501948,0.213083036028774,0,0,-0.602343379060093,0.267715610909936,1,0,-0.597278251097402,0.25672290455735,0,0
"81",-0.00202786339150754,0.24815268423001,9,1,1,0.0878989142201575,0.213559225611953,1,1,0.0450328506114635,0.241367260548801,1,1,0.000333538437764694,0.24301962234425,1,1,-0.0863795761281547,0.298868061510394,1,1
"82",-0.0597369327844052,0.276761587370627,1,1,1,-0.0304417845257994,0.242931928530447,1,1,-0.0383768086211101,0.30249202098142,1,1,-0.0390527692521111,0.281698753631141,1,1,-0.0597369327844052,0.333889912804921,1,1
"83",-0.186783070511046,0.215295872636598,11,1,1,-0.175360901373066,0.216648059883617,1,1,-0.163540043049533,0.19693337335368,1,1,-0.0434282690240258,0.289384052726574,1,1,-0.171222834708593,0.289972782199797,1,1
"84",0.185929679820133,0.260913663113093,11,1,1,0.242238088772202,0.253824470818488,1,1,0.235318317007193,0.281732484867431,1,1,0.362015283841816,0.284463709852437,1,1,0.189835058663628,0.253666058446895,1,1
"85",-0.0299081493952599,0.20427996010151,11,1,1,-0.236277478610468,0.227640477863607,1,1,-0.21794934716256,0.203275733144897,1,1,-0.162944147676865,0.270180401302903,1,1,-0.119518146915604,0.234635966841322,1,1
"86",0.174862269817807,0.233381424401411,19,1,1,0.094084469956207,0.209228345493932,1,1,0.0853285506982529,0.193537872613668,1,1,0.132273456505018,0.258475885290972,1,1,0.126377221914538,0.247098546291929,1,1
"87",0.261969988370284,0.229456755426353,5,1,1,0.325083087544803,0.213302537598174,1,1,0.295550573889862,0.208788832541385,1,1,0.253660538650316,0.247674667867122,1,1,0.22746270205516,0.275105219276598,1,1
"88",-0.241864486067227,0.224068392413113,9,1,1,-0.255676894861459,0.233982742275763,1,1,-0.205732759884115,0.195522274354812,1,1,-0.181222111661089,0.270523726095085,1,1,-0.218353863529698,0.276002683076589,1,1
"89",-0.0548751250659712,0.250921473685301,17,1,1,-0.227290517231693,0.207106770232987,1,1,-0.223414289207291,0.246338569440745,1,1,-0.34137170885825,0.293776728040301,1,1,-0.0888226661241959,0.293432943433519,1,1
"90",0.292873963092917,0.217027838270067,9,1,1,0.18601159892511,0.232117604632933,1,1,0.199427415531655,0.253606304116805,1,1,0.150923640122658,0.229634930619189,1,1,0.298065496038847,0.254839609401703,1,1
"91",-0.0368807481823041,0.25635045608009,1,1,1,-0.0828939596415757,0.22929995674359,1,1,-0.133914183840028,0.210024027905909,1,1,-0.0215480395143957,0.24836231300898,1,1,-0.0368807481823041,0.235087346475157,1,1
"92",0.144233846115516,0.22250000709145,9,1,1,0.0768560106178834,0.235554369574979,1,1,0.0862194145051189,0.220675003880503,1,1,-0.0299418823578079,0.277822880486835,1,1,0.185519790458959,0.249529820861888,1,1
"93",-0.476674748842054,0.271837267773857,9,0,1,-0.449887255825686,0.222339529445895,0,0,-0.475728283918714,0.248629430031563,0,1,-0.516786613356854,0.292074646577341,0,1,-0.356983130247065,0.317920558622653,1,1
"94",0.0175957309524812,0.214189891850106,11,1,1,0.00883434922320864,0.193448993271142,1,1,0.00335440285692238,0.19492661278833,1,1,-0.239406314182905,0.246380310188692,1,1,-0.0309184754187172,0.209509641176975,1,1
"95",0.123865534730924,0.22836151860292,19,1,1,0.129394095246448,0.204229425281413,1,1,0.173620138234544,0.215381643284694,1,1,0.287215308520245,0.252375893812607,1,1,0.0917110968785124,0.233996478939631,1,1
"96",-0.0613378358448593,0.229355920184793,15,1,1,-0.045286096076725,0.182479728010376,1,1,-0.0785900723777373,0.20876092918179,1,1,-0.152392155021136,0.259712458463273,1,1,-0.116401514627765,0.235809922768905,1,1
"97",-0.0412543645086808,0.25544781162576,13,1,1,0.00331586179228151,0.196245908699404,1,1,-0.0196280506796548,0.209597924054978,1,1,0.0202177432039065,0.276997707645073,1,1,0.0374195126601487,0.259859822612147,1,1
"98",0.0505699206934632,0.225002060102373,11,1,1,-0.331108907042136,0.313980101693611,1,1,-0.258825278742442,0.268913318653503,1,1,0.092354146736291,0.233071948283761,1,1,0.0583159870097072,0.236691012334355,1,1
"99",-0.0667420805245888,0.241608217048917,13,1,1,-0.049473161236466,0.212247102345044,1,1,-0.0735900688660777,0.186168610854017,1,1,-0.325889033461829,0.255077149817115,1,1,-0.139635055002732,0.248539654728693,1,1
"100",-0.1514021331635,0.184537247113658,11,1,1,-0.120376112742803,0.236656029967739,1,1,-0.145566720705838,0.22111026376271,1,1,-0.01421110510159,0.280383567811079,1,1,-0.153302873335109,0.21996100061698,1,1
