"","V1","V2","V3","V4","V5","V6","V7","V8","V9","V10","V11","V12","V13","V14","V15","V16","V17","V18","V19","V20","V21"
"1",0.425402269226378,0.226203981453088,11,1,1,0.581965214331438,0.186696115174006,0,0,0.407924403014008,0.222063464915466,1,1,0.573346667027359,0.192748408755089,0,0,0.396375650743321,0.234446370222404,1,1
"2",0.0580316076810428,0.190295773591938,9,1,1,0.325351406880103,0.179335503362324,1,1,0.0753163623433116,0.199901807384373,1,1,0.144330674454499,0.233905535998181,1,1,0.0901695868986951,0.25517685569243,1,1
"3",-0.00779750465463046,0.234449326156486,5,1,1,0.267057653749091,0.204494977395704,1,1,-0.0660417603096724,0.228027827301783,1,1,0.327446513042507,0.254718411483063,1,1,-0.0410299130729566,0.241081860015191,1,1
"4",-0.0347768845743295,0.216186199227316,17,1,1,0.183413529727236,0.18793190081962,1,1,-0.0627151861520312,0.200004547362328,1,1,-0.108058120399732,0.230350351146617,1,1,-0.0780457153796499,0.246803842026256,1,1
"5",-0.0785343261595846,0.222179058460638,17,1,1,0.284330087324072,0.208226152624204,1,1,-0.0539743529179955,0.210024872549247,1,1,0.431566994269448,0.229914460556239,1,1,-0.122009619430786,0.260318498485822,1,1
"6",-0.0190558836443141,0.232792258205953,5,1,1,0.357373420781268,0.207950532584192,1,1,0.0316266616257864,0.198171008680105,1,1,0.291310380861963,0.206429369190211,1,1,0.0120707811905327,0.226017895658587,1,1
"7",-0.179606769919202,0.207472153171923,15,1,1,0.163081440184603,0.208283740591448,1,1,-0.231044749715465,0.190316119207073,1,1,0.259713619661873,0.256902360774102,1,1,-0.204472125406362,0.250695465087249,1,1
"8",0.0560574819482574,0.224265685032455,5,1,1,0.282433457643138,0.179968417232818,1,1,-0.0227632213582149,0.1631486233412,1,1,0.37585834883334,0.215497476576463,1,1,-0.0213665102877615,0.177657578372941,1,1
"9",-0.0471481476104677,0.247184132594554,1,1,1,0.261684089845348,0.192699083967838,1,1,0.0105453008645446,0.226743501278776,1,1,0.171346111892759,0.227437721756505,1,1,-0.0471481476104677,0.248803729437431,1,1
"10",0.00538979526906851,0.201313585941617,9,1,1,0.179132244043479,0.182981807138468,1,1,-0.0498841904570889,0.182481038500554,1,1,0.386852169770822,0.214303552126317,1,1,-0.0430077240802001,0.245726152196925,1,1
"11",0.0181714778643243,0.252115713127317,3,1,1,0.251427208279162,0.210919710116557,1,1,-0.00365636124402599,0.250406301286959,1,1,0.259426059480438,0.235729915916226,1,1,-0.0459983703214205,0.276849737676342,1,1
"12",0.238154772039304,0.21191950802195,19,1,1,0.391594625445374,0.183605461029414,0,0,0.169468516514307,0.211619261822847,1,1,0.48258809522459,0.19006633364866,0,1,0.180694241492537,0.234033407840306,1,1
"13",0.09118967533201,0.205888779088002,9,1,1,0.208407600783006,0.226042809680339,1,1,0.0784912425352332,0.188306747748746,1,1,0.248300887838689,0.224396461170725,1,1,0.0575480607842072,0.212521188823382,1,1
"14",0.0853086120954803,0.212169910286323,19,1,1,0.411168469051812,0.222563727691607,1,1,0.126856306219015,0.192862809843123,1,1,0.340650774114873,0.243827043111729,1,1,0.155816051028563,0.2481015578637,1,1
"15",-0.127463570999488,0.207045160312871,7,1,1,0.218204136297742,0.185763595712207,1,1,-0.118929156912162,0.199740340471697,1,1,0.235151954258891,0.219950050085872,1,1,-0.142850484557998,0.219144639404281,1,1
"16",-0.197706690271171,0.234630887069078,11,1,1,0.0688120441326498,0.204522915668942,1,1,-0.24880618291697,0.212935186308205,1,1,0.20403733309167,0.235034150289122,1,1,-0.231651632801398,0.240978666072708,1,1
"17",0.0529820628998608,0.219031249360461,13,1,1,0.364907063552741,0.216711549035902,1,1,-0.00169971934110534,0.212486356669341,1,1,0.407701856670389,0.21667824041771,1,1,-0.0265809968944955,0.272116810949162,1,1
"18",-0.155054690433432,0.228869370515938,1,1,1,0.24128410352603,0.210467776989157,1,1,-0.123983682684831,0.21105890338123,1,1,0.240176662146235,0.235611261517186,1,1,-0.155054690433432,0.240798124399442,1,1
"19",0.122070437064723,0.217090983895628,9,1,1,0.353782347546923,0.207149913421944,1,1,0.0593573634681417,0.209323463481475,1,1,0.634756173285269,0.236438769277003,1,1,0.0985374751133523,0.227015265380338,1,1
"20",0.347978271016464,0.253828430012792,13,1,1,0.575281477784016,0.195342551585208,0,0,0.325801470982353,0.208335862633493,1,1,0.670376372195172,0.252904812829127,0,1,0.329642297173788,0.285645329259727,1,1
"21",0.216352967377243,0.232851645317681,9,1,1,0.412479877371213,0.201042663589126,0,0,0.202347252456339,0.230522518354135,1,1,0.427825772281205,0.23284245526238,0,1,0.185005789983962,0.21773879779627,1,1
"22",0.484264438856432,0.209239543153474,9,0,0,0.716247013186329,0.182845476749318,0,0,0.444286642788511,0.219136500556686,0,0,1.00868090284922,0.260798650238317,0,1,0.395943419790219,0.251624249318999,0,1
"23",0.255074599306018,0.240537039436659,9,1,1,0.503969256320807,0.211682669436577,0,0,0.246152041991122,0.220042504546239,1,1,0.527229915452151,0.21811579675799,0,1,0.284663944775931,0.265467079915406,1,1
"24",0.36082832445701,0.281621160591366,7,1,1,0.688001859896787,0.204272087544515,0,0,0.354602662058076,0.235548882730432,1,1,0.711228167211476,0.27572524838967,0,1,0.378927199890907,0.26784427028546,1,1
"25",0.393945670480315,0.228150127977204,17,0,1,0.655964466685697,0.219122339620673,0,0,0.444291357889495,0.230760628935705,1,1,0.745302946355895,0.222232163290865,0,0,0.431700030623311,0.232641653456329,1,1
"26",-0.180381563630747,0.219776942733073,11,1,1,0.154044260275863,0.194144287423148,1,1,-0.161259076471806,0.223544125985735,1,1,0.058838363778674,0.25152232345137,1,1,-0.17417412120212,0.269531257146243,1,1
"27",-0.113144113218282,0.233315599503856,5,1,1,0.443842368663341,0.184028032163346,0,0,0.0502291552215334,0.208346020309345,1,1,0.240267176023238,0.234322738915436,1,1,0.0217571553205834,0.272628830734577,1,1
"28",0.357265291138205,0.239966395421552,3,1,1,0.624959289025645,0.195017230919747,0,0,0.278674010068528,0.239133661684816,1,1,0.617602818234429,0.25494488900221,0,1,0.272961486641776,0.301010711902185,1,1
"29",0.114576590035737,0.263413875834952,9,1,1,0.378035342784919,0.190378578264428,1,0,0.0825621030841327,0.224001711133717,1,1,0.203415742624485,0.24311745205369,1,1,0.0910804765336285,0.239531438791578,1,1
"30",-0.260513540123266,0.224936553291102,11,1,1,0.0975849001467568,0.197800145981769,1,1,-0.25693577976601,0.221312637107419,1,1,0.137193536588501,0.234399989110046,1,1,-0.215503534197881,0.235963753943598,1,1
"31",-0.0848396289413788,0.232859839707405,13,1,1,0.273595729603946,0.211615665442194,1,1,-0.0253632721994396,0.203140602840975,1,1,0.45093969782017,0.255282252268158,1,1,0.0491183252215256,0.252232118200192,1,1
"32",-0.0128537933681962,0.210779043817706,15,1,1,0.308585231293279,0.215242453388062,1,1,0.050096445604805,0.199359234718533,1,1,0.443058865915942,0.241171154460098,1,1,0.0470695204879022,0.252871072278756,1,1
"33",-0.042200533558565,0.206243778569216,13,1,1,0.157377237889881,0.204945102142518,1,1,-0.116056041633115,0.20968792781289,1,1,0.145985648943768,0.22272889152896,1,1,-0.141951982219155,0.275339546146403,1,1
"34",0.253625542849341,0.221464830741376,5,1,1,0.432194342326335,0.180071431153623,0,0,0.178960821254185,0.239163541899406,1,1,0.349068458056015,0.217702248893314,1,1,0.110039570528571,0.213272975913104,1,1
"35",0.157402314582826,0.237945165743084,19,1,1,0.385816068693774,0.207087162662583,1,1,0.16631562575802,0.214621045617204,1,1,0.543657325735563,0.233465850788595,1,1,0.133101624588034,0.254154094883111,1,1
"36",0.229782193779627,0.210383271535448,17,1,1,0.525981800280881,0.186197464378515,0,0,0.227772955858457,0.230824253651457,1,1,0.5323290020479,0.227607881209627,0,1,0.265274143194576,0.240587382539639,1,1
"37",0.141060688356317,0.240349485713117,3,1,1,0.280306277543327,0.186817626637646,1,1,-0.0149407723750324,0.205800067382639,1,1,0.357085265225423,0.204661347531429,1,1,0.0227285055745221,0.223155128106298,1,1
"38",-0.0901189314820281,0.240163238237298,9,1,1,0.347453626020512,0.186271500815414,1,1,-0.0777416650672362,0.219104006198353,1,1,0.445837588439746,0.243355838614599,1,1,-0.044161813404147,0.264519966206943,1,1
"39",-0.40122719521674,0.226486104546794,9,0,1,-0.0466605663671437,0.176232509736865,1,1,-0.484757234109976,0.23087898080435,0,0,-0.0295466314705128,0.211155521636089,1,0,-0.49424805789111,0.245343380073024,1,0
"40",-0.12917788718882,0.236003359372184,19,1,1,0.326980079798985,0.202393024198147,1,1,-0.0883559210997618,0.221158246328796,1,1,0.497989187003459,0.26659734683671,1,1,-0.0989813975163863,0.263024035380464,1,1
"41",-0.248312854192178,0.242318287660408,1,1,1,0.0722274399024677,0.202301966751787,1,1,-0.12567663612048,0.230397748421318,1,1,-0.0658983428595676,0.245209301854487,1,1,-0.248312854192178,0.254510464882458,1,1
"42",-0.0807896103933455,0.246201029583155,15,1,1,0.360212058101459,0.202135708974212,1,1,0.0473320402982708,0.212321671249464,1,1,0.356925172191252,0.272857853083871,1,1,-0.0345717264275904,0.257753455367827,1,1
"43",0.281718083489533,0.229729749372248,15,1,1,0.594231501791548,0.199498922572119,0,0,0.344119912900384,0.215565985400635,1,1,0.436559620245929,0.237249916313093,0,1,0.33187131049899,0.282836612910953,1,1
"44",-0.252347182749275,0.237767045818153,17,1,1,0.0489062578987256,0.19791640106291,1,1,-0.236273776296018,0.21353541820219,1,1,-0.123745700201483,0.197895153881856,1,1,-0.322754032477437,0.228862901144629,1,1
"45",0.190446085698911,0.211079294891633,15,1,1,0.603066688041886,0.179287353866722,0,0,0.246251950775616,0.197377499823257,1,1,0.628448882559116,0.224859067860722,0,1,0.219942469647024,0.261385594443795,1,1
"46",-0.301145631218411,0.287128001536639,9,1,1,0.125766406439781,0.178628598448152,1,1,-0.305203742114297,0.204669055931332,1,1,0.138181406057406,0.256481527213381,1,1,-0.337428443438384,0.278029440857917,1,1
"47",0.0554898782194669,0.190306427680945,7,1,1,0.372420158637298,0.211976601032839,1,1,-0.00677681145248974,0.190305217836601,1,1,0.284925770543137,0.240189097803524,1,1,-0.045611292100269,0.23541284774167,1,1
"48",-0.305563291519005,0.205829131349106,13,1,1,0.0395444815709288,0.219265446124615,1,1,-0.24692741807029,0.21717954530571,1,1,0.0152119898355431,0.242499811118561,1,1,-0.2910115015691,0.235323261262974,1,1
"49",-0.0983199636439641,0.187364493666247,17,1,1,0.184388324974514,0.172722742181825,1,1,-0.119462890902218,0.208314197598957,1,1,0.123391788620969,0.256127898882019,1,1,-0.0899677064927109,0.23789773492661,1,1
"50",-0.105041782082764,0.203959190777454,19,1,1,0.414444135230445,0.193190741305512,0,0,0.00891621767512899,0.213462016422492,1,1,0.238015232098497,0.244032015105767,1,1,-0.116861230284053,0.233735399451408,1,1
"51",0.103711717679226,0.205199527392079,19,1,1,0.276789686177915,0.177921623712073,1,1,0.0728869349225424,0.206021749396839,1,1,0.14508477403363,0.23991675718308,1,1,0.10420611610638,0.229953563250414,1,1
"52",0.189972872158105,0.215895474581514,11,1,1,0.404901033788945,0.19036961620884,1,0,0.182864715691799,0.21293502411845,1,1,0.365418440104535,0.242140609740774,1,1,0.172364162616238,0.227575730943256,1,1
"53",-0.106622058202525,0.212961001939153,17,1,1,0.19811368236043,0.202371195303063,1,1,-0.119361366130249,0.239346599053061,1,1,0.076456223318377,0.253471573169929,1,1,-0.0737661830829367,0.237468824325019,1,1
"54",-0.0682474479751204,0.216208984513112,5,1,1,0.198238024457412,0.206616229150315,1,1,-0.149927664434899,0.185150376033558,1,1,0.0734310449058691,0.245315043965821,1,1,-0.1745714139552,0.247379803892355,1,1
"55",0.129283767863561,0.204998064220367,17,1,1,0.463600687785249,0.235765777139751,1,0,0.141399965499714,0.188564365282308,1,1,0.747320136095271,0.235004602924451,0,1,0.166202714479113,0.244467778626421,1,1
"56",-0.101951276733033,0.192903993797293,13,1,1,0.140200409968177,0.178229921900904,1,1,-0.121707712561041,0.184385892547851,1,1,0.362175311266255,0.233129861489494,1,1,-0.064169026450879,0.259171888280355,1,1
"57",0.0481147571359165,0.195573167341877,19,1,1,0.290150167344499,0.190734802916935,1,1,0.084508721413897,0.192876965652213,1,1,0.137424101066866,0.243137730014531,1,1,0.117839281261607,0.221021775218935,1,1
"58",-0.597607681596859,0.227215047842651,15,0,0,-0.0337238470448905,0.226338535857361,1,1,-0.627183921501895,0.227114424650665,0,0,0.0400008441673485,0.254676660680403,1,0,-0.580543546130382,0.255062073293348,0,0
"59",0.104234959053248,0.240194886806435,17,1,1,0.415599934111592,0.223973640439623,1,1,0.0622781525316368,0.228467245981344,1,1,0.440488690327279,0.213419165141844,0,1,0.0773762141863121,0.2597578632814,1,1
"60",0.10620538282056,0.215727236577076,15,1,1,0.454577459058892,0.198157225227034,0,0,0.0960268826937748,0.210595596626944,1,1,0.503282236809137,0.24552301324431,1,1,0.05965568887993,0.224774878130613,1,1
"61",0.0297163650910279,0.240331191509116,7,1,1,0.529904388152026,0.214261837224155,0,0,0.0836497296501347,0.210701890003848,1,1,0.618585433251647,0.201638260791901,0,1,0.0813810403469764,0.208877581742133,1,1
"62",0.0354093457675881,0.260294252885821,11,1,1,0.326018388737874,0.206167126734217,1,1,0.0824503528287976,0.213401790530568,1,1,0.203657480027601,0.238590789020816,1,1,0.117944462463088,0.2643956939194,1,1
"63",0.076092635092879,0.251121416422138,3,1,1,0.337069633238407,0.197163669848041,0,1,-0.0196494657517601,0.196278646170184,1,1,0.577676445485161,0.225210299055051,1,1,0.0608805227492296,0.237595682297227,1,1
"64",0.186152582284938,0.225767487526361,15,1,1,0.395727295908313,0.219433567168838,1,1,0.174534355451277,0.208328197841307,1,1,0.548604740771958,0.210097392583508,0,1,0.118044889906422,0.27480621096991,1,1
"65",0.337362151789519,0.233863014576549,5,1,1,0.592755648135372,0.19623449453938,0,0,0.322762910016342,0.235663266098615,1,1,0.566788000803433,0.238192470727391,0,1,0.261035353814921,0.238933893700303,1,1
"66",0.136591552027197,0.244668722898883,11,1,1,0.54435942196866,0.168095610147545,0,0,0.191061518481991,0.194818510771628,1,1,0.692657433832868,0.216394015605938,0,1,0.152222133720696,0.259461592496836,1,1
"67",-0.581904023071196,0.205929975568684,11,0,0,-0.232644868686341,0.202318866458209,1,1,-0.545732961606778,0.197902405935685,0,0,-0.280130334409927,0.226086075200701,1,0,-0.569368200914047,0.209034059245671,0,0
"68",0.154164168558088,0.23118647435261,19,1,1,0.505935945710152,0.200304595257874,0,0,0.165673665263545,0.229408982591415,1,1,0.484301858335424,0.219798972439148,0,1,0.129442875459655,0.239553667284768,1,1
"69",-0.0414144906297936,0.240045731846471,11,1,1,0.320320778183978,0.204387190334218,1,1,-0.0756879566684432,0.203331743519548,1,1,0.241353704212459,0.254967578693804,1,1,-0.0582360842446523,0.243961824841564,1,1
"70",-0.27863861112105,0.261035412587533,7,1,1,0.175752835548693,0.206143164896645,1,1,-0.233705741703119,0.214008808571706,1,1,0.26861380750096,0.260511598858692,1,1,-0.282863449996728,0.231670783411215,1,1
"71",-0.294038077653226,0.237606664724579,9,1,1,0.117294295391988,0.191219763177771,1,1,-0.280336095682126,0.177455179175355,1,1,0.0587997937707096,0.216886652979637,1,1,-0.272476403234971,0.223052552324265,1,1
"72",0.105017264901332,0.183630608856479,17,1,1,0.369637990373587,0.192066925456331,0,1,0.0922883427560006,0.200746810706761,1,1,0.33860093532486,0.252075517753292,1,1,0.080287059260847,0.224425736172739,1,1
"73",-0.374882420942405,0.257714988680676,7,1,1,-0.105521515424086,0.225822059030142,1,1,-0.361789940477264,0.217190790940343,1,1,-0.116199551467098,0.258524404579341,1,1,-0.273383638429728,0.279633815469867,1,1
"74",0.579512712562444,0.215773939977488,17,0,0,0.719929054444216,0.222669769776712,0,0,0.613545639326689,0.183210362248651,0,0,0.592643588278414,0.224097616034648,0,0,0.559542975684443,0.253554631736832,0,0
"75",-0.221752656976905,0.252428711108144,9,1,1,0.176073813625246,0.200218675550348,1,1,-0.182295869766246,0.233589523480419,1,1,0.222077816597024,0.284310105641315,1,1,-0.186440212120945,0.271379755821764,1,1
"76",-0.0951225500064488,0.23901921085474,11,1,1,0.351013747436009,0.232901871409475,1,1,-0.0547321252973585,0.233228341658227,1,1,0.123921544334834,0.259066858800663,1,1,-0.0951473509028529,0.251759481083098,1,1
"77",-0.304937123574198,0.204124548812041,13,1,1,0.116012867417558,0.205339992603993,1,1,-0.243825391122988,0.215811382622405,1,1,0.209285456365473,0.241920321773911,1,1,-0.190989317602758,0.265887828600369,1,1
"78",-0.0875149774190555,0.23986449223398,17,1,1,0.252989569204692,0.203429797467882,1,1,-0.0834518822129507,0.199393695498348,1,1,0.24236205711404,0.254953406938316,1,1,-0.0396207942807159,0.273649461073692,1,1
"79",-0.108317858077175,0.196733894891216,15,1,1,0.238493677027983,0.172419289747579,1,1,-0.0908136702324844,0.209041560079369,1,1,0.256693203837213,0.228015963445891,1,1,-0.0900103268060663,0.240668142148877,1,1
"80",-0.275923531216892,0.224390521181944,7,1,1,0.0573584284672326,0.204325351446821,1,1,-0.27931135915839,0.1933242239275,1,1,-0.0201729124313927,0.232584551961657,1,1,-0.228943110358328,0.240269128511089,1,1
"81",0.209974046404905,0.254221084164197,1,1,1,0.4779928886571,0.170830588081007,0,0,0.161152309607714,0.212724761498063,1,1,0.48876476763118,0.220634803016042,0,1,0.209974046404905,0.259047511335928,1,1
"82",0.147044420535817,0.24057698860097,9,1,1,0.324226204784998,0.222266339734302,1,1,0.0722505902193984,0.241278072550466,1,1,0.548439264602955,0.261373900436549,1,1,0.185464593792084,0.268616371866367,1,1
"83",-0.135101386534646,0.194866042197315,19,1,1,0.187704992934296,0.212362653176527,1,1,-0.0974807446914969,0.215379484546247,1,1,0.117406181796521,0.237644908571066,1,1,-0.050695958942954,0.229336496232646,1,1
"84",0.161394184904276,0.244440011615389,11,1,1,0.467781474889571,0.216358939717465,0,0,0.129958912785699,0.197536479181313,1,1,0.373068506580339,0.210043572733501,0,1,0.0497861096321545,0.238885568268686,1,1
"85",-0.222635426804045,0.224402806088458,15,1,1,0.131906132155458,0.167675906839486,1,1,-0.113367376932475,0.209236892809781,1,1,0.0953447066803643,0.220000888254805,1,1,-0.136029910274486,0.216984321469328,1,1
"86",-0.319904257156006,0.183641617729897,15,1,1,-0.0341699105970154,0.196962749935844,1,1,-0.313138171902414,0.180910349716901,0,1,0.00137667840979975,0.237988524209965,1,1,-0.306694758452321,0.210031620868329,1,1
"87",-0.00845398249100758,0.232637377986735,19,1,1,0.500128397280151,0.215285273402004,0,0,0.0509101175499164,0.20813245203771,1,1,0.563827522786983,0.243170474471045,0,1,0.0268054378777088,0.267053859108105,1,1
"88",0.208826631248335,0.267408604577165,1,1,1,0.413056496668452,0.206753982528787,0,0,0.150907078622445,0.186321833239673,1,1,0.475386210409101,0.219342425090081,1,1,0.208826631248335,0.225264591524947,1,1
"89",0.0194197657814202,0.193931832355357,9,1,1,0.316000156638018,0.177037488513419,1,1,0.0212503846444907,0.184183555005983,1,1,0.0339802991125951,0.226206187866738,1,1,-0.0513797388038589,0.258840446893525,1,1
"90",0.406291147229394,0.198566843037067,17,0,0,0.673397758389715,0.20485750298702,0,0,0.379890722350046,0.207171843892917,0,1,0.711804386375493,0.205544741170472,0,1,0.381064632771247,0.225166915756367,1,1
"91",0.565873541478899,0.275660953616189,3,1,0,0.806666170952211,0.195622854846086,0,0,0.492444340992161,0.205510502618323,0,0,1.00149541812659,0.257065976432819,0,1,0.550654863196047,0.212669770503838,0,0
"92",0.194116833763046,0.222031463990484,1,1,1,0.569696304045697,0.199944306911979,0,0,0.231052485796132,0.220383803603554,1,1,0.55149233719984,0.224720032779451,0,1,0.194116833763046,0.252234467524518,1,1
"93",0.306774163959113,0.184503873803169,15,1,1,0.684861198106885,0.19055912392097,0,0,0.303460232528688,0.186344650149123,1,1,0.768793792218066,0.237727715469328,0,1,0.256514763249898,0.231604201344485,1,1
"94",0.591019604310814,0.23917863483753,3,1,0,0.689275329637068,0.220082475080233,0,0,0.47013536174549,0.229678671633512,0,0,0.846151325634883,0.230443393889207,0,0,0.493540086947633,0.262116523259483,0,1
"95",-0.251983026540368,0.214585583454243,15,1,1,0.0571122147004149,0.19738976006807,1,1,-0.238318394002226,0.207605831612649,1,1,-0.0109097979240705,0.238739393419224,1,1,-0.237052140989343,0.218879706774899,1,1
"96",0.0758316502748876,0.17928037169169,19,1,1,0.454200543429739,0.165909145698572,0,0,0.0933174755872801,0.186180333227783,1,1,0.369029478305856,0.22033039748982,0,1,0.0694707242140366,0.244175188220383,1,1
"97",0.0740755032177003,0.223611109292359,3,1,1,0.384825471254901,0.190023928127142,0,0,0.197713879542365,0.211120449941642,1,1,0.234046398824026,0.228510150400532,1,1,0.16139174387365,0.249472435078872,1,1
"98",-0.160868210010659,0.208608597149953,19,1,1,0.255601601047472,0.209581153965732,1,1,-0.113505874052305,0.179913157740681,1,1,0.282617912672597,0.240135318232227,1,1,-0.126957601984502,0.224910477362923,1,1
"99",-0.336037648228054,0.204634159597827,17,1,1,0.0751085790857277,0.191574081301009,1,1,-0.334179565159659,0.219174344426567,1,1,0.00653638673537049,0.215522880621904,1,1,-0.337918435000222,0.242843647098467,1,1
"100",0.126949186002684,0.22248748871466,9,1,1,0.413248153105751,0.225406354801104,0,1,0.131883749609078,0.206314942034581,1,1,0.454762540216442,0.229507024814508,1,1,0.106933689005106,0.24799496350609,1,1
