"","V1","V2","V3","V4","V5","V6","V7","V8","V9","V10","V11","V12","V13","V14","V15","V16","V17","V18","V19","V20","V21"
"1",0.760136757615351,0.282738836722449,5,0,0,0.80600951605526,0.242426059158662,0,0,0.775842629259803,0.24656620721593,0,0,0.978537239937828,0.274749102879046,0,0,0.722321294317746,0.282831554417096,0,0
"2",0.441762965437464,0.307064278526577,19,1,1,0.422989580925435,0.273744914014059,1,1,0.408918917965089,0.272932400844055,1,1,0.647339878433054,0.343794314343789,1,1,0.443847888336364,0.33922079520243,1,1
"3",0.501066712012954,0.261464964687883,17,0,1,0.496424606294232,0.233837467713899,1,0,0.46447440801597,0.214081040147821,0,0,0.612506632972867,0.291636383347717,1,1,0.484582827715298,0.265982504934511,0,1
"4",0.195229678853167,0.29447065395393,3,1,1,0.292110391279928,0.221650687701828,1,1,0.245585296775292,0.21273998142989,1,1,0.214137720473608,0.317664632245054,1,1,0.277974084221683,0.309926589554506,1,1
"5",0.557606696647868,0.267287538935226,19,0,0,0.49993357248401,0.203670482630704,0,0,0.490634911652911,0.215795832446054,0,0,0.752507559989035,0.275215487356285,1,1,0.469800415104258,0.292373998426197,1,1
"6",0.534544976292167,0.248570048989899,19,0,0,0.537431444081087,0.224615294939299,0,0,0.491035758437652,0.24321027370779,0,0,0.188791866733083,0.332900189375386,1,1,0.530616982446522,0.331189524819207,1,1
"7",0.518117433653672,0.26503010114898,1,1,1,0.426799427353321,0.189490555549558,1,0,0.402990009593923,0.222798191085228,1,1,0.515517899860848,0.30422487556828,1,1,0.518117433653672,0.283616247926863,1,1
"8",0.992664184460852,0.267431389783268,7,0,0,0.977715416537988,0.196934073121182,0,0,1.0229468293608,0.212871733329403,0,0,0.953070440783902,0.284491545465509,0,0,1.02694736070394,0.304830786502369,0,0
"9",0.557357678637642,0.304311062230409,7,0,1,0.553751886324881,0.231043437415407,0,0,0.523635947265808,0.20484484576254,0,0,0.463456384010647,0.403716105883716,1,1,0.508598758830088,0.472657579807169,1,1
"10",0.669604555263573,0.297273564326771,11,1,0,0.604660659321472,0.26766705769233,0,0,0.630091996044779,0.247447173994098,0,0,0.87318770689707,0.33533274412095,1,1,0.709071707669183,0.417856373834752,1,1
"11",0.888898242799807,0.240949931762683,11,0,0,0.821268921479767,0.197177625162654,0,0,0.832034248799216,0.204012720038262,0,0,1.02789591914077,0.287102162317544,0,0,0.821902083179702,0.289030546700603,0,0
"12",0.758303792852267,0.264368730019591,7,0,0,0.910831407495351,0.233066970648681,0,0,0.913917663266794,0.231142380445567,0,0,1.01495920819939,0.301862441423359,0,0,0.804303343590537,0.271909145076415,0,0
"13",0.465508056517897,0.258649954257624,19,0,1,0.469458268895644,0.22105028176876,0,0,0.437271761158795,0.216992507491519,0,0,0.454246860117988,0.26832683882446,1,1,0.518580731678931,0.291239569468917,1,1
"14",0.856604223698399,0.199874625241593,9,0,0,0.933135064335524,0.190117431428031,0,0,0.851985988255543,0.227064482849125,0,0,0.853193682981461,0.26093406138492,0,0,0.84476590886171,0.224220270274535,0,0
"15",0.517218374923422,0.234086986546493,17,0,0,0.571014828511628,0.23150491656826,0,0,0.547481311525553,0.252491764869507,0,0,0.15227693431215,0.368617715138721,1,1,0.420542751416803,0.372597066353396,1,1
"16",1.07954993408834,0.253638490260637,5,0,0,1.20278947749515,0.214607192924169,0,0,1.18053488773532,0.223525088377886,0,0,0.940121894497769,0.315653811029269,0,0,1.10804830700114,0.284930087750549,0,0
"17",0.507249826884621,0.298871505244805,17,1,1,0.66978087698444,0.218025254676793,0,0,0.74644927164863,0.253104488989995,0,0,1.0169774676954,0.421777426917634,1,1,0.731954696265772,0.445826278981344,1,1
"18",0.86617487907911,0.247397384291054,13,0,0,0.903021277735524,0.265011308215426,0,0,0.942853960228498,0.28336386014277,0,0,0.773909079341917,0.307368500266847,0,0,0.709256881940128,0.332508832372654,0,0
"19",0.831910714521672,0.271109407858688,15,0,0,0.835847211770413,0.230310498511536,0,0,0.836854530076499,0.227172347030982,0,0,0.792049268192451,0.297074758699687,0,0,0.867796034722948,0.312263100112795,0,0
"20",0.796849271696097,0.230578529335746,9,0,0,0.752452024073798,0.220556610941045,0,0,0.776266827341865,0.224237731244324,0,0,0.952118866851917,0.250936253707671,0,0,0.753179442846371,0.255170530060651,0,0
"21",0.463964258407034,0.244723529873581,15,1,1,0.538811157794163,0.193452153048596,0,0,0.479698966002643,0.224374688210205,0,0,0.645783249887386,0.229301621074526,0,0,0.403827553895099,0.251638200541342,0,1
"22",0.351509988943486,0.223787118999734,13,1,1,0.316957093801444,0.281507260552226,1,1,0.306977325740702,0.222677453649892,1,1,0.320514484654151,0.291588156374441,0,1,0.293273406731918,0.266465826358517,1,1
"23",0.860213350206368,0.249993157964227,17,0,0,0.754176947570528,0.188168903843021,0,0,0.771298798379612,0.169854518000792,0,0,0.883745760735889,0.243512166185874,0,0,0.732779463788343,0.236482608126687,0,0
"24",0.229741936527247,0.474121939970978,3,1,1,0.498923432305463,0.282160202638302,1,1,0.484695304884545,0.324210611052121,1,1,0.133416408084124,0.425427653257765,1,1,0.450810572694051,0.432857757694708,1,1
"25",0.616646402736893,0.253592246188868,9,0,0,0.612363237509055,0.235275068208688,0,0,0.576973147372628,0.25417247209763,0,0,0.672825703185456,0.275762312082007,0,0,0.586219363199548,0.311094346262343,1,1
"26",0.6742968462777,0.237603996817844,5,0,0,0.707709673093963,0.267651931155752,0,0,0.715484017921183,0.275775150505553,0,0,0.830270179865832,0.275814662569599,0,0,0.74936387156563,0.262304551821035,0,0
"27",0.100855533223459,0.274611002813063,7,1,1,0.294227990315347,0.24292230630772,1,1,0.266874742008354,0.229433371455002,1,1,0.595951769168366,0.386791472293968,1,1,0.30483246535869,0.338199031066107,1,1
"28",0.82999915989613,0.235985713277191,19,0,0,0.736514183756524,0.221967322160298,0,0,0.844099950579194,0.230996808020677,0,0,0.832233163563132,0.270906598578291,0,0,0.770047066353422,0.290911065002013,0,0
"29",0.337923926939376,0.286978240212936,13,1,1,0.29160838437638,0.232833191927544,1,1,0.259456570310468,0.24378614876054,1,1,0.42369997483172,0.272515927834098,1,1,0.428854268901596,0.294311575347402,1,1
"30",0.739191458383934,0.254618634763651,15,0,0,0.726705381920531,0.198897799530385,0,0,0.775196637592319,0.234257087461151,0,0,1.22172283956387,0.341689202310157,0,0,0.694492530958478,0.350035456472378,0,0
"31",0.847264149325545,0.259881860811372,19,0,0,0.81332430760615,0.22614114175037,0,0,0.797054421378053,0.278932382157833,0,0,0.689096367164954,0.290092653193239,0,0,0.727305213281674,0.286215946201065,0,0
"32",1.13173582738764,0.299927010091303,1,0,0,1.0170193097555,0.221906953356779,0,0,0.989468117940554,0.24205042227275,0,0,1.16467032676733,0.29174551073218,0,0,1.13173582738764,0.32312261773829,0,0
"33",0.978873100961923,0.235442452314251,17,0,0,0.947352031635886,0.209140396794892,0,0,0.982232069787723,0.213094023999638,0,0,0.94144111895879,0.290675147650138,0,0,0.938367467096585,0.350230965058427,0,0
"34",0.814917873966201,0.26276811610355,9,0,0,0.744093733479572,0.239852617383483,0,0,0.757574273031042,0.244708154086185,0,0,0.66714058112416,0.340943329986521,0,0,0.579545322694584,0.340153441613961,0,1
"35",0.579544900141412,0.244945019595727,9,0,0,0.686368564260786,0.306129022680329,0,0,0.698453924540313,0.321513006158204,0,0,0.976908489811954,0.379221573363313,1,1,0.594873195299357,0.359147653884311,1,1
"36",0.454558497449412,0.231735977903774,19,0,0,0.536440660307856,0.228847088630041,0,0,0.483085807663041,0.229217860145832,0,0,0.654067118559305,0.446555173309303,1,1,0.37943856508994,0.471152268908027,1,1
"37",0.454251228120318,0.239663663966617,9,1,1,0.441264259251271,0.225781854860433,1,1,0.455925371931358,0.217878848836023,0,0,0.526613645015726,0.23035241649436,1,0,0.530052493152591,0.239586923647448,0,0
"38",0.805335496673578,0.282437991363159,13,0,0,0.711454336533662,0.21251096477703,0,0,0.699817777749811,0.265408955103896,0,0,0.0903627343669218,0.449862202609635,1,1,0.651206315499172,0.497067646827389,1,1
"39",1.09517514720686,0.220918552902442,13,0,0,1.10025139137128,0.269223255558198,0,0,1.1368163339329,0.269070479323596,0,0,1.09607156329081,0.288729449499813,0,0,1.05458903257819,0.282090753478797,0,0
"40",0.94425965544671,0.342653933536664,11,0,0,0.775353072155801,0.270618147634934,0,0,0.777477032714494,0.252053459667876,0,0,0.777845389087342,0.334340104696832,0,0,0.787056052631172,0.345779553618551,0,0
"41",0.142833907526193,0.258688021734925,15,1,1,0.38561493134662,0.227648550891054,1,1,0.321889697309932,0.277428351615643,1,1,0.284352649558328,0.279529562420206,1,1,0.0451953506318579,0.274559128404451,1,1
"42",-0.0106696779467004,0.234132087035823,7,1,1,0.163249381722973,0.255510622368962,1,1,0.153452375557615,0.2721546828407,1,1,0.16738724382849,0.326510074033801,1,1,0.355863515904466,0.278591458277013,1,1
"43",0.800769573517118,0.217706326467188,19,0,0,0.817174166975133,0.155600084471012,0,0,0.821121566590547,0.176481874912379,0,0,0.698276569361816,0.192261787471229,0,0,0.796354256236598,0.212781623359863,0,0
"44",0.599912467925963,0.260205745686256,13,0,0,0.448337437163636,0.271813692676032,1,1,0.514432270219695,0.256200841120331,0,0,0.081675758954916,0.360752180184449,1,1,0.572333906556431,0.324400299336774,1,1
"45",0.751325415510188,0.236968886326974,19,0,0,0.492855456937557,0.198739017453422,0,0,0.489691695151806,0.255759532795688,0,1,0.456117985463741,0.333716910454169,0,1,0.498520990687665,0.302079348167115,0,1
"46",0.574420337465636,0.254471730806999,15,0,0,0.866327455227175,0.220678577926636,0,0,0.824798748525511,0.24478178446081,0,0,1.03562879056307,0.325316516904133,0,0,0.707847017769447,0.293486966871711,0,0
"47",0.410340268662546,0.21590822504936,17,0,1,0.54409823861463,0.208736457348103,0,0,0.54291984194758,0.223094957456525,0,0,0.4609659246889,0.279028158679074,1,1,0.575712983999223,0.32423552666499,1,1
"48",0.723170910881286,0.196964234797433,19,0,0,0.818524292268534,0.202598510944479,0,0,0.821458050898432,0.226887439331052,0,0,0.966478694068363,0.302063129996278,0,0,0.673919562722038,0.276756652725465,0,0
"49",0.912466066111802,0.247169737163613,13,0,0,0.958848116610175,0.217385004144419,0,0,0.967213367391327,0.265846821599403,0,0,0.881526258182945,0.260380757136168,0,0,0.854092648385211,0.266717919956482,0,0
"50",0.57885193844198,0.237856017865291,11,0,0,0.608568016430938,0.245649193227447,0,0,0.606297719001631,0.253636608377947,0,0,0.260026977790616,0.288845263698162,0,0,0.610028556708135,0.328602279333886,1,1
"51",0.419143814129558,0.183620837762375,15,0,0,0.430859412896941,0.228934367130144,1,1,0.403562387201004,0.185008526579881,0,0,0.65956102467049,0.237238413069262,0,1,0.279711141865823,0.257289474187452,0,1
"52",0.124225357010225,0.28309125396347,1,1,1,0.33878299167448,0.191883637293278,0,1,0.290122635428531,0.227524932344356,1,1,0.157525176107445,0.263207454165548,1,1,0.124225357010225,0.267543874311746,1,1
"53",0.592087963445591,0.272576641494513,5,0,0,0.45021155006791,0.211232518848214,0,0,0.420555225816769,0.228716925128181,1,1,0.86738322608134,0.285311399439611,0,1,0.466997725190163,0.318410085314715,1,1
"54",0.800855526902181,0.225682908883626,13,0,0,0.723450946049516,0.273135260058389,0,0,0.728505941868785,0.226256125393971,0,0,0.596905324388685,0.246418089650315,0,0,0.704436906449729,0.273513023661637,0,0
"55",0.384827269819815,0.259296598009103,19,1,1,0.384202008719078,0.220543205401026,1,1,0.354488933562356,0.236812052995544,1,1,0.270907244479802,0.270687903473043,1,1,0.355192854518036,0.312309442134827,1,1
"56",0.598499607317166,0.237111996340837,5,0,0,0.776324228032689,0.254034094416725,0,0,0.770388816798652,0.238254545626621,0,0,0.700142227764224,0.273051949376267,0,0,0.698773863187696,0.269942071437923,0,0
"57",0.46002784530561,0.288270023655341,11,0,1,0.606931956535425,0.238294096998802,0,0,0.593216712863955,0.236738077989626,0,0,0.66445742145194,0.302609235044058,1,0,0.604577201892408,0.304622977783827,1,0
"58",0.737345037846371,0.269725770358334,15,0,0,0.793752472857586,0.195403861285655,0,0,0.789537562895315,0.216834127653744,0,0,0.628600965152138,0.264579357334162,0,0,0.753104022971576,0.282884635969795,0,0
"59",1.27711377955637,0.209284935478379,5,0,0,1.21562980012959,0.197982970650806,0,0,1.2138330940661,0.19382120273394,0,0,1.36395295972443,0.218197367748419,0,0,1.02810970322259,0.240294267111909,0,0
"60",0.586561571238514,0.329984073984569,9,1,1,0.654750321177872,0.258700910995402,0,0,0.698650613723244,0.301840573284,0,0,0.632043784485366,0.300785409503043,1,0,0.859152505407594,0.298149935245729,1,0
"61",0.822109821734642,0.23954398668243,5,0,0,0.792807820751006,0.324362561455596,0,0,0.797160433922234,0.256750670035225,0,0,0.603728112211278,0.345867226342591,0,0,0.7857567143226,0.352763849786322,0,0
"62",0.393733840206334,0.310034691775293,19,1,1,0.27684398976008,0.259185078530525,1,1,0.245341718148178,0.225679010259363,1,1,0.264731019267336,0.373953545265159,1,1,0.241867545261897,0.329721005575172,1,1
"63",0.423201245575313,0.270350657372149,13,1,1,0.296244296401733,0.312060989485981,1,1,0.263464087299844,0.30996061639461,1,1,0.0151715129277833,0.447937464360673,1,1,0.291328761424556,0.447872255544879,1,1
"64",0.539031871393002,0.26843446999526,19,1,0,0.499343589255366,0.245626460360511,0,0,0.442638900059893,0.277046707323501,1,1,0.679331544222082,0.346037172072461,1,1,0.526643277889334,0.335946108095592,1,1
"65",0.320198760129636,0.23765965892077,13,1,1,0.323599289272144,0.20078731897059,1,1,0.308764304072289,0.19400688730323,1,1,0.341370879284537,0.246594805770299,1,1,0.231670212998607,0.261527641699854,1,1
"66",1.04643699959846,0.25366586473305,17,0,0,1.00748994814097,0.205529263550825,0,0,0.97956309100962,0.280858103511665,0,0,0.983402554331144,0.292455058439548,0,0,0.90254017786088,0.292329459349009,0,0
"67",0.413255038779471,0.264374633748503,9,0,1,0.543241665818139,0.207729023313981,0,0,0.533563578623927,0.211811074561851,0,0,0.496090708486715,0.243414754171446,0,0,0.485607126048829,0.264054822011382,0,1
"68",1.04068537912691,0.215316322580488,17,0,0,1.10663965640304,0.195070807110654,0,0,1.08621397079861,0.229368267875166,0,0,1.18602024622325,0.248474088101963,0,0,0.908967528719235,0.232095590180293,0,0
"69",0.952909427283268,0.262072487295725,7,0,0,1.0288005665823,0.234159863022459,0,0,1.03771001569508,0.269928798076066,0,0,1.11201237218838,0.326891776064352,0,0,0.930203269552907,0.266974512052532,0,0
"70",0.645360021738176,0.228224554535775,11,0,0,0.598344039923512,0.255186269244356,0,0,0.60444449808307,0.266198218973535,0,0,0.517590567238677,0.250295964988099,0,0,0.618774013474831,0.273525978141253,1,0
"71",0.786232018284049,0.291968012753694,13,0,0,0.873116917756326,0.241130084877157,0,0,0.868707792410826,0.217985032322634,0,0,0.928922616529499,0.370564580135506,0,0,0.942182793299024,0.429979273053724,0,0
"72",0.892740295309092,0.234306077214314,11,0,0,0.893671230841542,0.188880342897942,0,0,0.850443254293818,0.265523348908431,0,0,1.07012963464369,0.270896683258364,0,0,0.806266990251309,0.273376101435598,0,0
"73",0.830940550462592,0.276961279272832,1,0,0,0.714439093842631,0.2604830754779,0,0,0.750046341910384,0.24799202785131,0,0,0.803540587235731,0.313845039878815,0,0,0.830940550462592,0.274171979458744,0,0
"74",0.839375418124571,0.222150999621152,19,0,0,0.986944969468094,0.264303485809215,0,0,1.00111341923376,0.218512611139058,0,0,0.894603145522791,0.267931999250462,0,0,0.840125339941727,0.265333868615774,0,0
"75",0.628608255715743,0.234544860078047,19,0,0,0.646794443816446,0.191919388252707,0,0,0.655194192047365,0.199856763561488,0,0,0.697255323215727,0.231587991610861,0,0,0.667848436847654,0.232476785950113,0,0
"76",0.772226405549668,0.254210822504862,15,0,0,0.746103749377478,0.198069254917708,0,0,0.699501840028696,0.202355662281876,0,0,0.890363597221203,0.295075351962889,0,0,0.573996581876238,0.309927895248972,0,1
"77",0.618684290771884,0.285921826257772,15,0,0,0.500740610981449,0.277840298777064,1,1,0.513315839682032,0.265607615730131,0,1,0.704383018055662,0.429536591887761,1,1,0.589866900511666,0.385989876065577,1,1
"78",0.614770452238426,0.241032294156077,15,0,0,0.650047189254379,0.205255366403413,0,0,0.565514767801157,0.214716909349217,0,0,0.496023157834782,0.274405581674539,0,0,0.678563360143783,0.265533357519962,0,0
"79",0.916044619719479,0.254888483831472,13,0,0,0.954250219798762,0.203818765979141,0,0,0.997665970756278,0.207333621127132,0,0,1.17299107650391,0.261728752237758,0,0,0.932726817925372,0.268057930204137,0,0
"80",0.625590844251722,0.213384657281777,19,0,0,0.697402551231831,0.218671196880623,0,0,0.7181374847329,0.195101847409613,0,0,0.690228782652268,0.240228858459699,0,0,0.5882261965377,0.257090664811306,0,0
"81",0.558337609459854,0.257722813331284,11,0,0,0.520178959095006,0.202887020943765,0,0,0.523453048812699,0.266260125429542,0,0,0.788122473023041,0.350054107222635,1,1,0.452083906349606,0.298043236724499,1,1
"82",0.598809176615248,0.256855194307886,15,0,0,0.531754078730359,0.210676589949812,0,0,0.52438025387474,0.244707765613401,0,0,0.446202965354624,0.291615841724836,1,1,0.608421836160142,0.34020114355372,1,1
"83",0.617411696672141,0.285065998776442,19,0,0,0.911943341307556,0.285514250847845,0,0,0.891687113694085,0.26145495307348,0,0,0.766933115850337,0.316868673927435,0,0,0.610586835841771,0.307009867736751,0,0
"84",0.944184846657344,0.254989628891101,17,0,0,0.879251144113174,0.245859252987984,0,0,0.881911438481344,0.2023997946084,0,0,0.819034396278238,0.250184758121345,0,0,0.78044150762022,0.242791635734231,0,0
"85",0.702421217384989,0.205403060243756,13,0,0,0.657292144543956,0.192618100707414,0,0,0.641439122122312,0.191087959949736,0,0,0.444793264966584,0.19012831944971,0,0,0.575935545262407,0.237915410622581,0,0
"86",0.560774563821407,0.31384249728962,7,1,1,0.661133572508885,0.216579200002224,0,0,0.615309454377055,0.260582388700955,0,0,1.02773936992747,0.346370897137062,0,1,0.625365150845186,0.35771902336734,0,1
"87",0.549537817942834,0.291293011399497,7,0,1,0.588404212823612,0.261815280358977,0,0,0.572749073415809,0.24420338860288,0,0,0.952310464620773,0.329310605381053,0,1,0.545367996579572,0.364590560898645,0,1
"88",0.493716662459235,0.256382874214761,3,0,1,0.520283746925069,0.25235362813673,0,0,0.524134845865104,0.216725402268779,0,0,0.493639468093791,0.276719293161781,0,1,0.432787277502919,0.259479656157392,0,1
"89",0.965536114915988,0.228073824956686,9,0,0,1.02662520088933,0.245933920038566,0,0,1.01730644023876,0.220963876620267,0,0,1.28110774674024,0.226387892299284,0,0,1.02271276441099,0.257553515362037,0,0
"90",0.474567844277141,0.269834201362903,7,1,1,0.428291209955064,0.220204695625364,0,1,0.360296574752209,0.259480532082579,1,1,0.107484326980065,0.30490271235297,1,1,0.423946592565101,0.30671009000236,1,1
"91",0.765877253768757,0.224272555451711,9,0,0,0.81873180979505,0.19761125188062,0,0,0.790785642697707,0.207843622338214,0,0,0.717482248609734,0.222195997608769,0,0,0.834451951573293,0.267391770169117,0,0
"92",0.540305485576319,0.370499269254177,3,1,1,0.549412067923511,0.227911524088158,0,0,0.582093194885625,0.256719029693833,0,0,0.484359386375368,0.362557039173105,1,1,0.545136362115603,0.333164557185684,1,1
"93",1.23287698072192,0.241472743028759,15,0,0,1.17778447327544,0.242048331351922,0,0,1.17623286408009,0.226185290738899,0,0,1.30116398401305,0.325357019253464,0,0,1.04338795056737,0.409258638826002,0,0
"94",0.508854986321245,0.278714746912896,17,1,1,0.560737079048935,0.205075998571836,0,0,0.508596642070486,0.236561429603716,0,0,0.36347902146517,0.296258425092764,1,1,0.347643136552915,0.260889593843931,1,1
"95",0.252212091542244,0.23412747369936,17,1,1,0.414697630422822,0.251543083338714,1,1,0.447005117997977,0.267583966705914,1,1,0.334621996739667,0.2725694188179,1,1,0.293555885580749,0.281137132968564,1,1
"96",0.525255021749121,0.265685130037405,13,0,0,0.575677904783252,0.219033205146957,0,0,0.52543168570982,0.243076157767955,0,0,0.494228492139148,0.326413730103882,0,1,0.428067195971079,0.266035286034552,0,1
"97",0.607128893034845,0.286022278641602,15,0,0,0.594440927684432,0.25849458125637,0,0,0.554817639254662,0.28580185678332,0,1,0.50783359358488,0.430737437701,1,1,0.459551645718636,0.465036888501416,1,1
"98",0.555169174033763,0.217394123810826,17,0,0,0.534748578440157,0.23729978375398,0,0,0.580748850054939,0.224865574588657,0,0,0.849499516833049,0.296985331856668,1,1,0.566304587302183,0.290755198685337,1,1
"99",0.62428573463217,0.267012441479777,19,0,0,0.887658945282686,0.343338296188318,0,0,0.866395066055651,0.300246128025803,0,0,0.618450333288544,0.289928207719581,0,0,0.754086328722464,0.260478605400015,0,0
"100",1.01701327746236,0.255689116937418,15,0,0,1.06955101702011,0.225754909314208,0,0,1.04771897392324,0.217536715139937,0,0,1.36950498921253,0.286865633041213,0,0,1.15024213111199,0.240987152605426,0,0
