"","V1","V2","V3","V4","V5","V6","V7","V8","V9","V10","V11","V12","V13","V14","V15","V16","V17","V18","V19","V20","V21"
"1",0.739988444407712,0.27093582872305,13,0,0,0.819567285980874,0.215605381431218,0,0,0.798118267049643,0.214833819103965,0,0,0.646839475712168,0.289102182686268,0,0,1,1,1,1
"2",0.659659587057139,0.243675148963675,19,0,0,0.626364928514257,0.252870498902696,0,0,0.639859748110862,0.217296825929164,0,0,0.598765661396831,0.303214951336214,0,0,1,1,1,1
"3",0.581693138088353,0.250151135509877,13,0,0,0.630715837676835,0.239813359782625,0,0,0.552264889453002,0.250747782656886,0,0,0.881255710388293,0.303771274038983,0,1,1,1,1,1
"4",0.655649641501602,0.302183421453501,17,0,0,0.670274860444149,0.254753629705744,0,0,0.651374124746857,0.265601677898012,0,0,0.443717218619791,0.285251492205446,0,0,1,1,1,1
"5",0.6306004486031,0.219865372458103,11,0,0,0.665430246094356,0.206408883682024,0,0,0.651881278038548,0.202590962954917,0,0,0.729297820908134,0.210665032615725,0,0,1,1,1,1
"6",0.52969402248396,0.216819986021642,17,0,0,0.58978900812386,0.265891367954932,0,0,0.572542256910011,0.226893116722379,0,0,0.529304611993298,0.288537924609239,0,0,1,1,1,1
"7",0.51448163149166,0.280549850542884,7,1,1,0.370907124642865,0.274539438243911,1,1,0.360760170015716,0.278623604097754,1,1,0.597911366896963,0.298966395451452,1,1,1,1,1,1
"8",0.905574349744484,0.223015260765868,13,0,0,0.982081220195551,0.221887283714855,0,0,0.982823323748714,0.237041900110533,0,0,1.139162596568,0.262060993290444,0,0,1,1,1,1
"9",0.684127234065896,0.223615096237843,13,0,0,0.595337091186458,0.284457780823811,0,0,0.57813399857676,0.249213572145379,0,0,0.600271441666348,0.30159887400171,0,1,1,1,1,1
"10",0.61052230005089,0.228691305542693,3,0,0,0.662127953980324,0.193459471024701,0,0,0.675275384177399,0.233379050859071,0,0,0.797318608951228,0.235824424839468,0,0,1,1,1,1
"11",0.718329667044461,0.269348985530169,15,0,0,0.660641388016683,0.220991400488093,0,0,0.617176551008178,0.218071971517272,0,0,0.635911849338237,0.282874877647564,0,0,1,1,1,1
"12",0.902720507351404,0.267618022193451,19,0,0,0.914534195126837,0.225029411554415,0,0,0.865639986843089,0.229636807653499,0,0,0.985425469402668,0.244824410298673,0,0,1,1,1,1
"13",0.560025894997425,0.202567550585906,19,0,0,0.50986982909172,0.194003076320306,0,0,0.493750894622831,0.204487398921942,0,0,0.464540605935801,0.249842218769632,1,0,1,1,1,1
"14",0.72556006616488,0.234646055244935,11,0,0,0.774436815237589,0.2283251742072,0,0,0.760364587387124,0.232910535423217,0,0,0.769673389225822,0.299633473389216,0,0,1,1,1,1
"15",0.635126820164431,0.248107443728097,19,0,0,0.761428512379596,0.224315608250337,0,0,0.728887149245024,0.238323821220113,0,0,0.728543982566767,0.272243083405883,0,0,1,1,1,1
"16",0.900328149345698,0.286127020776273,9,0,0,0.760599920141564,0.233215859732781,0,0,0.754827907908981,0.259697641087032,0,0,0.639528610350858,0.326739916286926,0,0,1,1,1,1
"17",0.605619687639033,0.235736010815178,15,0,0,0.665624956630274,0.226031144582848,0,0,0.656953063797626,0.25399949479722,0,0,0.919092541003766,0.294164126714634,0,0,1,1,1,1
"18",0.535973072750223,0.291581598171464,11,1,1,0.641266700238193,0.226265819617606,0,0,0.647221759623581,0.247589202021357,0,0,0.609738663967619,0.306167132377272,1,0,1,1,1,1
"19",0.614019836246191,0.263679905612693,11,0,0,0.571576852228775,0.240531535380576,0,0,0.587218463197197,0.280777481466006,0,0,0.718687136798772,0.310891847108703,0,1,1,1,1,1
"20",0.861990220813095,0.24516218023237,15,0,0,0.891863102160664,0.220807144661738,0,0,0.857168772746571,0.231961844654172,0,0,0.795283510767722,0.273703779162671,0,0,1,1,1,1
"21",1.31803401874859,0.260611275940791,13,0,0,1.16833928024727,0.238270382270207,0,0,1.13575478403404,0.242179657680863,0,0,1.39671568463545,0.288018569443123,0,0,1,1,1,1
"22",0.515746950875649,0.230325026033173,9,0,0,0.538837345404542,0.221815836319591,0,0,0.503467386485244,0.234808289546579,0,0,0.510594900315177,0.241895554815991,0,0,1,1,1,1
"23",1.16907091661377,0.325104522846142,7,0,0,1.16289215807936,0.248802043557961,0,0,1.18624764274287,0.267158901519793,0,0,1.75430221925862,0.403420418766701,0,0,1,1,1,1
"24",0.700366553230033,0.230645133300532,13,0,0,0.73442466388172,0.202016729950852,0,0,0.747629437226614,0.209208597201674,0,0,0.566535586307824,0.226615024797993,0,0,1,1,1,1
"25",0.844404259390794,0.275724102737858,7,0,0,0.804819965646886,0.2220972408047,0,0,0.802815876417036,0.285298560784907,0,0,1.02319220270302,0.289154073155261,0,0,1,1,1,1
"26",0.600285014778467,0.247360590673955,17,0,0,0.686718364257787,0.200144596716078,0,0,0.701388751344484,0.241188822565404,0,0,0.347798323843384,0.34861720676903,0,0,1,1,1,1
"27",0.73519205995406,0.254924368464046,13,0,0,0.873727030681743,0.265469852302652,0,0,0.871005020946326,0.279277013907937,0,0,1.16033681564773,0.395355937325722,0,0,1,1,1,1
"28",0.618402345273129,0.252323371158789,7,0,0,0.679914029506298,0.21824451381652,0,0,0.609197807418633,0.236353342987123,0,0,0.583596018027347,0.247155058987173,0,0,1,1,1,1
"29",0.355926518201183,0.265798350050586,11,1,1,0.400541189537596,0.278147485706121,1,1,0.436473756464174,0.253818883197637,1,1,0.420473399434434,0.302728982591461,1,1,1,1,1,1
"30",0.704400076438879,0.2273997857979,13,0,0,0.704584222284716,0.246043745275834,0,0,0.695338390791299,0.244753733274042,0,0,0.786318321796199,0.304669854104526,0,0,1,1,1,1
"31",0.42608806728251,0.232054641421494,19,1,1,0.480983460757689,0.202416665566853,0,0,0.507571844153304,0.212732289124203,0,0,0.529058176267555,0.283608694155876,1,1,1,1,1,1
"32",0.63646872980649,0.254569507802335,7,0,0,0.671800118920647,0.219475746845859,0,0,0.633548719327831,0.226764929939127,0,0,0.787537935062873,0.254761938526497,0,0,1,1,1,1
"33",0.792133267170971,0.221266588218028,15,0,0,0.742791157621293,0.23406896710405,0,0,0.757630927598512,0.243337134935526,0,0,0.713748446995151,0.248097479448333,0,0,1,1,1,1
"34",1.0217995691526,0.329141657289582,15,0,0,0.961376246660821,0.234571577052305,0,0,0.971569213795692,0.234306119448354,0,0,0.757737797974561,0.352220392429684,0,0,1,1,1,1
"35",0.675645936885016,0.241375789457625,9,0,0,0.737901109996211,0.215169856580646,0,0,0.723522960114463,0.232945566682581,0,0,0.461966203811726,0.380525311905332,0,1,1,1,1,1
"36",0.0307258408763687,0.252540260695029,9,1,1,0.35166656404762,0.238137591348377,1,1,0.253863415211437,0.258916263455059,1,1,0.270018193856191,0.300568769316118,1,1,1,1,1,1
"37",0.563769691102464,0.33960313737667,11,1,1,0.342339325431384,0.265354025151329,1,1,0.358988375457029,0.303222621643849,1,1,0.0803315454977859,0.468500655057445,1,1,1,1,1,1
"38",1.08965556458313,0.26616220922325,11,0,0,0.988406057839643,0.230612875706861,0,0,0.9779302644764,0.225193475539165,0,0,0.941951024462458,0.223213975802723,0,0,1,1,1,1
"39",0.638296138260424,0.247943963355727,13,0,0,0.63943246676443,0.242172604458518,0,0,0.630690279520528,0.237522666517806,0,0,0.226340975741742,0.372179232813915,1,1,1,1,1,1
"40",0.575933841209006,0.245362659169163,17,0,0,0.581687520586151,0.18407621738384,0,0,0.584686493527742,0.199668309243914,0,0,0.644388007619227,0.276319329413631,0,0,1,1,1,1
"41",0.736425385401627,0.229574198334717,19,0,0,0.812105412528843,0.187987719311351,0,0,0.805048191665493,0.16422212207911,0,0,0.4947160485402,0.268283372086897,0,0,1,1,1,1
"42",0.940176943724865,0.250267751102325,19,0,0,1.02910480599915,0.242311294467513,0,0,1.02436689073544,0.228246936440625,0,0,1.13774528670217,0.387597338121499,0,0,1,1,1,1
"43",0.589331652634083,0.255407050444776,5,0,0,0.563407777023771,0.217152212003256,0,0,0.492592635105462,0.200440474244293,0,0,0.725393288004006,0.318611431675064,0,1,1,1,1,1
"44",0.710780807120368,0.218579723126219,15,0,0,0.587246123804905,0.268915052397608,0,0,0.605188838820374,0.239290233117264,0,0,0.769406199494108,0.296386922263132,1,0,1,1,1,1
"45",0.554904511756348,0.277308172039149,13,0,0,0.598338356537833,0.211347808749756,0,0,0.569617773716597,0.224599010567164,0,0,0.734980507179458,0.31780574760196,1,1,1,1,1,1
"46",0.908546115453165,0.234277942024348,9,0,0,0.900199905304502,0.214760588046036,0,0,0.889791577234147,0.191045775026857,0,0,1.17854598844152,0.26632896851085,0,0,1,1,1,1
"47",0.217518709176045,0.292094516996209,19,1,1,0.41376761498224,0.32478703713262,1,1,0.429638468752724,0.307997778875756,1,1,0.237210197512928,0.311969387016103,1,1,1,1,1,1
"48",0.167912303600651,0.285236007968513,19,1,1,0.103844122038663,0.323699236470947,1,1,0.0595075150849292,0.302611469901717,1,1,-0.254308617019256,0.346141733207321,1,1,1,1,1,1
"49",0.576293555723795,0.249696083838401,17,0,0,0.343930339002298,0.234525109549443,1,1,0.41247060205466,0.240802289980789,1,1,0.484998322708393,0.298559157358917,1,1,1,1,1,1
"50",0.521469346418778,0.304570199356847,7,1,1,0.469211115145354,0.229675819026613,0,0,0.517527629645591,0.236373206145694,0,0,0.482329147913747,0.284623159100644,1,1,1,1,1,1
"51",0.481883191378741,0.251020655956382,11,0,1,0.527734511804065,0.215650051784625,0,0,0.509902852453568,0.248032814644247,0,0,0.857680896303544,0.381034363842103,1,1,1,1,1,1
"52",0.514534207981675,0.26979407998501,13,1,1,0.578316761753748,0.266274649189117,0,0,0.543272316622379,0.24363280869081,0,0,0.427830076377025,0.301668213761179,0,1,1,1,1,1
"53",0.156413180778515,0.229542112041009,11,1,1,0.0508146724147935,0.305310616845086,1,1,0.0892037728613616,0.235756035506143,1,1,-0.0726649610894534,0.230949404437993,1,1,1,1,1,1
"54",0.207352338505096,0.216736267878623,17,1,1,0.230822944264223,0.231190935512686,1,1,0.285745756949144,0.218058759283513,1,1,-0.0703499475331333,0.206889394425892,1,1,1,1,1,1
"55",1.10527642774949,0.218759180005891,11,0,0,1.00429747416896,0.23046582723115,0,0,1.01213471035096,0.209527503661115,0,0,0.974665189153321,0.234887240560959,0,0,1,1,1,1
"56",0.405837492274187,0.235510514637958,11,0,1,0.503385790250238,0.212854383385761,0,0,0.524181795500382,0.205015478202994,0,0,0.573972442273635,0.278504862044896,1,1,1,1,1,1
"57",1.0166147043022,0.249710149647333,15,0,0,0.920733148484812,0.20841747292003,0,0,0.926870931918035,0.224005288682291,0,0,0.717927126572871,0.235973757209782,0,0,1,1,1,1
"58",0.485584785979807,0.201438087325546,11,0,0,0.314773803669611,0.279978242592768,1,1,0.341062635854669,0.273052679756257,1,1,0.435988703917465,0.244881540712053,1,1,1,1,1,1
"59",1.19899026343687,0.291143906201884,17,0,0,1.15731537643041,0.255740336629908,0,0,1.24774017874836,0.302447814215776,0,0,1.44341834453485,0.392099790848601,0,0,1,1,1,1
"60",0.682814357685127,0.330312258892365,13,0,0,0.803953327194987,0.222952219553178,0,0,0.729977346120019,0.265441452619122,0,0,0.862635098513788,0.345133889482891,0,0,1,1,1,1
"61",0.990841308937966,0.237597791184002,5,0,0,0.98606349671776,0.169892591526421,0,0,1.0211248997993,0.176196151794157,0,0,0.697764460034912,0.269263872498487,0,0,1,1,1,1
"62",0.693801165885879,0.253578030327226,9,0,0,0.753722362018259,0.212763326069242,0,0,0.806366369341186,0.262134798090185,0,0,0.718301732113636,0.308245894951707,0,0,1,1,1,1
"63",0.808490218381987,0.240851808380495,13,0,0,0.789731919939711,0.197073874837121,0,0,0.776417765598186,0.220988082638639,0,0,0.777511844314873,0.327585805811716,0,0,1,1,1,1
"64",1.01396728592157,0.294031536973715,7,0,0,0.834512481616058,0.23806789550056,0,0,0.828294062764597,0.236501158566689,0,0,0.973986466287908,0.343223443311003,0,0,1,1,1,1
"65",0.692684877398462,0.287885384909283,1,0,0,0.714957823571952,0.247357293588401,0,0,0.730532503628784,0.244057545944612,0,0,0.671664161091107,0.297058887160986,0,0,1,1,1,1
"66",1.12119511673831,0.223522387385525,11,0,0,1.17212331279157,0.270801192392025,0,0,1.19179658900217,0.244304634568981,0,0,1.19132248705736,0.256011093429152,0,0,1,1,1,1
"67",0.805238888028522,0.256083896854881,17,0,0,0.876604619947492,0.293706891455974,0,0,0.869448162551227,0.230443309969351,0,0,0.964450173553424,0.284215648268448,0,0,1,1,1,1
"68",0.835633122661106,0.230822735533445,5,0,0,0.89002134528756,0.242210822578235,0,0,0.861588995197507,0.219552853162556,0,0,1.12250296080385,0.247807220258728,0,0,1,1,1,1
"69",0.746955530684601,0.24019201449549,17,0,0,0.669301011277213,0.249391860583932,0,0,0.642389442395964,0.264716707061914,0,0,0.54284548858458,0.273673931938231,0,0,1,1,1,1
"70",0.267795600947477,0.231721075851603,5,1,1,0.387164816293049,0.211056135370399,1,1,0.351739183173959,0.251970077001269,1,1,0.382905634914405,0.23844663996667,1,1,1,1,1,1
"71",0.657960835496881,0.279430593932467,5,0,0,0.54198724034732,0.233775689738876,0,0,0.495212466239452,0.224036824948507,0,0,0.746532246248911,0.301694567786347,1,1,1,1,1,1
"72",1.02744339346481,0.203358851562935,13,0,0,1.10977487982206,0.197146590063396,0,0,1.12361538359816,0.225848665538185,0,0,0.83079103438285,0.261394267322919,0,0,1,1,1,1
"73",0.898550721949523,0.247513855615221,11,0,0,0.90872465986173,0.189822983501711,0,0,0.924208620744687,0.228684400436823,0,0,1.04968668850525,0.264970216659771,0,0,1,1,1,1
"74",0.769151572350706,0.222980723298219,17,0,0,0.892237054780809,0.206688556583323,0,0,0.874572896283578,0.226562966843351,0,0,0.921206514792703,0.319153940426017,0,0,1,1,1,1
"75",0.690220241767107,0.214574645571687,15,0,0,0.724826537874245,0.210485437746183,0,0,0.723751201468803,0.215286982568347,0,0,0.961982343547974,0.334585321092889,0,0,1,1,1,1
"76",0.520102229946265,0.289787495333575,5,1,1,0.604527053608505,0.208794665426632,0,0,0.591906282465785,0.211603559372274,0,0,0.404852777682278,0.245586953123135,0,0,1,1,1,1
"77",0.722395934404262,0.214676303640998,19,0,0,0.649885002978169,0.214180077652683,0,0,0.621443564756724,0.212047690216472,0,0,0.376192691994935,0.300199037151744,0,0,1,1,1,1
"78",0.594307292031292,0.322626524680043,11,1,1,0.627376868541286,0.236260267629665,0,0,0.634240622466978,0.225711272044249,0,0,0.633865875563839,0.362978340330239,1,1,1,1,1,1
"79",0.329760746261152,0.302124354911885,5,1,1,0.512504263970966,0.206145082084247,0,0,0.467249993188269,0.226314827440153,1,0,0.209532847026515,0.273346383135624,1,1,1,1,1,1
"80",0.999059281586886,0.242932458459576,9,0,0,0.931830862831738,0.246566670936619,0,0,0.965769501123338,0.255481646068182,0,0,0.961759230189433,0.254378992273407,0,0,1,1,1,1
"81",0.408609776514791,0.220269475599954,17,1,1,0.419337218718339,0.283285428643091,1,1,0.405184275054202,0.299838548595976,1,1,0.585734576522311,0.26536695747139,1,1,1,1,1,1
"82",0.820935860525926,0.333762470164813,9,0,0,0.725986297362474,0.310949505706714,1,0,0.723609085197352,0.290081630247648,0,0,0.293603107310598,0.472686999863542,1,1,1,1,1,1
"83",0.681618536835551,0.222166976134196,11,0,0,0.56610477391485,0.260981041341261,0,0,0.547269974457952,0.233658448501799,0,0,0.648170481813528,0.245293504168664,0,0,1,1,1,1
"84",0.735632354925329,0.223098998032928,15,0,0,0.780806711998586,0.197473511572399,0,0,0.756433497575954,0.210510676377961,0,0,0.56429109781916,0.268248524876228,0,0,1,1,1,1
"85",0.42688783296714,0.222186813982533,13,1,1,0.420813973106873,0.224353263471722,0,1,0.353906172103011,0.195539860337069,1,1,0.451168923970239,0.280719041813185,1,1,1,1,1,1
"86",0.624203428611056,0.343794201645606,9,1,1,0.582550909762939,0.250169575691239,0,0,0.563102159518553,0.270890346578747,0,0,0.527784811692887,0.362842322013661,1,1,1,1,1,1
"87",0.3852854407313,0.242957003259472,7,1,1,0.323166529582883,0.214348104825387,1,1,0.24673725956411,0.216994178162513,1,1,0.586469041767557,0.249327733642442,1,1,1,1,1,1
"88",1.00769935156111,0.254822527534038,9,0,0,1.07673449233668,0.244492091142957,0,0,1.06605791335749,0.247284779209427,0,0,0.915881899824414,0.316266733801011,0,0,1,1,1,1
"89",1.12959459277145,0.258584322375104,3,0,0,1.10498413012432,0.212505025185396,0,0,1.12459153387043,0.238492824789086,0,0,1.16177443186241,0.255797601748912,0,0,1,1,1,1
"90",0.903550092397478,0.231106760796176,1,0,0,0.989896732704129,0.233689267645747,0,0,1.0106149642941,0.196312058250671,0,0,0.947731354022568,0.253841210629564,0,0,1,1,1,1
"91",0.751921457262628,0.201677865873527,17,0,0,0.844722681898246,0.185432477373585,0,0,0.886529608845599,0.230842935716403,0,0,0.77168981884934,0.271204755662678,0,0,1,1,1,1
"92",0.683163602654761,0.246225617028294,5,0,0,0.759895744954937,0.210129679367567,0,0,0.722096797887011,0.231540781519062,0,0,0.706437742272785,0.27589703948594,0,0,1,1,1,1
"93",0.410769122593226,0.248940330738738,11,1,1,0.418669119504553,0.198004774157442,0,0,0.399458339530561,0.207801003275775,0,1,0.334006913389334,0.313576969263761,1,1,1,1,1,1
"94",0.652394841659236,0.216844859403977,17,0,0,0.707001786432923,0.1819440537646,0,0,0.692587708960873,0.192248845011014,0,0,0.471219713399909,0.245188649009217,0,0,1,1,1,1
"95",0.347868661091494,0.275863602980979,17,1,1,0.327432885820289,0.247651496368445,1,1,0.344013118922795,0.215571752933855,1,1,0.410118989076486,0.321877790923848,1,1,1,1,1,1
"96",0.487527295785688,0.237076022556816,19,0,0,0.590086347593358,0.234534544277697,0,0,0.575548583750545,0.236837234424109,0,0,0.80261068269784,0.290607160521515,0,0,1,1,1,1
"97",0.666366578047197,0.2336088001122,17,0,0,0.507264003084148,0.219929796227691,0,0,0.52679522743238,0.216603502670077,0,0,0.74151883108445,0.237371471625599,0,0,1,1,1,1
"98",0.701895869778837,0.234626006771518,19,0,0,0.778419644146917,0.189920196837967,0,0,0.785027341636693,0.241133156801283,0,0,0.668389335550473,0.270303973665794,0,0,1,1,1,1
"99",0.42441278249877,0.242246075632773,19,1,1,0.37581033686006,0.223197479848738,0,1,0.365717865316671,0.22981349769676,1,1,0.187577742930231,0.405125053307452,1,1,1,1,1,1
"100",1.23300206647086,0.259112427691748,1,0,0,1.12177727115456,0.220585539181694,0,0,1.12105150670379,0.242958772031982,0,0,1.22949667900441,0.294280379418144,0,0,1,1,1,1
