"","V1","V2","V3","V4","V5","V6","V7","V8","V9","V10","V11","V12","V13","V14","V15","V16","V17","V18","V19","V20","V21"
"1",1.29630545062145,0.378916044824466,15,0,0,2.34640471672359,0.346627470992888,0,0,2.51666484140098,0.509742689544241,0,0,2.23234646415315,0.47686456037164,0,0,3.30709585994384,0.634382358795625,0,0
"2",-0.738577037758337,0.595433674359007,7,1,1,-0.714989385350429,1.43241145701368,1,1,-1.00755028699377,1.63460212412116,1,1,-1.49746088554056,0.548679728001319,1,1,2.08646682431964,0.698303347395833,1,0
"3",1.01867910164592,0.436274370296308,13,0,0,1.14401718166084,0.433467075958753,0,0,1.11124112409056,0.657782444461372,1,1,1.24581914833226,0.52697588011688,0,0,3.5315648753241,0.646201286149715,1,0
"4",0.581908970265396,0.547369298658193,11,1,1,1.05744252735858,0.757330735751324,1,1,0.637378776230002,0.896696830267808,1,1,-0.322139335708944,0.91149258648848,1,1,2.86801138474175,0.987476465156294,1,0
"5",0.295347653083123,0.344463767450655,9,1,1,0.667323153730495,0.752918578103476,1,1,0.790820430866967,0.529535635026387,1,1,0.541876584038411,0.42416776411444,1,1,2.68599426587867,0.453526839118033,1,0
"6",1.03336385847115,0.469785671316134,15,0,0,1.15796545882897,0.591548817726113,1,1,1.1962884386913,0.590690168613179,1,0,0.298064380336031,0.66416279867781,1,1,2.96788627676546,0.648070172609729,1,0
"7",1.22164021743126,0.483338758401134,13,0,0,0.697413855983256,0.868693722046977,1,1,0.883762326469906,0.791198190759138,1,1,0.200441519173685,0.819128692688847,1,1,3.1895957243399,0.932630985935558,1,0
"8",0.376830833818815,0.591865877713536,7,1,1,-0.234347549929325,1.88306204039137,1,1,0.178559493426858,1.14930136525782,1,1,-0.471032573052981,0.751906829749025,1,1,2.90574639014726,0.996571348656089,1,0
"9",-0.214864064512172,0.481747783369121,11,1,1,-0.00758179199136319,1.52282508586188,1,1,0.065210591152858,1.45600002967267,1,1,-0.187375867623432,0.634391626925582,1,1,2.95039830921206,0.544687841087736,1,0
"10",0.944718934156706,0.386023641966202,15,0,0,1.36195393625491,0.551565988726972,0,0,1.16363916033321,0.530102139148216,0,0,0.00550749488841365,1.13316820708948,1,1,2.94578246359906,0.990503368217608,1,0
"11",1.12675875490651,0.480785195864592,1,0,0,1.00555077225702,0.481761925693312,1,0,1.19854638756734,0.456550168429965,0,0,0.964229811510463,0.580913297774769,1,0,1.12675875490651,0.582329527118266,1,1
"12",1.19960279476351,0.520125357266438,9,0,0,-0.0423211446598978,2.50462586339662,1,1,-0.621506483510665,2.57344633027615,1,1,0.212402448095067,0.578380651276374,1,1,3.16167411320519,0.574367422260821,1,0
"13",0.94411020957094,0.543760380743323,7,1,1,0.68152993997033,0.894808485484353,1,1,0.576435721408624,0.763346389021109,1,1,0.639209122826551,0.599014487946459,1,1,2.82888740082685,0.61374356734726,1,0
"14",0.118490943187,0.391170394698623,7,1,1,0.234421205650896,0.903495848262179,1,1,0.443764252913408,0.745095947812264,1,1,0.199787945268086,0.399743843968064,1,1,2.46039405749226,0.414948516968202,1,0
"15",1.45979945932913,0.419012224556058,17,0,0,1.01872828583142,0.705154555958574,1,1,0.562131819702854,1.07879755394601,1,1,0.462161142419583,0.774246069067975,1,1,3.35644475378948,0.829024323641635,1,0
"16",0.642891612176711,0.396676420626161,15,1,1,1.39258573451257,0.481703410441779,0,0,1.41215857801253,0.475710655088719,0,0,1.0919394517382,0.882337579673412,1,1,3.27737222231554,0.781226079577138,1,0
"17",1.3187272726178,0.369068492285046,15,0,0,-0.57717251991069,1.45471096121818,1,1,-0.519339834284628,1.52074250505337,1,1,-0.136234263565657,0.698131238944681,1,1,3.37618965754303,0.584729913577205,1,0
"18",-0.17926845651812,0.502280278347054,9,1,1,0.431795850124923,0.553262829773428,1,1,0.492856501897178,0.466346167983266,1,1,-0.533100737128793,0.627338448194991,1,1,2.51797522333403,0.711032570937814,1,0
"19",-0.442637851201304,0.478725930081997,9,1,1,-0.955306271625451,0.872445536400172,1,1,-1.25870762828424,0.911454025655423,1,1,-1.00200540570157,0.420709787287044,1,0,2.53243810335527,0.446864826178433,0,0
"20",1.1326358857926,0.890436463217008,1,1,1,1.23299904360998,0.332311225887851,0,0,1.02959472397394,0.370696788039474,0,0,1.29083535164004,0.803179993198298,1,1,1.1326358857926,0.873096554503902,1,1
