"","V1","V2","V3","V4","V5","V6","V7","V8","V9","V10","V11","V12","V13","V14","V15","V16","V17","V18","V19","V20","V21"
"1",-0.0565788925107735,0.213682432038851,15,1,1,-0.0742803966352549,0.189896409687641,1,1,-0.0687648113592583,0.198367259371133,1,1,-0.150200567325164,0.253239976313443,1,1,-0.063249597179968,1,1,1
"2",1,1,1,1,1,1,1,1,1,1,1,1,1,1,1,1,1,1,1,1,1
"3",1,1,1,1,1,1,1,1,1,1,1,1,1,1,1,1,1,1,1,1,1
"4",1,1,1,1,1,1,1,1,1,1,1,1,1,1,1,1,1,1,1,1,1
"5",1,1,1,1,1,1,1,1,1,1,1,1,1,1,1,1,1,1,1,1,1
"6",1,1,1,1,1,1,1,1,1,1,1,1,1,1,1,1,1,1,1,1,1
"7",1,1,1,1,1,1,1,1,1,1,1,1,1,1,1,1,1,1,1,1,1
"8",1,1,1,1,1,1,1,1,1,1,1,1,1,1,1,1,1,1,1,1,1
"9",1,1,1,1,1,1,1,1,1,1,1,1,1,1,1,1,1,1,1,1,1
"10",1,1,1,1,1,1,1,1,1,1,1,1,1,1,1,1,1,1,1,1,1
"11",1,1,1,1,1,1,1,1,1,1,1,1,1,1,1,1,1,1,1,1,1
"12",1,1,1,1,1,1,1,1,1,1,1,1,1,1,1,1,1,1,1,1,1
"13",1,1,1,1,1,1,1,1,1,1,1,1,1,1,1,1,1,1,1,1,1
"14",1,1,1,1,1,1,1,1,1,1,1,1,1,1,1,1,1,1,1,1,1
"15",1,1,1,1,1,1,1,1,1,1,1,1,1,1,1,1,1,1,1,1,1
"16",1,1,1,1,1,1,1,1,1,1,1,1,1,1,1,1,1,1,1,1,1
"17",1,1,1,1,1,1,1,1,1,1,1,1,1,1,1,1,1,1,1,1,1
"18",1,1,1,1,1,1,1,1,1,1,1,1,1,1,1,1,1,1,1,1,1
"19",1,1,1,1,1,1,1,1,1,1,1,1,1,1,1,1,1,1,1,1,1
"20",1,1,1,1,1,1,1,1,1,1,1,1,1,1,1,1,1,1,1,1,1
