"","V1","V2","V3","V4","V5","V6","V7","V8","V9","V10","V11","V12","V13","V14","V15","V16","V17","V18","V19","V20","V21"
"1",0.28517551986171,0.212895072365011,7,1,1,0.271735670860599,0.184417589904385,1,1,0.259616023602626,0.184193377226303,1,1,0.406986441964265,0.233619708703095,1,1,0.286056701134918,0.218491314479337,1,1
"2",0.52110743143232,0.224063222965993,15,0,0,0.606052067990633,0.178289034783814,0,0,0.586683123309295,0.186970249657345,0,0,0.476489937610333,0.210657075027395,0,0,0.58959878895863,0.239440260285241,0,0
"3",0.219514856721753,0.188586196954463,7,1,1,0.269645850814061,0.179752730086608,1,1,0.267769270993876,0.201392354949802,1,1,0.37056386598952,0.209177217445827,1,1,0.278390951618632,0.199250819148258,1,1
"4",0.305195334906393,0.235033588154582,17,1,1,0.288328623567082,0.185876092429335,1,1,0.29072123870379,0.221889304347805,1,1,0.0657186886107233,0.214617652542315,1,1,0.302970181258933,0.224260437235525,1,1
"5",-0.0844925333282975,0.218311624166845,11,1,1,-0.0898914523219068,0.212387765496914,1,1,-0.0822658999316664,0.218051938635013,1,1,-0.145618184376413,0.242830654639674,1,1,-0.0902337541857464,0.229402145986374,1,1
"6",0.229510242402421,0.199548565774567,11,1,1,0.176862597597253,0.231831163688521,1,1,0.201569530745078,0.221059487491423,1,1,0.421429914558819,0.282595626397219,1,1,0.198257858704995,0.237522127155985,1,1
"7",0.322248009144213,0.225392090018525,19,1,1,0.334281129184809,0.212499513398048,1,1,0.340978285515553,0.178048507279103,0,1,0.453090021518146,0.229813180579974,1,1,0.349536290776546,0.2519733366675,1,1
"8",0.545055942452138,0.218052252219776,19,0,0,0.541438924026653,0.224113095772796,0,0,0.546384996665473,0.227664253137536,0,0,0.43213816390389,0.292020531289594,1,1,0.498115926179678,0.250552539390924,1,0
"9",0.694580874048405,0.211301678842128,9,0,0,0.724123671658031,0.173327137367615,0,0,0.735559841320985,0.188467684917551,0,0,0.763622733041398,0.21966041620195,0,0,0.75764059529622,0.246421933736719,0,0
"10",0.359643554171068,0.221963648890029,17,1,1,0.354997738765163,0.183395788744735,1,1,0.346163570114439,0.182346266254206,1,1,0.400954521590824,0.243250440961283,1,1,0.323132741969984,0.237524014678568,1,1
"11",0.450517620077102,0.211369773224211,19,0,0,0.508243180120537,0.19577640425773,0,0,0.506262010136547,0.190208863627461,0,0,0.466622284957954,0.244399193307804,0,0,0.476887254374491,0.23764634698227,0,0
"12",0.538728552744828,0.254343064156212,3,0,0,0.614609120884354,0.1876912701707,0,0,0.60552861188497,0.202340716680496,0,0,0.638530847541914,0.238208052583272,0,0,0.616397885546851,0.23901917995328,0,0
"13",0.483793826032142,0.220747996821653,5,0,0,0.465434083567201,0.207478856685217,0,0,0.482440911188316,0.195113788401706,0,0,0.579378495371454,0.251607107292775,0,1,0.489286025987036,0.23268277837933,0,0
"14",0.299361773439973,0.219501097196683,9,1,1,0.202795676126065,0.187087855282979,1,1,0.210056050563813,0.180877353155709,1,1,0.118123468016448,0.228995324501705,1,1,0.189337970475516,0.234997315564037,1,1
"15",0.314296626131022,0.208374884703228,19,1,1,0.353648951852335,0.192621969113947,1,1,0.346804630356141,0.17739034470311,1,1,0.36376504355908,0.204535420416043,0,1,0.308188582066139,0.187895129191934,0,1
"16",0.549630481928019,0.214037527044775,7,0,0,0.507029006104237,0.198472682105058,0,0,0.520508540556309,0.184558770207331,0,0,0.628366992845367,0.229770015500485,0,0,0.502151971494023,0.190431496430064,0,0
"17",0.391409059443379,0.212562267970453,17,1,1,0.36661596958638,0.205753390044129,1,1,0.357733414173645,0.193739799249274,1,1,0.318096499398361,0.266414670395856,1,1,0.364566019984172,0.237029885990615,1,1
"18",0.321390160391685,0.231273923202251,7,1,1,0.267554516239683,0.195276225517008,1,1,0.253632803253587,0.21517039355943,1,1,0.338792261446232,0.259747233757896,1,1,0.247605787475725,0.232974566810061,1,1
"19",0.366564116277863,0.21048224625439,15,1,1,0.353261004221364,0.19486238941459,1,1,0.344638085764319,0.198620835049179,1,1,0.570990181324488,0.203326491273593,0,1,0.420212668791675,0.205363384373987,1,0
"20",0.457823959425008,0.214619498569552,19,0,0,0.472105735034478,0.184416492191667,0,0,0.480263883594273,0.187539776268376,0,0,0.179420335974908,0.220029419969362,0,0,0.436390542282488,0.204479944302365,0,0
"21",0.333485467720769,0.22153438079395,5,1,1,0.317376700994494,0.179898982302574,1,1,0.313946626087567,0.215448313459573,1,1,0.431098971915428,0.236889694164146,1,1,0.332547930350187,0.224406462349361,1,1
"22",0.704828391745765,0.202739823789626,7,0,0,0.744863538881017,0.210686260191402,0,0,0.760600399667929,0.219026318985229,0,0,0.65564541735761,0.208379329278126,0,0,0.703231685868795,0.207902055488493,0,0
"23",-0.200424808405792,0.225307788717285,7,1,1,-0.235127507238661,0.20192909942524,1,1,-0.222250112891634,0.202954617180804,1,1,-0.251649698562985,0.240067727801342,1,1,-0.208768607809009,0.215153089077414,1,1
"24",0.269905351050547,0.199166935267128,19,1,1,0.227450443613749,0.195522970027683,1,1,0.230292361277789,0.178982094623677,1,1,0.330512990190631,0.224882144298533,1,1,0.238421665966244,0.216541909586287,1,1
"25",0.275312126710813,0.237647850380019,7,1,1,0.297699164703351,0.220122328231891,1,1,0.268184210496427,0.208565640199214,1,1,0.118008378875941,0.273380243995846,1,1,0.283458164757022,0.314464678956185,1,1
"26",0.00178584211446209,0.237847984004297,1,1,1,-0.0920557862047824,0.200974566659479,1,1,-0.0794885738899668,0.223869533728952,1,1,-0.0478693934659484,0.231065440061347,1,1,0.00178584211446209,0.232880291046035,1,1
"27",0.195542435875105,0.215379544125414,17,1,1,0.184908296243794,0.177357336833047,1,1,0.163897982718493,0.194117751044802,1,1,0.124275026545888,0.203591747484306,1,1,0.160861689829166,0.21551303927636,1,1
"28",0.455995318246023,0.213740860657586,1,0,0,0.555778926896214,0.194600605312226,0,0,0.554582855995788,0.179047916849096,0,0,0.471996458155311,0.213231372831758,0,0,0.455995318246023,0.227537303147561,0,0
"29",0.772482132680544,0.199387024182319,1,0,0,0.578247496808338,0.181465770131417,0,0,0.577167230140504,0.186896281970685,0,0,0.767325016901789,0.229531291393606,0,0,0.772482132680544,0.232402377282374,0,0
"30",0.504894926081296,0.216726782091843,9,0,0,0.493507269162714,0.182958172538607,0,0,0.501575382554616,0.19006441196032,0,0,0.42364754573567,0.249374558958405,1,0,0.466672730572522,0.248927395053975,1,1
"31",-0.0745865564552274,0.231572099857048,7,1,1,-0.0799064118079524,0.199055364041621,1,1,-0.0757706108641362,0.210256689361601,1,1,0.0608792267937136,0.258107574392488,1,1,-0.0395908117818344,0.26624740664907,1,1
"32",0.301377357301085,0.207443498392988,19,0,1,0.320217823549765,0.229857014792884,1,1,0.334428008119612,0.203692429335631,1,1,0.346122382217287,0.225747427540766,1,1,0.38096510939717,0.230589156127218,1,1
"33",0.257046158753039,0.194932684556171,11,1,1,0.230559552682281,0.158836687362513,1,1,0.237164516036488,0.182331808129686,1,1,0.190611797470216,0.220165500642549,1,1,0.213325130059512,0.213241988316475,1,1
"34",0.223581311445805,0.179225936015106,19,1,1,0.312359285331014,0.197505506395668,1,1,0.322658174392522,0.213051500190018,1,1,0.344131495918687,0.244634144591288,1,1,0.291941546678708,0.198998111858624,1,1
"35",0.187677154782622,0.214748434723173,3,1,1,0.15903333375218,0.190370508561019,1,1,0.198490271802685,0.189520809475839,1,1,0.364559273007031,0.226261094519573,1,1,0.258779259588147,0.215217509454637,1,1
"36",0.469214172914485,0.204732537585018,5,0,0,0.428272791750625,0.189864637681149,0,0,0.426879528035123,0.166418732216437,0,0,0.380425749097822,0.206761963918569,0,0,0.395913944444682,0.211983322294076,0,1
"37",0.383649295250374,0.26031647357982,5,1,1,0.321271261875027,0.226918076024247,1,1,0.310172659949084,0.220779441605849,1,1,0.304202055093328,0.277938881627342,1,1,0.312626908246795,0.246247535547239,1,1
"38",0.15452930148244,0.205488232424856,17,1,1,0.158994288808227,0.20519864878032,1,1,0.129998017403933,0.217786099579006,1,1,0.225948664728947,0.243476395931384,1,1,0.160693344271096,0.22833025606668,1,1
"39",0.267302672337612,0.239618161585023,3,1,1,0.15751946480509,0.197817104327697,1,1,0.132739499897447,0.209357075380738,1,1,0.411703011023433,0.244297719688531,1,1,0.233317698436321,0.236114321735705,1,1
"40",0.3826288378505,0.206312309355601,7,0,1,0.5194440518418,0.18997056776674,0,0,0.536624046124482,0.197172261284092,0,0,0.372475602657385,0.221396434789186,0,0,0.481864024926085,0.225746980431651,1,0
"41",0.340041690170597,0.215473649537751,5,1,1,0.33724215647493,0.241629798958399,1,1,0.334368358327971,0.209383850122196,1,1,0.474549298897122,0.25521495611987,1,1,0.345641732094346,0.218681240025876,1,1
"42",0.490424550882802,0.21991074963852,5,0,0,0.514602748595762,0.202216365482399,0,0,0.517512238568462,0.208798281861133,0,0,0.469318124563223,0.20206268157699,0,0,0.495659437883998,0.206637421491156,0,0
"43",0.593492489127431,0.245337128837004,1,1,0,0.482029078565776,0.195959678079954,0,0,0.478519472443927,0.192794245571432,0,0,0.581855767514332,0.225998090692243,0,0,0.593492489127431,0.243058271635303,0,0
"44",-0.0599588298287541,0.208721871184238,19,1,1,-0.114149909042919,0.177448448543188,1,1,-0.100751766493587,0.161030762812242,1,1,-0.00428500345261211,0.223217697844648,1,1,-0.0827843169823737,0.229361488266583,1,1
"45",0.640090267028916,0.188663518762198,3,0,0,0.613620432977835,0.172563961340786,0,0,0.621827205145708,0.184640487376547,0,0,0.476790943112733,0.199327121479207,0,0,0.555043567501116,0.200519136554906,0,0
"46",0.126337308473017,0.204532532249054,11,1,1,0.0597795936094192,0.191323432940091,1,1,0.102263679616292,0.181973471299794,1,1,0.266213530362194,0.225665750337778,1,1,0.124768012601246,0.217429951688565,1,1
"47",0.660105037259547,0.217810280370868,17,0,0,0.672139254468058,0.204632789939075,0,0,0.657506145796461,0.214719996234089,0,0,0.615099181938806,0.242499163064273,0,0,0.622503461220281,0.229471206249948,0,0
"48",-0.0583389206500945,0.191078933682917,11,1,1,-0.10490304514913,0.167032061906411,1,1,-0.0920476785254475,0.188187084074097,1,1,0.0181350680168115,0.226189658025933,1,1,-0.0678268758443064,0.231970127661075,1,1
"49",0.687697176076902,0.215081996248614,11,0,0,0.636326845618988,0.238706041910766,0,0,0.630638742334106,0.197955738346862,0,0,0.983886713815594,0.225565514126012,0,0,0.656059864960646,0.255792288275349,0,0
"50",0.281214820402473,0.211538668245004,11,1,1,0.229570505714518,0.226736224324812,1,1,0.225591738085272,0.20867715561246,1,1,0.201646426774413,0.257841420083368,1,1,0.229314739453114,0.234888360792987,1,1
"51",0.0650770615287901,0.222602206187713,13,1,1,0.0758693777944392,0.188836006921028,1,1,0.0982469956117661,0.212067844959572,1,1,-0.111061041832869,0.25598990194833,1,1,0.0540617437017895,0.224942076283577,1,1
"52",0.566448999106271,0.185232938354575,19,0,0,0.4770538939312,0.200805760844167,0,0,0.491981275748995,0.189718295869663,0,0,0.595441387086541,0.22864257299189,0,0,0.483138960055485,0.212717818736143,0,0
"53",0.46477998981798,0.242207169996683,3,1,1,0.291348407526759,0.190019872413668,1,1,0.29616535249505,0.164363001624222,0,1,0.595374248004595,0.253430184274707,1,1,0.396300626269214,0.210605916951037,1,1
"54",0.188236654939601,0.214217866628811,5,1,1,0.288506823089171,0.210344509689284,1,1,0.289071063123688,0.185722713850874,1,1,0.045995239039576,0.235590522707868,1,1,0.245608661134898,0.236414303433607,1,1
"55",0.499748990250396,0.233417224201023,7,0,0,0.570430210607857,0.198465413895525,0,0,0.567694074550158,0.191889783542138,0,0,0.540311692480873,0.188959643121963,0,0,0.529852190065817,0.257586635827039,0,0
"56",0.317122804592853,0.211872234224132,11,1,1,0.305174080520345,0.235488075279977,1,1,0.341048081847222,0.18370087364838,0,1,0.20941703215628,0.264407835978163,1,1,0.323813471224539,0.250906256515727,1,1
"57",0.23281703093688,0.210786848887468,7,1,1,0.269538736070203,0.196453242668711,1,1,0.260455991048242,0.206830261146163,1,1,0.24853460027001,0.232962662422363,1,1,0.264252804626553,0.233769215867398,1,1
"58",0.673530742806043,0.227414405430314,7,0,0,0.72316905191417,0.176163088288645,0,0,0.707560192384913,0.188618981556227,0,0,0.722321742292663,0.230226866649464,0,0,0.706653232941533,0.255022680975535,0,0
"59",0.578256051672158,0.214131671414006,11,0,0,0.665407489212982,0.224033756084684,0,0,0.651849192036091,0.208613119688787,0,0,0.588467784944874,0.249766245455399,0,0,0.610904483381395,0.251639320935073,0,0
"60",0.156477522680712,0.184204572096348,7,1,1,0.15273717212075,0.170592450587374,1,1,0.159695016125687,0.18102825906467,1,1,0.361994497160577,0.240384864136893,1,1,0.172665231656057,0.224508024355098,1,1
"61",0.168837917543947,0.20597168546169,13,1,1,0.179917776948943,0.205393367610133,1,1,0.176741286192734,0.187202120445876,1,1,0.264419938668127,0.238232321299153,1,1,0.22000453881119,0.237798407113431,1,1
"62",0.676656468878107,0.245632990276329,3,0,0,0.518562881499962,0.218265808403226,0,0,0.54596422715314,0.224379416982268,0,0,0.548250804923877,0.259811437847409,0,0,0.532214626315728,0.232368798718695,0,0
"63",0.416686856817694,0.237433752219488,3,0,1,0.452891012698787,0.208926557053545,0,0,0.451221629399023,0.19521931774882,0,0,0.535409026029457,0.231546580752717,1,1,0.501664717671254,0.215699611705654,0,0
"64",0.546567709639036,0.178380615876101,9,0,0,0.623461728901578,0.175798492306454,0,0,0.606170174314227,0.153549680524798,0,0,0.635924475583262,0.205449223035496,0,0,0.584005295478626,0.232387744517171,0,0
"65",0.192861679916217,0.238750686890376,19,1,1,0.229618051457775,0.198274875094397,1,1,0.225069608011064,0.215112689537269,1,1,0.257582114010085,0.220220488005474,1,1,0.21508149134062,0.239123414985253,1,1
"66",0.212781995766889,0.251324098686939,11,1,1,0.294705083544407,0.215733060787888,1,1,0.276207644235917,0.238081045576796,1,1,0.0721411056968523,0.250042602522983,1,1,0.249263230923069,0.263924404287019,1,1
"67",0.52539837573048,0.219283140706528,19,0,0,0.437394646863705,0.206793501913783,0,0,0.452714557134736,0.207173457280855,0,0,0.435233166573788,0.271195406211057,1,1,0.48054597456294,0.260107671859404,1,1
"68",0.318658629937881,0.215940871226688,19,1,1,0.373785746897979,0.191898594157521,0,1,0.379805225061974,0.208211023465775,0,1,0.264746010574888,0.278747207326635,1,1,0.420078543458907,0.232596283061697,1,1
"69",0.501217696233481,0.176312104924906,15,0,0,0.484558122724636,0.183811892179752,0,0,0.495162734460103,0.211427567185157,0,0,0.704952783719152,0.253845477816305,0,1,0.490627402269909,0.249378874498739,0,0
"70",0.0836844224249734,0.246643272380814,17,1,1,0.089226746569563,0.178266122677175,1,1,0.0603751839466049,0.219729798902655,1,1,0.0199934686107243,0.255061040216979,1,1,0.0800661721443899,0.251298066678371,1,1
"71",0.42589008654457,0.178961503698743,19,0,0,0.429809689147227,0.199356892937055,0,0,0.422480953030291,0.191046645610505,0,0,0.553310834027768,0.235562707091301,1,1,0.437459802335853,0.218577947407821,1,0
"72",-0.183155444789264,0.211630186666443,17,1,1,-0.24141732362724,0.178515669203794,1,1,-0.239980674307637,0.220865431107098,1,1,-0.350257393471449,0.240838602379356,1,1,-0.236803696869963,0.216182818212673,1,1
"73",0.169233085172064,0.207543964491022,15,1,1,0.136217224085033,0.219616467363505,1,1,0.150072049703397,0.239592791722465,1,1,0.207551504722612,0.227402527373651,1,1,0.14935817480685,0.241224131619273,1,1
"74",0.717996256120892,0.222152925873209,7,0,0,0.673445100246683,0.189348989267422,0,0,0.676311943100492,0.203065218664952,0,0,0.891741602988069,0.212840323428046,0,0,0.731580960055548,0.239321056950104,0,0
"75",0.305138619419316,0.205830423338925,13,1,1,0.333383365073008,0.19248027460863,0,1,0.344179449184066,0.185249923134123,0,1,0.174596811428759,0.230567925311419,1,1,0.353874302665495,0.243830833808865,1,1
"76",0.531009235622172,0.20843687065097,19,0,0,0.549896671478169,0.177027377855146,0,0,0.528349280435352,0.171470624889814,0,0,0.613685069974667,0.25330871435749,0,0,0.507742554284046,0.251829524692203,0,0
"77",0.354313789120308,0.209549861534106,17,1,1,0.359562353487132,0.204348881209277,1,1,0.361364003468351,0.216138475041833,1,1,0.339400124781407,0.251938289826078,1,1,0.388813222494255,0.258795778342059,1,1
"78",0.433461780730775,0.215047483794199,19,0,0,0.394304321081549,0.19650312065367,0,0,0.395318061302544,0.210398236648776,0,1,0.415245213654431,0.238994282680875,0,1,0.365040930803185,0.230198592023587,1,1
"79",0.12518834890381,0.203144381027229,11,1,1,0.127786752665339,0.200444624460824,1,1,0.0968812283111738,0.233408743326985,1,1,0.213772042020322,0.235464598610462,1,1,0.103661176103335,0.207898788279304,1,1
"80",0.0103940721444074,0.234717726103757,19,1,1,0.0477559288545285,0.197620905811025,1,1,0.0511896030818874,0.231810708806263,1,1,0.154269683152999,0.258820293927687,1,1,0.0621035588055327,0.226417664236109,1,1
"81",0.175298657988026,0.213225272163103,19,1,1,0.225481767605742,0.163515920475944,1,1,0.229428933721127,0.207796010856288,1,1,0.240706894535813,0.221111198556748,1,1,0.244625578037843,0.219368080425367,1,1
"82",0.305032808220856,0.175047453762151,19,0,1,0.326293890472958,0.19253916495726,1,1,0.315978793538822,0.184082441055444,1,1,0.169807880148223,0.176874189552565,0,1,0.303040399301049,0.199423443787734,1,1
"83",0.323836926538609,0.21659016287061,3,1,1,0.335351669370626,0.190932393343174,1,1,0.331938862269533,0.177615344837273,0,1,0.396705232935478,0.216504398040446,1,1,0.342398798489333,0.21384612075968,1,1
"84",0.344411130146033,0.216042961415501,13,1,1,0.254562654500435,0.193606055756018,1,1,0.262196024923419,0.204304792226567,1,1,0.250966922019737,0.232610248753174,1,1,0.301827561098942,0.218090297064905,1,1
"85",-0.166123948918656,0.217247066298757,7,1,1,-0.228131322825734,0.187726974873322,1,1,-0.211673688748414,0.191437213980065,1,1,-0.228985103084265,0.230547276166239,1,1,-0.210153457592923,0.207698880167884,1,1
"86",0.48374893248341,0.228347734979988,9,1,0,0.403667093099547,0.214605082893977,0,1,0.409232805236149,0.195880578590593,0,0,0.582515862402314,0.24669392406864,1,1,0.408079802668363,0.253118922900698,1,1
"87",0.320323836351928,0.213799421080453,3,1,1,0.226494775825834,0.201920047807878,1,1,0.243121471701782,0.196895839640572,1,1,0.377363353671429,0.255623068369162,1,1,0.272608584004598,0.231223677266063,1,1
"88",0.479037228378347,0.234939873722287,19,0,0,0.470151418181395,0.23074700009432,1,0,0.509295775505281,0.198546399605947,0,0,0.352502644127534,0.28124556900593,1,1,0.458540706161336,0.250555248750437,0,1
"89",0.425011138866727,0.222274397875837,7,1,1,0.42293375327643,0.195937061842716,0,0,0.428522068854734,0.19352462153562,0,0,0.383615443798046,0.223354446497321,1,1,0.444617961843785,0.253448809299663,1,1
"90",0.508738986189197,0.228198169965485,3,0,0,0.46417126373009,0.189486303727011,0,0,0.483878199053222,0.189557609961508,0,0,0.458223035364034,0.240749449530729,0,0,0.493696773459474,0.236144678277502,0,0
"91",0.126670145814006,0.21814158856847,13,1,1,0.136582667603982,0.193123674355517,1,1,0.135105545376492,0.185416980328147,1,1,0.455731903864895,0.202808833089558,1,1,0.107155365162572,0.198825057623906,1,1
"92",0.406464798142484,0.176861783857237,19,0,0,0.391980092645355,0.19783019575392,0,0,0.430773788283954,0.175354515058359,0,0,0.254090345337233,0.247341493666195,0,1,0.393547105659985,0.208152111316894,0,1
"93",0.434703203987404,0.244030256699791,5,1,1,0.34229010244705,0.207630662438676,1,1,0.347077222252154,0.19633605508474,1,1,0.586141069055788,0.254703790756081,1,1,0.451957324261514,0.246851478019055,1,1
"94",0.628493317778251,0.21140680499233,9,0,0,0.616624941385805,0.195595595838693,0,0,0.589583878284394,0.203777234887174,0,0,0.542794351618269,0.258744829327619,0,0,0.515029857156512,0.257199429556746,0,0
"95",0.0972474367456705,0.205347361534368,11,1,1,0.134612959495546,0.175708556509802,1,1,0.144661638903204,0.183794552203495,1,1,0.17207060921889,0.229846516418259,1,1,0.145479686975874,0.237617558031423,1,1
"96",0.19057413432443,0.244883680447036,1,1,1,0.202117307842993,0.200276824344933,1,1,0.188054483168326,0.195668940894249,1,1,0.139521480680958,0.238389160951612,1,1,0.19057413432443,0.243116014932411,1,1
"97",0.248867488659026,0.192191248932551,19,1,1,0.295078135391336,0.181491800513522,1,1,0.295470952620381,0.175964287437553,1,1,0.254885642659765,0.202888960845618,1,1,0.292652210927133,0.22104365555903,1,1
"98",0.547830337907699,0.207733944759337,13,0,0,0.42921014842815,0.238945735125684,1,1,0.441994481267553,0.210798390996622,0,0,0.449114122509143,0.242317083652255,1,1,0.450863717186577,0.240691297804695,1,1
"99",0.337228944906201,0.213781809807187,13,1,1,0.296308204847846,0.18229254439691,1,1,0.296977927294741,0.191713282512273,1,1,0.200232618071487,0.26867015589333,1,1,0.269026679208595,0.2168884515704,1,1
"100",0.349685183941956,0.232985029746235,7,1,1,0.347133496651746,0.211807831714662,1,1,0.341876120146828,0.203273069819437,1,1,0.51279396736915,0.254160259701636,1,1,0.287256619038465,0.243004333488896,1,1
