"","V1","V2","V3","V4","V5","V6","V7","V8","V9","V10","V11","V12","V13","V14","V15","V16","V17","V18","V19","V20","V21"
"1",0.675158260949486,0.222452049421685,19,0,0,0.695994053345129,0.183955900721301,0,0,0.703112351621613,0.183912939866814,0,0,0.804269737045963,0.246698455127547,0,0,0.666532124843002,0.257293222823113,0,0
"2",1.0499099320331,0.26743460232896,15,0,0,0.96998109692206,0.190340878115766,0,0,0.937072201260225,0.219629577835738,0,0,1.18274772600311,0.327378294753885,0,0,0.802978571783259,0.27959786046516,0,0
"3",0.664924258580236,0.258797908340264,9,0,0,0.542746705400283,0.238324411201691,0,0,0.628521450069162,0.220886692307207,0,0,0.612793053011907,0.278893728020997,0,0,0.525023482787218,0.237805520537066,0,0
"4",1.04432468648289,0.281672001960513,11,0,0,0.998468421324511,0.27547949275003,0,0,1.05251561273488,0.253664302919774,0,0,1.04867299092391,0.369476604788331,0,0,0.902646998795275,0.419239121079236,0,0
"5",0.787162139429113,0.242680799508977,15,0,0,0.681625645916958,0.228968504147285,0,0,0.744168889678489,0.19799679176751,0,0,0.580722207171819,0.318540867900082,1,0,0.760183058106959,0.300017266528422,0,0
"6",0.78952456595265,0.291253871177914,1,0,0,0.681200458567395,0.192673814505049,0,0,0.647606054757557,0.215977578294802,0,0,0.838853468655745,0.27209238757772,0,0,0.78952456595265,0.291315555162223,0,0
"7",0.403498054351908,0.275249130412437,7,1,1,0.519943412679611,0.251270371524129,0,0,0.563524319834952,0.286269913855308,0,0,0.196411974725838,0.280262436514879,1,0,0.406729737817132,0.267202154200166,0,1
"8",0.823269836827623,0.246967945350961,17,0,0,0.814577020264609,0.244948282620613,0,0,0.810236004814212,0.224662537981916,0,0,0.931138226568955,0.261829737451275,0,0,0.80069915441709,0.304731818043371,0,0
"9",0.613856324834451,0.270412648536571,17,0,0,0.631479601627082,0.220082327715049,0,0,0.630732252572498,0.243746759567572,0,0,0.590075866493204,0.352968800320968,0,1,0.55805180639592,0.353308838363222,0,1
"10",0.462744471797941,0.359874579911399,3,1,1,0.497027715382052,0.247458942238966,1,0,0.468670789980587,0.239094949244455,1,0,0.378657355994141,0.293916563294353,1,1,0.451580701541292,0.331319126082538,1,1
"11",0.718913049013956,0.265283419424421,9,0,0,0.958303531059101,0.292790450727582,0,0,1.00067662830675,0.236554750096501,0,0,0.865549553594075,0.229702843046291,0,0,0.72207166034408,0.275869895126187,0,0
"12",0.779241246280365,0.245670874106684,15,0,0,0.700215869044314,0.257210667534674,0,0,0.695280284387819,0.263132543215747,0,0,0.803107551935976,0.327339727970538,0,0,0.734272912327206,0.286688368383315,0,0
"13",0.772559642053942,0.27054637469976,3,0,0,0.804763073963175,0.241981813101537,0,0,0.805510286325186,0.225410543553106,0,0,0.718672424633006,0.31561728754605,0,0,0.723708563340355,0.310595952329943,0,0
"14",0.21349802649852,0.258132825255591,19,1,1,0.36306991928143,0.227493617432029,1,1,0.326987085132332,0.244819811836474,1,1,0.13128248978922,0.283340710346257,1,1,0.141268949554131,0.325716773454952,1,1
"15",0.893165319275519,0.266741832852157,19,0,0,1.04917181201007,0.208561327190641,0,0,1.01886846971099,0.268503778741379,0,0,1.02430718961908,0.341401971456304,0,0,1.00365654988408,0.371947129523336,0,0
"16",0.619375710033012,0.286663488534407,15,0,0,0.673940970842619,0.273968160356515,0,0,0.626031040788387,0.261620344766958,0,0,0.227890228532732,0.427221581328857,1,1,0.68107911855634,0.423183538552872,1,1
"17",0.582795905386332,0.254391422312454,13,0,0,0.772700902595151,0.205407093671842,0,0,0.765845430401288,0.227011943247911,0,0,0.692974837091209,0.263000510468524,0,0,0.839273077421694,0.241446476517515,0,0
"18",0.692483008923003,0.294759947839288,7,1,0,0.601915335267619,0.214530168192366,0,0,0.57264911955434,0.214659891447005,0,0,0.538454940136768,0.276484712593928,0,0,0.543935992795459,0.278292007968091,0,1
"19",0.311532419495057,0.304394486609282,17,1,1,0.573458675778583,0.244017851960458,0,0,0.501272944576295,0.274851828823303,1,1,0.726412196799467,0.468970552505421,1,1,0.49691047981882,0.489260672338202,1,1
"20",0.75158985264929,0.249972992074059,19,0,0,0.753821559665353,0.22951950658508,0,0,0.795800192006896,0.227786418480875,0,0,0.568644058448872,0.321415014758809,0,0,0.604558583756634,0.306489717078286,0,0
"21",0.817895706558294,0.286970631464928,5,0,0,0.730953477604928,0.24147593096709,0,0,0.704633127954329,0.224830857121811,0,0,0.892219308506534,0.287810108776824,0,0,0.67970164919572,0.28211968837912,0,0
"22",0.897239115783073,0.27976380048284,17,0,0,0.898756572150024,0.229910729938739,0,0,0.903726741839324,0.206039379141036,0,0,1.04707000959826,0.36849190726597,0,0,0.928583200432395,0.352883550971236,0,0
"23",1.03351759658485,0.252819699517748,17,0,0,1.01386346618169,0.205057390841789,0,0,1.06076911855493,0.237553415895275,0,0,1.11414453147954,0.266549849023656,0,0,1.06502986804512,0.304384872412538,0,0
"24",0.597859009691097,0.293631522320222,9,1,0,0.501160965968593,0.23599436179312,0,0,0.458452987050829,0.266413826455479,1,1,0.309048111157289,0.308530810568896,1,1,0.424184606407339,0.302209519339004,1,1
"25",0.270509510773984,0.237124613312209,15,1,1,0.29526813841053,0.205436399088492,1,1,0.27674203370269,0.208601781696778,1,1,0.178064441244421,0.219595695382963,1,1,0.183981524798055,0.277131529079094,1,1
"26",0.361656625577133,0.281753727699211,19,1,1,0.499475779759041,0.220198605061786,0,0,0.39556546783347,0.250373634843866,1,1,0.376167671018415,0.287934085157124,1,1,0.399891242577263,0.305645762892894,1,1
"27",0.924948044780862,0.249866227092549,15,0,0,0.984949876455592,0.202735746091577,0,0,1.03430131218114,0.245979333094834,0,0,0.892131639241541,0.244402430216282,0,0,1.05466397290358,0.233552548277193,0,0
"28",1.17631581340867,0.227850745336841,13,0,0,1.08343890152115,0.231922110729348,0,0,1.0682250130319,0.234045840704567,0,0,0.962167288117272,0.25550287412219,0,0,1.12726227885423,0.25238900068315,0,0
"29",0.430183579571771,0.257143110641618,15,1,1,0.295617558932656,0.229884857048483,1,1,0.269823646814211,0.215543639637647,1,1,0.367815393716072,0.29080184639906,1,1,0.437453436420874,0.303654107871472,1,1
"30",0.702698809053538,0.251845014418599,19,0,0,0.70999427954612,0.206848960130094,0,0,0.735579933410235,0.248126074377603,0,0,0.733011155328414,0.247347264058685,0,0,0.63702770067046,0.258637232652874,0,0
"31",1.05569793815261,0.254373574715788,7,0,0,1.03329783387841,0.2224419242133,0,0,1.17953227431887,0.217028222793139,0,0,0.941103644420987,0.330880300140126,0,0,1.14105399649629,0.315381843305075,0,0
"32",0.50952647119135,0.244199548992402,15,0,0,0.571133509626909,0.192844169058544,0,0,0.554375936343009,0.187522169883882,0,0,0.758621727740546,0.267485899903075,0,0,0.517057586463547,0.250518644188187,0,0
"33",0.58849054355664,0.244326994050283,9,0,0,0.580485593328178,0.207374740277462,0,0,0.55743994777512,0.205641245919663,0,0,0.675331536222564,0.252294829357381,0,0,0.543634797648901,0.255332299163637,0,0
"34",0.665807982165294,0.25385427158975,11,0,0,0.531701021315152,0.25459251650704,1,0,0.533966665926236,0.207935136895237,0,0,0.576306802896026,0.282606991168151,0,1,0.472975200148155,0.255753864270988,0,1
"35",1.12780890900722,0.219671770546179,9,0,0,1.26761892399001,0.234186364070148,0,0,1.25554970583393,0.265622268949958,0,0,1.0740866099114,0.249432747144154,0,0,1.05174082672631,0.294241815457169,0,0
"36",0.375088821928042,0.260385425030274,13,1,1,0.392272546477738,0.267313818329486,1,1,0.341683994060626,0.262737612734351,1,1,0.404358726405018,0.313588436800138,1,1,0.335831913998199,0.317437725389015,1,1
"37",0.632364357489006,0.231767389452145,15,0,0,0.82633057355161,0.223095833521412,0,0,0.91611563076275,0.264535250008462,0,0,0.740110244061716,0.246736560144416,0,0,0.712764296471276,0.26049284192973,0,0
"38",0.85160529260928,0.276233558399885,9,0,0,0.840647332951716,0.204120203049254,0,0,0.87993748442292,0.212535608409739,0,0,0.984368117336775,0.266537800373578,0,0,0.810393552335054,0.264479136943654,0,0
"39",0.85490624070286,0.240770636849317,11,0,0,0.875042303390161,0.216645850756399,0,0,0.861232390159438,0.199727596397816,0,0,1.01256669426663,0.250304043671626,0,0,0.785733277489441,0.283307766756092,0,0
"40",0.957517345948114,0.233241503171581,17,0,0,1.08659740427107,0.20752116061073,0,0,1.10914299836535,0.279324127232612,0,0,1.07567865160467,0.270332570303497,0,0,1.05294758814568,0.297733373581389,0,0
"41",0.360465887797734,0.198654926905271,9,0,1,0.436448356970498,0.224293764727855,1,1,0.417651457515547,0.20243991598205,0,0,0.522708037640782,0.231941503944789,1,1,0.384421059411529,0.22226343556713,0,1
"42",0.402900274330269,0.283086482051109,3,1,1,0.633673416893609,0.21012474510438,0,0,0.615007210149234,0.222153665382058,0,0,0.291977396422469,0.284441297144224,0,0,0.56655003248617,0.267120405728507,0,0
"43",0.956631385208662,0.299581687494683,7,0,0,0.831570528067326,0.245271580990415,0,0,0.841481984609747,0.308879092168918,0,0,1.0619413205137,0.272849234212685,0,0,0.643636666862025,0.302163945252824,0,0
"44",0.85554230323286,0.195974321868066,13,0,0,0.818981825519754,0.240530632331853,0,0,0.774047931552827,0.26603073464961,0,0,0.767230690058692,0.251705945618163,0,0,0.729812850118293,0.250984635817619,0,0
"45",0.704760451770233,0.248996531144153,13,0,0,0.559660203732934,0.221016595319479,0,0,0.571957107590733,0.190690890373385,0,0,0.438572013684006,0.266606242224468,0,0,0.633278651915564,0.261313996488801,1,0
"46",0.984165240250307,0.303757265313566,5,0,0,1.06162496573654,0.296601389721838,0,0,1.09660269472715,0.325264568808762,0,0,1.27603919033296,0.348967489936149,0,0,1.02964340027546,0.353117735999741,0,0
"47",0.71771184131453,0.280459777849029,15,0,0,1.06171641849821,0.321115654175754,0,0,1.04580497560264,0.271080914955306,0,0,1.00989022515926,0.288305373079549,0,0,0.858967896313542,0.262193457490711,0,0
"48",0.259422505461535,0.262248324166732,1,1,1,0.469984398328724,0.189658379134347,0,0,0.391736370396389,0.219916253918675,1,1,0.378524629148686,0.308364896228815,1,1,0.259422505461535,0.275668326613435,1,1
"49",0.634661787082493,0.232795451535264,11,0,0,0.773638414377014,0.308329490256216,0,0,0.751492625108294,0.274186783040472,0,0,0.740719694307003,0.231562119330002,0,0,0.639324724952349,0.270180398256962,0,0
"50",0.897803584754007,0.285339828832792,13,0,0,0.904672888458718,0.200729225192997,0,0,0.934155932139069,0.228047945971559,0,0,1.13923908762996,0.332609242743215,0,0,1.0327237035671,0.312736085461933,0,0
"51",0.787679561955372,0.267159426603475,13,0,0,0.813882319893032,0.24288383308408,0,0,0.828745734989889,0.210312598479178,0,0,0.704206725541937,0.439947564490829,0,1,0.727812453758679,0.467210628380846,0,1
"52",0.765565824050226,0.230164489369128,19,0,0,0.85778526058972,0.220954101638599,0,0,0.836989832816102,0.232501584652362,0,0,0.776367794236523,0.25647210287673,0,0,0.752207578784683,0.265992079111516,0,0
"53",0.521605562990734,0.278279992193606,11,0,1,0.701349998046819,0.199496803726795,0,0,0.652201440208487,0.213780074185696,0,0,0.519668204695652,0.349645027348916,1,1,0.466050162236718,0.370231722932501,1,1
"54",0.702728720715968,0.241892557750386,15,0,0,0.642330725996168,0.210733235112174,0,0,0.619863543959375,0.222568683674234,0,0,0.831011241705626,0.24314621944835,0,0,0.725417744949662,0.224188734656764,0,0
"55",0.850897421573174,0.256947099406368,9,0,0,0.571431684970988,0.326673181995069,1,1,0.555287093836948,0.362316925696921,1,1,0.82627287932409,0.316848015870724,0,1,0.754220763424712,0.302609605561776,0,0
"56",0.765621717416705,0.269281205624816,9,0,0,0.714362816418309,0.225077596884615,0,0,0.719081309838339,0.255481166013294,0,0,0.683765853794501,0.267417859688008,0,0,0.742279851646432,0.279548006690559,0,0
"57",0.59632250918968,0.231031397987991,9,0,0,0.660551056940104,0.199568269570126,0,0,0.619107433092601,0.232102753453889,0,0,0.326891094562516,0.375010976983888,0,1,0.488778253615237,0.323490604405268,1,1
"58",0.592402896636061,0.259190839369989,17,0,0,0.619634453919831,0.21517926518084,0,0,0.661392683745194,0.214868281129601,0,0,0.665892391932153,0.233374254536481,0,0,0.65948506313408,0.267433966963173,0,0
"59",0.627723044602402,0.358111510432231,3,1,1,0.674046991576979,0.252595360208515,0,0,0.655557401842276,0.266286554752996,0,0,0.707407874927924,0.274831662405588,0,0,0.614810412146449,0.317116239569918,1,1
"60",0.466343173734581,0.245230374479704,17,1,1,0.534220539220097,0.255623179943164,1,0,0.532126392419236,0.267640566705734,0,0,0.752598669091285,0.360982690781695,1,1,0.445589415299754,0.299411984075128,1,1
"61",0.283236807036752,0.292292291814122,13,1,1,0.263429802488577,0.27691106037398,1,1,0.250662574753508,0.25737293211449,1,1,0.116323830051836,0.401111644490077,1,1,0.331372730198353,0.327785591891349,1,1
"62",0.585113539763837,0.263836713741848,13,0,0,0.628818448447849,0.20446099197058,0,0,0.631957786873713,0.261278839774409,0,0,0.713979937940961,0.436133140929196,1,1,0.579200373848167,0.322743146846259,0,1
"63",0.467739291487554,0.276923602739744,19,1,1,0.380396791079995,0.259030728524697,1,1,0.388601813507709,0.259338523958403,1,1,0.313205067401284,0.293640939969704,1,1,0.552994610545467,0.302213924237117,1,1
"64",0.480403244745817,0.256337961922437,13,0,1,0.462110708927303,0.245015815220392,0,1,0.44252069795629,0.255987222406351,0,1,0.591738769666148,0.290628658755569,1,1,0.487370872051237,0.286252294099127,1,1
"65",0.437889132002331,0.257631851457836,7,1,1,0.2710814665627,0.353888520896518,1,1,0.270149750232614,0.308231925468616,1,1,0.62093575829227,0.307442865739425,1,1,0.379847585290315,0.294430851942705,1,1
"66",1.04491016501951,0.35374032441281,7,0,0,1.02238225102845,0.231798646000356,0,0,1.02523044344958,0.228501782745169,0,0,1.06258624831698,0.344483247713124,0,0,1.02008391813348,0.298796229207287,0,0
"67",0.478461478038934,0.25730725935936,13,1,1,0.55561552465124,0.211287496481242,0,0,0.55767267909407,0.205135128101394,0,0,0.537588868695708,0.316065930671498,0,1,0.599659867391245,0.278838403989692,0,0
"68",0.322084817103778,0.28100466598538,15,1,1,0.317776746458856,0.244583928549863,1,1,0.321518354005581,0.237541960176868,1,1,-0.118056123876686,0.297789023661481,1,1,0.319015600725787,0.300629800738656,1,1
"69",0.40911699297533,0.291536063763037,11,1,1,0.362771974922416,0.288011602241604,1,1,0.360815945279115,0.2916135306581,1,1,0.465962297313632,0.302925264569598,1,1,0.354147103951319,0.337586125219528,1,1
"70",0.876846935283168,0.270996944009669,11,0,0,0.842662527548859,0.202336059442942,0,0,0.875367473036639,0.257814598432738,0,0,0.841758403723529,0.290342941119685,0,0,0.719512958718765,0.359590184979485,0,0
"71",1.18724119066876,0.253134085687021,11,0,0,1.02064987560088,0.215819024630213,0,0,1.08227280195551,0.223055235765892,0,0,0.967750724737835,0.30803378918762,0,0,0.987545061102678,0.302066863768807,0,0
"72",0.524706927135444,0.28072012246002,11,1,1,0.596947797320456,0.20939564642621,0,0,0.576749714971667,0.249780830265092,0,0,0.531097785361934,0.318860136235499,1,1,0.700755705542971,0.291276272841367,1,0
"73",0.814089593277663,0.246551566042266,19,0,0,0.613610584718217,0.245483785180532,0,0,0.620203774691346,0.266499798210813,0,0,0.429332191678067,0.263076849216207,0,0,0.86048463789084,0.267431740362159,0,0
"74",0.801774890938904,0.284530807064148,1,0,0,0.729339519754642,0.228327844633446,0,0,0.754325244973039,0.253252582747658,0,0,0.71785400420495,0.285159302103679,0,0,0.801774890938904,0.209920061216241,0,0
"75",0.756613061527301,0.271765841023482,17,0,0,0.715731616617774,0.229668055362993,0,0,0.746918852263977,0.231409999829242,0,0,0.841789798493832,0.230465273835681,0,0,0.513051854940861,0.249445386470104,0,0
"76",0.915851289596717,0.218326835545006,19,0,0,0.917632337347132,0.219670343031362,0,0,0.938055579420599,0.235982747587664,0,0,1.19201720710627,0.264421054212828,0,0,0.896306709832443,0.234819176417843,0,0
"77",0.502692671764141,0.26322242108171,11,1,1,0.590533397667679,0.200992160415467,0,0,0.571900802174213,0.225652398739343,0,0,0.959278646707981,0.28594087018194,0,0,0.547344002079508,0.291815175723629,0,1
"78",0.981278395976694,0.235421740589629,19,0,0,0.980836071767714,0.256249961401697,0,0,1.03186880141538,0.237009512474699,0,0,1.03405506830124,0.342767903404099,0,0,0.883427489310243,0.31662075546073,0,0
"79",0.569694656476449,0.31828941313696,5,0,1,0.672640101515762,0.214687539926466,0,0,0.712547134952668,0.267674581065177,0,0,0.711128828974482,0.293970701452993,0,0,0.722119245956427,0.274014959545801,0,0
"80",0.478744873845558,0.243851071696261,17,1,0,0.50899497842753,0.217440973864318,0,0,0.492857720872746,0.199902327512265,0,0,0.542098780370787,0.26669951678297,1,1,0.467212142321942,0.240612369699776,0,1
"81",0.964691648443045,0.249877837863418,9,0,0,0.923142417623468,0.189076432791217,0,0,1.01810281132563,0.209336728855197,0,0,0.937746360041553,0.231328923476298,0,0,0.930780605567019,0.273053828407053,0,0
"82",0.316976721191481,0.266922701508999,5,1,1,0.41639085084214,0.226602098139775,1,1,0.375209950368547,0.237797455089525,1,1,0.418613073431463,0.3522752638139,1,1,0.377344395844166,0.322313722677734,1,1
"83",1.07114197774369,0.29907269957388,13,0,0,1.02607114402027,0.228674468277149,0,0,1.05944031606505,0.256154947071874,0,0,1.39540165702606,0.366457124651431,0,0,0.922303628048064,0.364961012006879,0,0
"84",0.554723754889651,0.283217153319898,5,1,1,0.369311554530511,0.228792644054433,1,1,0.377001069746653,0.246398017593724,1,1,0.18165460354252,0.320610735283328,1,1,0.319014693565633,0.294828252820121,1,1
"85",0.60432525291322,0.235026538651093,11,0,0,0.652192972181393,0.217199092558635,0,0,0.642940088352051,0.178578732218259,0,0,0.692960159104168,0.262494545576086,0,0,0.60149991674713,0.245266112318909,0,0
"86",0.208866480586444,0.22125916205354,9,1,1,0.323346535364097,0.189249957839424,1,1,0.336904046597865,0.235960770632063,1,1,-0.0685828795554639,0.272312688221793,1,1,0.437174875541766,0.247619868934054,1,1
"87",0.516791684958796,0.291366434369898,7,1,1,0.432296761536846,0.22413787928119,0,1,0.465947124277288,0.231899252053473,0,0,0.391317197348039,0.298499002028675,1,1,0.484538167346442,0.375724750292457,1,1
"88",0.733405641342886,0.301965979622258,17,0,0,0.92607473998556,0.356799776018583,0,0,0.965244323864926,0.306219035577889,0,0,1.03418226695936,0.435268128725561,0,0,0.846231809283939,0.362269250736548,0,0
"89",0.657125432512295,0.217931636046879,17,0,0,0.666586756548577,0.245725410251664,0,0,0.657789693816132,0.256901057494903,0,0,0.451286100939077,0.31259988966703,0,0,0.692724516000894,0.311324074332767,0,0
"90",0.697579798538512,0.25794439600176,7,0,0,0.702976972848566,0.238371183883375,0,0,0.695426889728798,0.22399570155973,0,0,0.575711075263496,0.276950479153068,0,0,0.621228169489019,0.254144141539621,0,0
"91",1.06083199475598,0.251025739987259,17,0,0,0.904444819570305,0.315978003060172,0,0,0.915325096835309,0.295405670398139,0,0,0.846653074409712,0.29466644588376,0,0,0.903684899998658,0.313760933430053,0,0
"92",0.302162586573036,0.307479542476591,3,1,1,0.548064480019341,0.199449836170192,0,0,0.549018429525724,0.218505544262063,0,0,0.24557346987159,0.327723605087692,1,1,0.467889196157203,0.318468390322117,0,1
"93",0.988984420178065,0.2643312202033,11,0,0,0.890390714002359,0.216753407368962,0,0,0.880992291180193,0.230912217483744,0,0,0.754278737048242,0.372749198637362,0,0,0.8251086603819,0.296686516149375,0,0
"94",0.185088767165379,0.251685767238241,13,1,1,0.143112748273187,0.296864588638221,1,1,0.161612577967412,0.212005557951279,1,1,0.148025781767068,0.253824456006253,1,1,0.196448647315786,0.244884691550179,1,1
"95",0.538121676966664,0.192455085137603,3,0,0,0.622697525170402,0.170022701740433,0,0,0.602050390275629,0.177372696054035,0,0,0.377375925468566,0.218906415811902,0,0,0.571207926820415,0.22537606701589,0,0
"96",1.10773492208941,0.275318068981869,11,0,0,1.11758260669763,0.21396983561439,0,0,1.13065920594292,0.234082239212835,0,0,1.30807269554606,0.340911704885069,0,0,1.02352912412495,0.319615422689398,0,0
"97",0.562127001244965,0.294412299855598,5,0,1,0.824281685138618,0.24927407067881,0,0,0.879938429646999,0.271367993607873,0,0,0.389999292378276,0.308004609003287,0,0,0.612091417226891,0.330859687262957,1,1
"98",0.74666697630729,0.217654224367793,15,0,0,0.676025737032583,0.241885143433638,0,0,0.66281593921078,0.242104685745932,0,0,0.93873030157387,0.336550399051114,0,0,0.597950502095469,0.259858375384586,0,0
"99",0.579800066675191,0.212205986402587,15,0,0,0.542425118342319,0.193214712722186,0,0,0.57386848679416,0.204550633437892,0,0,0.531814203332188,0.275688912982674,1,0,0.524631032631549,0.26963724738947,0,1
"100",0.373043924235456,0.273285743184465,5,1,1,0.444101076201591,0.200994516028481,0,0,0.422945602124274,0.245131178747002,0,1,0.391642740209368,0.276106827413638,1,1,0.408389498122121,0.260035376373062,1,1
