"","V1","V2","V3","V4","V5","V6","V7","V8","V9","V10","V11","V12","V13","V14","V15","V16","V17","V18","V19","V20","V21"
"1",1.54238069288747,0.44640217041084,1,0,0,1.19711506926446,0.452892155504056,0,0,1.02960966838767,0.552945911266343,0,1,1.72539213591012,0.442645035812849,0,0,1.54238069288747,0.432214058417809,0,0
"2",-0.105235642666304,0.412296963397058,19,1,1,0.133767729243714,0.398772682517156,1,1,-0.116161879881707,0.446968655842948,1,1,-1.11492843832267,1.17304789865161,1,1,0.0128086122163184,1.07040710007147,1,1
"3",0.583157545201072,0.409273703926085,13,1,1,0.570587576718964,0.335708389066918,1,1,0.748252627906589,0.408589148185751,1,1,0.679774068810853,0.331767093079221,1,0,0.350364363689159,0.403238845649082,1,1
"4",-0.301022001462214,0.290759423845796,17,1,1,-0.569057037634269,0.630684162189699,1,1,-0.625879226140759,0.522509804065697,1,1,-0.315683329851182,0.540953440420151,1,1,-0.337556895666071,0.488364402533151,1,1
"5",-0.770276366604542,0.481809758448584,7,1,1,-0.590923216193918,0.542844693221051,1,1,0.0999040153139274,0.70402767441062,1,1,0.0807390426534157,0.452800586231647,1,1,-0.0386250320094618,0.574947461771749,1,1
"6",-0.0421435999577842,0.389659931825181,5,1,1,0.545837492478362,0.380442696030844,1,1,0.336915321677936,0.554086352168438,1,1,0.331767346831467,0.4460531577195,1,1,0.116555971042464,0.523938176120388,1,1
"7",-0.0476473517445937,0.390098427248849,17,1,1,0.0256249725277104,0.263463704853478,1,1,-0.0731528828215699,0.363470633075895,1,1,-0.597319474828477,0.519858241877676,1,1,-0.038976616811712,0.582981276370947,1,1
"8",-0.479447555459561,0.367687048121372,17,1,1,0.411960572543723,0.449889262807884,1,1,0.200051924413323,0.465191620330299,1,1,0.577230981901967,0.683075907825205,1,1,-0.136370385872045,0.573745314979444,1,1
"9",-0.351237175842355,0.382009515065523,1,1,1,-0.102856103399744,0.28576727334903,1,1,-0.36104010249523,0.242881513008467,1,1,-0.281346397113765,0.371548788211888,1,1,-0.351237175842355,0.427736924945019,1,1
"10",-0.869648113447602,0.41694438675271,7,1,0,-1.86501330124449,1.17362409172461,0,1,-1.40946204824499,1.30254353082819,1,1,-1.43334996261012,0.537626591348294,0,0,-0.322852883957457,0.661483235438024,1,1
"11",0.367851177131858,0.281872712478059,17,1,1,0.603592711194709,0.215284997138829,0,0,0.35050567702414,0.304039196547479,1,1,0.496669679263638,0.567562529514694,1,1,0.19563213191728,0.568375690110988,1,1
"12",-0.00160566151450294,0.34509769810749,11,1,1,0.307781371502325,0.215806763477849,1,1,0.0476037110211941,0.24657788801194,1,1,-0.196958973742589,0.305673724534129,1,1,-0.106942370001327,0.432014680932661,1,1
"13",-0.0613660766148272,0.331822902382368,19,1,1,-0.217243930676685,0.537354907652912,1,1,-0.107070577912649,0.340982649173058,1,1,0.119694767510532,0.677691921658773,1,1,0.271705722605955,0.647301020572168,1,1
"14",-0.210130059573863,0.370310922397031,19,1,1,-0.459834788225659,0.419881297917055,1,1,-0.515081716702351,0.482974942896512,1,1,-0.835558824492152,0.569604921625873,1,1,-0.17192476704499,0.764810219711334,1,1
"15",0.150765961249503,0.391121395409095,11,1,1,1.52470813559754,1.35113105649954,1,1,1.51926477283568,1.34772646761464,1,1,0.708015894677215,0.414736798857621,1,0,0.316335499606349,0.478537622719786,1,1
"16",0.515334398681353,0.421101045429606,11,1,1,0.495880361619582,0.288659154867956,1,1,0.237703720280976,0.303446672676838,1,1,0.425926594535086,0.506231129007333,1,1,0.115033082575602,0.529656937526723,1,1
"17",-0.479622531545631,0.397214911549516,17,1,1,-0.0297813143368741,0.239823843126216,1,1,-0.273434990334882,0.33059724271796,1,1,-0.823644521453432,0.674925623481783,1,1,-0.140287014299582,0.605252343605997,1,1
"18",0.107944160277716,0.366941246907348,11,1,1,0.152869630739671,0.290567549736732,1,1,0.0370318806103384,0.382723117239066,1,1,0.0737254688410242,0.393693071622181,1,1,0.169713306012563,0.503919271816535,1,1
"19",0.146693437779821,0.46257327048137,7,1,1,0.715027994983462,0.447887765235181,1,1,1.01533313244659,0.764007275686183,1,1,1.13478954571265,0.651229023216972,1,1,0.209886223582216,0.832313520750757,1,1
"20",0.413922188002449,0.415360566194241,17,1,1,0.439706127397957,0.341537332275979,1,1,0.501395770491395,0.441072252969724,1,1,-0.289043235222642,0.85831612662288,1,1,0.61766659943616,0.941981527999024,1,1
"21",0.788816810597674,0.353455105171456,17,0,0,0.758620529016745,0.32359541348013,0,0,0.465997397216099,0.325169717185659,1,1,0.374876638412506,0.520245245705918,1,1,0.219930090283762,0.43523251560449,1,1
"22",0.228377517838561,0.376812926323261,17,1,1,0.0662492251471826,0.39422288376547,1,1,-0.182574971947352,0.460692199842935,1,1,-1.02353205056139,0.905023254196553,1,1,0.0720357950661531,0.80754222505452,1,1
"23",0.307822351733768,0.358575563161443,19,1,1,0.712932352961485,0.469476158762101,1,1,0.420520805996628,0.394827666299858,1,1,0.665841155718609,0.431211085443842,1,1,0.277873658966107,0.428006221253307,1,1
"24",-0.937733131511934,0.447303809949206,13,0,0,-0.0755212648412016,0.570680835805333,1,1,-0.0281661335925019,0.745262288216034,1,1,0.277388165907205,1.34277480454874,1,1,0.0460979702028925,1.14323305170388,1,1
"25",0.284030839353223,0.447706190261998,19,1,1,0.413203643676883,0.218975280730217,0,1,0.128125107805577,0.29247718711655,1,1,-0.233355316613106,0.659910799175448,1,1,0.174179222151386,0.623056437537808,1,1
"26",0.378090217778708,0.336788423285596,19,1,1,0.842235903840886,0.469819586936129,0,1,0.629493668633268,0.451947479003194,1,1,1.31176056674819,0.559759382039857,1,1,0.153113657352081,0.703335733678488,1,1
"27",-0.173597602029674,0.39470160315342,11,1,1,-0.114953132535038,0.778327820826003,1,1,-0.00263022719445268,0.745256608121243,1,1,-0.403451029496344,0.651856751852509,1,1,-0.127076552490954,0.672055189178503,1,1
"28",-0.151394627366321,0.452829171629668,17,1,1,5.85104191754437,5.35377017514874,0,1,5.14110524860342,4.39536723180849,1,1,1.34883589818271,0.824129819345547,1,0,0.255307018708744,0.992804461935429,1,1
"29",-0.657960946436495,0.404375135941216,9,1,1,-0.440280320671225,0.607487773728106,1,1,-0.717797734564783,0.55500085713929,1,1,-1.21408194063415,0.585324465573661,1,1,-0.299296449689408,0.670605976558281,1,1
"30",-0.443037187537786,0.370993548310553,1,1,1,-0.462843223393363,0.504834299215258,1,1,-0.456058198570505,0.281448334774527,1,1,-0.471365222286692,0.355496395814964,1,1,-0.443037187537786,0.425774622693505,1,1
"31",0.241035414894677,0.405226390410787,9,1,1,0.370459728557873,0.294492177191672,1,1,0.158403297220609,0.310197711930565,1,1,0.0763417208032282,0.476694330410033,1,1,0.101787856376215,0.557137925565627,1,1
"32",0.25387026084083,0.43386413896654,17,1,1,0.275616340922343,0.333888902925465,1,1,0.22404973639818,0.302558292351137,1,1,-0.658054538201785,0.858585940719954,1,1,0.109514104871072,0.718399802092649,1,1
"33",0.0936748535522628,0.377221855616673,17,1,1,0.0186334040276759,0.344714328772234,1,1,-0.128692190468346,0.406054914934675,1,1,-0.546668604968106,0.47178882227492,1,1,0.175094351098152,0.482156508879182,1,1
"34",-0.149244961727248,0.501792179329462,11,1,1,-8.30070062729894,15.3483680170664,1,1,1.58426566649499,7.09423848907203,1,1,-0.0682379992229685,0.670207313313017,1,0,-0.200356984913557,0.647323006030859,1,1
"35",0.354036349326988,0.34315282186563,13,1,1,-0.0959700442353378,0.471184505538708,1,1,-0.128141677933179,0.430038186359036,1,1,-0.00131530498743156,0.594703617490025,1,1,-0.114562156524907,0.577021202387089,1,1
"36",0.234386690754481,0.574661398153973,19,1,1,0.128255122178018,0.402194247319597,1,1,-0.0635692816394176,0.441720626822986,1,1,0.247764283897249,0.710833542646006,1,1,0.19322049535161,0.85899332110116,1,1
"37",-0.831394200496464,0.477384661137022,19,1,1,-0.359180445761355,0.590458822344685,1,1,-0.585234159520016,0.483561729221133,1,1,0.501144249112128,0.759611055020366,1,1,-0.480730528353735,0.819098962915163,1,1
"38",0.165521702269475,0.387325071019778,13,1,1,-0.0101998893401935,0.328415073960576,1,1,-0.197835890054587,0.336238322034748,1,1,0.0844923921328042,0.650681832704989,1,1,-0.0735635142561478,0.636064433190102,1,1
"39",-0.152997250350595,0.420055667503716,13,1,1,0.459656231254025,0.496764195379805,1,1,0.357801155192742,0.546390796062478,1,1,1.06245119548642,0.558552765196701,1,1,0.423189563372139,0.557939702466432,1,1
"40",-0.546193046199591,0.469980503694659,9,1,1,-2.10555335265288,2.66121770109852,1,1,-1.85063639347235,2.21196485413243,1,1,-0.492544392265442,0.779455161115353,1,0,-0.612947598137434,0.639012461110145,1,1
"41",0.0779642954885478,0.409882445107006,17,1,1,0.846055921350782,0.474539485340524,0,1,0.449272271140799,0.612691907714066,1,1,1.14603864239684,0.703581796430751,1,1,-0.129692123138974,0.698312102820767,1,1
"42",0.815478131682056,0.367406376621509,9,0,0,0.358925324791706,0.700285083889996,1,1,0.289819151285303,0.575689901463057,1,1,0.693177375663305,0.5720755821543,1,1,0.619850149922129,0.54706418550226,1,1
"43",0.305294072892238,0.370989315199915,1,1,1,0.487863613171278,0.390096969075248,1,1,0.535694710774134,0.42522484563878,1,1,0.332021396265421,0.326907946377134,1,1,0.305294072892238,0.385917880444918,1,1
"44",0.393177591306371,0.498933562555622,5,1,1,-0.107600986470879,0.606601943020803,1,1,-0.223330828321606,0.514984858557541,1,1,1.16994507009786,0.558683947537734,1,1,0.210746429952638,0.510585727638736,1,1
"45",0.0289504452509783,0.301107626182318,19,1,1,0.312919788710985,0.231155457677771,1,1,0.00388810059185055,0.262135504640445,1,1,-0.204468379263016,0.579839129787292,1,1,0.0306301629752573,0.571038938291448,1,1
"46",0.170921473776407,0.383786806080627,15,1,1,-3.48315778277734,4.46918377793854,1,1,-2.14028574217171,2.15636663263185,1,1,-0.587042806141226,0.469343413784818,1,0,-0.348123278563032,0.363793787584975,1,1
"47",-0.0451052144859675,0.454590989120283,11,1,1,0.310762339539662,0.36220605534205,1,1,0.103821095703472,0.475302722845686,1,1,1.74664617804315,1.30526870464754,1,1,0.00949608885183365,1.23235087884557,1,1
"48",0.07516447765355,0.583512263623109,9,1,1,0.362829024918021,0.265042119193123,1,1,-0.0752587931582875,0.386743018622612,1,1,-0.207435431537502,0.898148407229285,1,1,-0.263198692421926,0.76716773674935,1,1
"49",0.194820259381137,0.589467998981108,5,1,1,0.269171040686371,0.317544456988978,1,1,0.0452923426365644,0.293768059803162,1,1,0.120254801124306,0.752441639702846,1,1,0.0667603814806668,0.683256458631033,1,1
"50",0.0551288486937615,0.321923797609439,19,1,1,-0.18698834142403,0.388002430421307,1,1,-0.179616436018827,0.321890834483479,1,1,-0.196382976225156,0.426245833198999,1,1,0.026574393272008,0.491145439302551,1,1
"51",-0.0125855540068625,0.318705493274917,9,1,1,0.0170441673531992,0.307538250987013,1,1,-0.206446728825463,0.294487173668379,1,1,-0.0525364118693888,0.418434617002442,1,1,-0.250152704012945,0.421543032323197,1,1
"52",-0.0459400762723421,0.472038918137887,11,1,1,0.392155864086075,0.262206293013128,0,1,0.309578815620553,0.268980129433062,1,1,0.753263876780047,0.693819740944914,1,1,0.332668441169489,0.659348491100183,1,1
"53",0.0145001968919606,0.293938699594906,17,1,1,0.300466931316217,0.198315589955676,1,1,0.226038913249737,0.422309212521623,1,1,0.111687166159596,0.358152542823933,1,1,-0.106185856478632,0.380065988981791,1,1
"54",-0.148399383881592,0.315023628771491,13,1,1,-0.7996553162185,1.03988679082449,1,1,-1.03620511777059,1.44324627178193,1,1,-0.325474117029036,0.474083327347302,1,0,0.0451390519644598,0.497665982010985,1,1
"55",-0.277518717649328,0.408705392065124,15,1,1,-0.381206338135002,0.318350138750936,1,1,-0.593450798530885,0.38131252190397,1,1,-1.70679033573679,0.968157479949267,1,1,-0.549519476751646,0.907398445589208,1,1
"56",0.00518798051583336,0.422550376375097,9,1,1,-0.0715203500063033,0.360010043024691,1,1,-0.0781262009103866,0.432242884646596,1,1,-0.331228384023641,0.480980714008621,1,1,-0.0813167467668869,0.657861576812507,1,1
"57",0.288167593707643,0.293784174364136,17,1,1,0.122311986236571,0.537864580554474,1,1,-0.0209734791997411,0.422433378307599,1,1,0.0727402221666731,0.422109812307451,1,1,0.046704071510972,0.385358975468152,1,1
"58",0.458586291871797,0.29775628026855,5,0,1,0.68227536882929,0.291793488194734,0,0,0.442216312846931,0.318659093884179,1,1,0.560383234551176,0.320265863436959,0,1,-0.0226677514918915,0.345726597462298,1,1
"59",-0.332181970292219,0.397718261154779,19,1,1,-0.25062385373777,0.530138940928126,1,1,-0.304822733641103,0.321797598685399,1,1,0.311663551875859,0.823549302343674,1,1,-0.124358291426955,0.644216318755249,1,1
"60",-0.542177326093622,0.345070464238729,19,1,1,-2.45800114143636,2.7701478574605,1,1,-2.38074732125788,1.87485538925453,0,1,-0.969893146006321,0.803526333385699,1,0,-0.269590189306779,0.80531310924195,1,1
"61",0.64873620989827,0.543873530640224,13,1,1,0.81225021352944,0.306475626701332,0,0,0.538371990522099,0.291165445420623,1,1,0.87200385486606,0.620380856193535,0,1,0.123748762761752,0.565715283753562,1,1
"62",-0.207689381716458,0.389426398512593,17,1,1,0.362605144118014,0.439272075115241,1,1,0.262020892612384,0.592113826104245,1,1,-0.0706903836701808,0.644243426468395,1,1,0.0204318878421582,0.65044002374637,1,1
"63",-0.159973499774965,0.354282866799058,11,1,1,-0.0303701515877403,0.285703828643489,1,1,0.158928642513368,0.443434113586506,1,1,-0.252986662241749,0.379422778011652,1,1,-0.296693456753525,0.372859734004741,1,1
"64",-0.185720036522703,0.520208701621685,5,1,1,-0.491266966998155,0.942936247779332,1,1,-0.337252224873109,0.915119484961069,1,1,0.0345988929276102,0.459681833884915,1,1,0.119022380048024,0.436561250371104,1,1
"65",-0.502836296740031,0.398411507233726,17,1,1,-0.761443441359613,0.764514820419119,1,1,-0.823231976139935,0.6034609946949,1,1,-0.887991899217504,0.798350495013475,1,1,-0.530840154464532,0.650081603792563,1,1
"66",-0.0618634589970216,0.371156954620225,19,1,1,0.651801181508261,0.655768988918145,1,1,0.410600170577363,0.647132595289424,1,1,0.627719487666064,0.715146522240788,1,1,-0.0636379790601262,0.73608022336757,1,1
"67",-0.477481585454529,0.386386095937779,1,1,1,-0.384599550306009,0.336919911676901,1,1,-0.557125583683066,0.391285556492612,1,1,-0.509032992301277,0.405451240692627,1,1,-0.477481585454529,0.402040107107383,1,1
"68",-0.326469518731603,0.427681239630948,19,1,1,-0.489282330770878,0.352235198487936,1,1,-0.21522052283031,0.538722829022561,1,1,-1.22522913467019,0.83399280535775,1,1,-0.472989505907417,0.927052313274392,1,1
"69",0.225656152027916,0.433428585632869,15,1,1,0.0522762649296945,0.717447526698016,1,1,0.105662374421837,0.638455010174597,1,1,0.179411054983374,0.587204555012585,1,1,0.126302774793968,0.615492213181875,1,1
"70",0.0583579903020362,0.359171712029642,19,1,1,0.0685581631703506,0.516813140683106,1,1,-0.00486895481646281,0.406368912452636,1,1,1.52109914880751,0.970625338458733,1,1,0.129345130642517,0.766349412718022,1,1
"71",-0.423054221130413,0.431352459008901,19,1,1,-0.826003396488455,0.68457803041141,1,1,-0.784258271649049,0.455512275989725,0,1,-1.01478722262695,0.569225173959635,1,1,-0.218930411215234,0.586831451107283,1,1
"72",-0.361296735148996,0.453871590630961,15,1,1,0.234482196965217,0.17911083469869,1,1,0.130736370783718,0.294811423089576,1,1,0.322062577790742,0.385230594185404,1,1,0.18689455681281,0.411321380144177,1,1
"73",-0.558130361387926,0.393637712141216,13,1,1,-0.281966546783635,0.294012063741639,1,1,-0.569739355870944,0.2507247871617,0,0,-0.160397099259931,0.414959721066253,1,1,-0.49184068542908,0.435064151244752,1,1
"74",-0.111524934217569,0.389560513159203,15,1,1,-0.114952898201212,0.34194980023084,1,1,-0.335671453727817,0.37496415432737,1,1,0.0945308034207745,0.399053905909953,1,1,-0.043886489276103,0.44668207373932,1,1
"75",0.371800994769332,0.433410547328429,17,1,1,-0.75077146897798,1.54820056712951,1,1,-0.536705906834546,0.926817187331919,1,1,-0.598367248302315,0.503771014960868,1,1,0.181687848632135,0.562526862207432,1,1
"76",0.517347698250823,0.373876927680442,13,1,1,0.680637754787066,0.27840399513882,0,0,0.66426049329697,0.303833958041195,0,0,1.67641471158836,0.80474211769116,1,1,0.475940741445058,0.763069513347645,1,1
"77",-0.275773653360802,0.333344068312344,9,1,1,-3.02369589108435,5.57095545994815,1,1,-2.11163756116283,2.7044541418634,1,1,0.209355752955702,0.481227130521339,1,0,-0.0830591331462451,0.453723507952038,1,1
"78",0.617260899284977,0.465222525575347,3,1,1,0.658994729942735,0.241190920227486,0,0,0.511600742889594,0.283313648011838,1,1,1.02512684230947,0.526335564389899,1,1,0.522895087266543,0.531724041019508,1,1
"79",-0.493087817361265,0.392887262572471,13,1,1,-0.0522441208254072,0.356801380081387,1,1,-0.252340582760585,0.361234774385788,1,1,-0.0481735407490912,0.527992679324822,1,1,-0.0681276977154273,0.525586879104059,1,1
"80",0.239374197996521,0.381169048008914,19,1,1,0.608044237929326,0.647817387971161,1,1,0.435078858329679,0.644896028442625,1,1,1.27188385153494,1.09937057054995,1,1,0.105936733450503,0.975203108253344,1,1
"81",-0.451357495637212,0.519721967154904,11,1,1,-0.0249087611284264,0.524202878199199,1,1,-0.443335204480519,0.535719082512966,1,1,-0.855136527500404,1.03567845242523,1,1,-0.449343792681073,0.977983752556666,1,1
"82",-0.0393988796590695,0.413741889615146,19,1,1,0.285804432308885,0.438511143420566,1,1,0.174821793849486,0.647653266324828,1,1,0.137590149440121,0.445642622202277,1,1,-0.263924632437047,0.468464812778436,1,1
"83",-0.0976175244981811,0.376847241892532,19,1,1,-0.297102385883436,0.60229554783781,1,1,-0.507451495753022,0.518568808617106,1,1,-1.38417681185872,0.871736436209898,1,1,-0.251340950531755,0.691001603333609,1,1
"84",0.309072583410488,0.427559518943868,19,1,1,-0.511753770072043,1.22406137853384,1,1,-0.79674294851208,0.962468752794662,1,1,-1.6481142459392,1.14494762067683,1,1,-0.0108836535330543,1.10054101787945,1,1
"85",0.482668595557664,0.581987096643786,9,1,1,0.920280603172099,1.18118107556326,1,1,1.24955122164687,1.88273409866033,1,1,-0.0176907084085186,0.599092017924137,1,0,-0.134177638729265,0.740542287896097,1,1
"86",-0.270370475049591,0.413080642748464,15,1,1,-0.128783447484406,0.295287661531953,1,1,-0.665505893295142,0.317231862988046,0,0,-0.936424632025733,0.440066447785099,1,1,-0.636319585488517,0.542629550113974,1,1
"87",0.16270219046721,0.436724268781848,17,1,1,0.37451163729955,0.602110689647891,1,1,0.209859517738956,0.502308292910259,1,1,0.491120978028265,0.614355482070927,1,1,0.142345367032403,0.669166632932569,1,1
"88",0.0955573246422325,0.320489148143432,17,1,1,0.165240688599769,0.299714852845761,1,1,-0.0372110078517951,0.339908020571854,1,1,-0.905317543131169,0.898545801879646,1,1,0.0901947871216501,0.897446848853652,1,1
"89",0.0562200345621846,0.397695726787386,15,1,1,-0.122414427732667,0.597703389008729,1,1,-0.311120724736359,0.63850441414157,1,1,-1.81334822290422,1.29878056869306,1,1,-0.0648328117148964,1.17010710822985,1,1
"90",0.0521320105197555,0.376145185160333,17,1,1,-0.157905654815831,0.420798703816265,1,1,-0.163028349104812,0.362229853585077,1,1,0.495149018247667,0.508111417789602,1,1,0.0281959896829005,0.475808109975557,1,1
"91",0.398535586577677,0.439267280442169,15,1,1,0.319416099952263,0.390211868969613,1,1,0.138820958651719,0.337616578347691,1,1,0.159828617545218,0.674411219493391,1,1,0.162775903201091,0.69906155606354,1,1
"92",0.321355374763321,0.437623452628955,11,1,1,0.780015695525699,0.310969701610026,0,0,0.470018883507881,0.347737991180546,1,1,0.554570357688487,0.555042796093713,1,1,0.178380999643017,0.484683429077368,1,1
"93",0.219532642065747,0.331804431607383,19,1,1,-2.48675094125301,3.35747780485839,1,1,0.437709523627792,0.680357544155377,1,1,0.51977145442689,0.634347348003643,1,1,0.0890954079094882,0.644917139907357,1,1
"94",-0.345186077384464,0.644364055992074,3,1,1,-2.31299831132595,2.25549367217608,1,1,-1.90384514624259,1.86452820271443,1,1,-0.335471769709803,0.636827127198733,1,0,-0.0244160355110688,0.659544718226942,1,1
"95",-0.16480080803915,0.279784759036707,1,1,1,0.136652148260579,0.407084801873799,1,1,0.114692849460837,0.292181139999854,1,1,-0.0928981745054269,0.282724605457027,1,1,-0.16480080803915,0.274319792782383,1,1
"96",-0.306557619609009,0.385734943621948,19,1,1,0.194978364882587,0.51727578040248,1,1,-0.236430939040491,0.522649462171618,1,1,0.0551645182214697,0.867129011327523,1,1,-0.366337240989566,0.878231575949545,1,1
"97",0.750620286581905,0.42006968923178,11,0,1,-0.408785140191999,1.47657174759799,1,1,-0.177929885728517,0.909072186033389,1,1,0.310471301514382,0.556467634090713,1,1,0.495043739908854,0.558637681709882,1,1
"98",0.00276039323813394,0.452925841117515,13,1,1,-0.835882621407695,1.51766374692222,1,1,-0.178041222006637,0.740723515415641,1,1,0.12538456344921,0.933286698155522,1,1,0.126489035028164,0.952964070834735,1,1
"99",0.370360633042518,0.54317518802982,5,1,1,-1.05452855917415,1.6560152895317,1,1,0.28004430290551,0.573837176420705,1,1,0.0334947112206009,0.56562648209853,1,1,-0.148099169865163,0.543375347331278,1,1
"100",0.375422497848698,0.524976080019377,7,1,1,0.539665393701108,0.395209151936021,1,1,0.492231141077445,0.38733508582608,1,1,0.54721144604966,0.593975943389116,1,1,0.288888742309023,0.57273917278279,1,1
