"","V1","V2","V3","V4","V5","V6","V7","V8","V9","V10","V11","V12","V13","V14","V15","V16","V17","V18","V19","V20","V21"
"1",0.417660723657364,0.217745696558874,13,0,1,0.425454690232584,0.190423531788583,0,0,0.414916211519431,0.167698493996458,0,0,0.278831263965364,0.204485360060073,1,0,0.416151889071821,0.249099082663788,1,1
"2",0.522385549996236,0.239617282259955,17,0,0,0.544465281078008,0.231353352932955,0,0,0.538414843457811,0.211358383304218,0,0,0.604943285922349,0.281064083152549,0,1,0.472652073255662,0.264956601312116,0,1
"3",0.0372886782811702,0.219667166054553,15,1,1,-0.0487895243306503,0.20800577668727,1,1,-0.0557897666007379,0.188423517972895,1,1,-0.0378637244276994,0.218419587753622,1,1,-0.0453582756602896,0.24960898739842,1,1
"4",0.435571584995425,0.217776190875222,13,1,0,0.404987560655217,0.198222355307798,0,0,0.403161952052548,0.214752770890929,0,1,0.503378356725518,0.228143118194972,1,1,0.429619957678091,0.223541644297695,1,1
"5",0.236065258503124,0.217367826316998,11,1,1,0.242088439696779,0.178685742419249,1,1,0.251642647072487,0.181640315008485,1,1,0.153265898390576,0.252651647153367,1,1,0.204294578381586,0.240576760116913,1,1
"6",7.95913764383029e-05,0.196525025105686,13,1,1,0.0304922646420323,0.210258477116384,1,1,0.0427308721887094,0.200913514166452,1,1,0.00260500262593692,0.230266192319126,1,1,0.0156789093001802,0.233219819905886,1,1
"7",0.434995778473864,0.226618786156664,5,0,1,0.474903992839189,0.20284933499973,0,0,0.461495210888694,0.194130815486164,0,0,0.465728035059041,0.199927867787301,0,0,0.423061912077434,0.233014999723213,0,1
"8",0.349002169950562,0.207821757323922,15,1,1,0.354348319442492,0.209559672266563,1,1,0.354369457042045,0.186245590043832,1,1,0.496188045750021,0.244829996252823,1,1,0.312321684413659,0.240191216207639,1,1
"9",0.13579662784062,0.236507337616697,17,1,1,0.161016556173896,0.187610633617768,1,1,0.170590939988879,0.219964041499395,1,1,0.227066215470632,0.217841395470587,1,1,0.14378528301684,0.242057877990878,1,1
"10",0.151731133123172,0.2005473595151,7,1,1,0.231138093162613,0.22472490152069,1,1,0.247940683702293,0.22463501445973,1,1,0.382298143588982,0.224210415133335,1,1,0.241976878915383,0.1879724157441,1,1
"11",0.476502079264149,0.194828610233302,17,0,0,0.515531789203484,0.182423862152488,0,0,0.515379495512278,0.196182975022367,0,0,0.297363138809655,0.235433945959577,0,0,0.465694041810839,0.215022951585897,0,0
"12",0.346189232669016,0.224428482245426,7,1,1,0.400048840901713,0.211691344817712,1,1,0.403646875076494,0.190132971055603,1,0,0.269594986799154,0.232257473288544,1,1,0.401595564655175,0.231595267492512,1,1
"13",0.161345141844492,0.209318288462078,7,1,1,0.189457031692747,0.211653461526019,1,1,0.173188029145294,0.204965425257778,1,1,0.147433591762533,0.244233874421621,1,1,0.222513020590649,0.204371663154674,1,1
"14",0.519632768873388,0.210190735203519,7,0,0,0.511023092588464,0.178509086994583,0,0,0.515244508482617,0.204459591688505,0,0,0.22618034180051,0.238441787320011,0,0,0.469031495576871,0.240907715741916,0,1
"15",0.508557133840467,0.224109330465475,15,0,0,0.543158294388778,0.197995883258334,0,0,0.534783310333675,0.184880006414546,0,0,0.452703992400967,0.233870735488129,0,0,0.52941781682507,0.227742090506234,1,0
"16",0.389316903838614,0.202143790296128,15,1,1,0.424496073075935,0.177477147510674,0,0,0.407436376342605,0.206422313878238,1,0,0.237475486785537,0.231814855115955,1,1,0.346283626055566,0.244498034926038,1,1
"17",0.37711292075572,0.255235370984881,5,1,1,0.332483495280481,0.235023132887074,1,1,0.345737114943351,0.19059176403753,1,1,0.242507668205046,0.234518653541246,1,1,0.331097909182613,0.236280753803979,1,1
"18",0.707165641472889,0.220995647903222,13,0,0,0.663976450456432,0.180188259107557,0,0,0.667468762948985,0.189646265117853,0,0,0.595194146934575,0.217958980811025,0,0,0.695523352429157,0.224538434108058,0,0
"19",0.135366287821692,0.199411136786827,9,1,1,0.0604531544500434,0.202291347718138,1,1,0.0573164560875354,0.193535400524242,1,1,0.0518942511439416,0.245798008177385,1,1,0.108310912573974,0.231643790678207,1,1
"20",-0.0591284562853579,0.230270312022094,11,1,1,-0.0534561757729012,0.211050237191879,1,1,-0.0689919002952106,0.213247428682239,1,1,-0.146689122443695,0.257111644468705,1,1,-0.0214659080745748,0.213315882295609,1,1
"21",0.86213026504227,0.201163382439881,17,0,0,0.889048608189598,0.186911958840288,0,0,0.882840000238052,0.198946393738136,0,0,0.914145687599286,0.215047931389967,0,0,0.839621669232923,0.203485703277771,0,0
"22",0.273755917815958,0.268175677304542,7,1,1,0.201997508855279,0.189176811743244,1,1,0.190217757315477,0.196901646121331,1,1,0.2638137277481,0.276751560617912,1,1,0.208946357956329,0.287368657764765,1,1
"23",0.620356370946943,0.166758830064574,9,0,0,0.60979148554309,0.206861452354683,0,0,0.613240842498971,0.207570414755609,0,0,0.728114328767765,0.240334262533607,0,0,0.641628969787503,0.214902145065476,0,0
"24",0.163285523521086,0.224433500084473,11,1,1,0.0336762760284332,0.194839528575954,1,1,0.0314691972089378,0.208100949113294,1,1,0.116998351834189,0.251170976819776,1,1,0.10735276076536,0.220555083848801,1,1
"25",0.578090972444021,0.194349412873666,15,0,0,0.447437834318624,0.291929282265866,1,1,0.448982090377348,0.238777541845535,0,1,0.739979505612371,0.228870309793938,0,0,0.580106997449738,0.231448259176605,0,0
"26",0.269041637146087,0.213522011576016,7,1,1,0.386179458484135,0.213710932324172,0,1,0.388715903527345,0.190844221278472,0,0,0.294543003000503,0.240835184285717,1,1,0.349669185932144,0.221810699346727,1,1
"27",0.32812345651036,0.226298871610827,5,1,1,0.37194888955892,0.184598652683699,1,0,0.365070455867412,0.210071269980158,1,1,0.345735932411568,0.23462887332846,1,1,0.356800910500683,0.229677239010786,1,1
"28",0.331695067872829,0.243484611649502,17,1,1,0.265941385850624,0.212237413179812,1,1,0.279863288547964,0.207105262464231,1,1,0.205174282422176,0.210221170409995,1,1,0.318016377661614,0.234361644073686,1,1
"29",0.593145841198495,0.199913866032967,19,0,0,0.641400667830307,0.188476196538161,0,0,0.648906285637342,0.164477847267691,0,0,0.597071084324406,0.285952449825224,0,0,0.613035719583815,0.251511569625562,0,0
"30",0.36750140652127,0.176077019019277,15,0,0,0.40162492291117,0.175676491016134,0,0,0.399832775785109,0.17961496254852,0,0,0.21307315342343,0.233355749546457,1,1,0.385363032837957,0.208479720354978,0,1
"31",0.0865774345693764,0.212918753735065,13,1,1,0.0861401712123813,0.193586207202885,1,1,0.0946647819873958,0.220736433216962,1,1,0.230625017129179,0.242180347311262,1,1,0.0693633790675348,0.238611694173168,1,1
"32",0.236796203344765,0.225466554711345,17,1,1,0.274571390668809,0.172620668581651,1,1,0.28709607749067,0.199688700222446,1,1,0.11962591925104,0.255361339733487,1,1,0.337545679873258,0.237191665997804,1,1
"33",0.629133077018065,0.254137166752202,5,0,0,0.597772643121042,0.186903878434339,0,0,0.62270543039555,0.233699718291458,0,0,0.83762302909081,0.297434605609595,1,0,0.649510678741765,0.267336279602077,0,0
"34",0.411127308905849,0.23050078229774,5,0,1,0.552274966042219,0.259561761116403,0,0,0.556045221088118,0.21777438393094,0,0,0.456177206332428,0.236788020412753,0,0,0.494965294353252,0.265149007469539,0,1
"35",0.0684742974285062,0.226960345830489,13,1,1,0.150141370230121,0.164292458645166,1,1,0.147810134891307,0.194160075145911,1,1,0.305227034932963,0.241653933623032,1,1,0.141386013369614,0.220680732978793,1,1
"36",0.469199409780584,0.185186917897106,7,0,0,0.458125987806044,0.195690490981484,0,0,0.455936194516021,0.189226548479104,0,0,0.46465608911879,0.231509779321002,0,0,0.448132909041057,0.244618586889831,0,1
"37",0.463236840018837,0.233554934196347,3,0,0,0.402244230877558,0.210101343501627,0,1,0.400810684867206,0.204163612794204,1,0,0.505483264685851,0.257466515421674,0,1,0.42522566541642,0.216656640772762,1,0
"38",0.178493543978618,0.198126941973827,11,1,1,0.157887557670855,0.182277929840107,1,1,0.156003497105803,0.19356279048603,1,1,0.239547067319261,0.253476985917662,1,1,0.108461706564324,0.217630033246146,1,1
"39",0.646096516435041,0.224434231838133,9,0,0,0.696255477296194,0.192596736279802,0,0,0.691436722306474,0.19518966484016,0,0,0.516374337435118,0.223601503841994,0,0,0.632364826976769,0.226990853200172,0,0
"40",0.45018383402785,0.202289681379908,15,0,0,0.447180744476973,0.203061120025652,0,0,0.448974142936029,0.206382556015956,0,0,0.630171159117855,0.240046057843688,0,1,0.454670000835372,0.235850431112124,0,1
"41",0.574354481034901,0.228514893030729,15,0,0,0.524634623067117,0.197560278411227,0,0,0.512283516913613,0.222564565683649,0,0,0.435287860253921,0.236355791802341,0,0,0.518839938809409,0.221669245170538,0,0
"42",0.0126037601230195,0.206091807003218,7,1,1,0.0083356371971827,0.178129490450956,1,1,0.00305710920970145,0.20619442752019,1,1,0.146943706643394,0.204715642342818,1,1,0.0493156819322892,0.220284053377312,1,1
"43",0.469166043003618,0.209134221294197,11,0,0,0.468901004969672,0.199193885994945,0,0,0.455031356845634,0.214826862568077,0,0,0.155018748149692,0.19261175695882,0,0,0.450417666993093,0.208454672245374,0,0
"44",0.240627227093924,0.211535326323104,9,1,1,0.280499775527451,0.204107657631667,1,1,0.273715226917856,0.206699835996251,1,1,0.301044201428317,0.262903272826554,1,1,0.292219821578638,0.23579385737973,1,1
"45",0.217739807861774,0.215273078988013,13,1,1,0.311383748036785,0.187341283287362,1,1,0.291878903710116,0.190990628914168,1,1,0.238184084727039,0.243158212183609,1,1,0.277952017699513,0.231404904209913,1,1
"46",0.319305737380787,0.226295956167047,3,1,1,0.313480532161686,0.215123473578097,1,1,0.307594085613608,0.172730178995388,1,1,0.401286695727813,0.250592285369415,1,1,0.352403000743846,0.262084623332626,1,1
"47",0.266983402715652,0.199148925602874,19,1,1,0.26768351330736,0.20364963713633,1,1,0.266974284315258,0.1990957080914,1,1,0.265649011465028,0.197715446254102,1,1,0.226934388176671,0.20857908969049,1,1
"48",0.470410749971371,0.229654092185584,5,0,0,0.51477868918164,0.179330481285095,0,0,0.502272548941876,0.197905662793836,0,0,0.524803387714151,0.230665237300085,0,0,0.512043493859852,0.200681403210928,0,0
"49",0.0891668912176832,0.194655528476161,19,1,1,0.0723111487796548,0.185398223525712,1,1,0.0833538353451194,0.212859154014182,1,1,0.0724247560069674,0.229957533339652,1,1,0.0560438534458853,0.200359082781145,1,1
"50",0.685899583907274,0.224674761122282,11,0,0,0.654917910494194,0.195766167865846,0,0,0.672616843347011,0.166117249481239,0,0,0.741934354001992,0.256870868185923,0,0,0.695275613135445,0.24522232497511,0,0
"51",0.380211754747436,0.20316160440806,5,1,1,0.40609315524462,0.189417431171297,0,0,0.413389378716106,0.19640758480509,0,0,0.405717473933082,0.210158937051516,1,0,0.416082092632499,0.236673217573745,1,1
"52",0.410834302672722,0.226130033460523,3,0,1,0.497235022953087,0.17952368965488,0,0,0.520113802498749,0.190747325327004,0,0,0.514834637155211,0.245723634664215,0,0,0.520871108912093,0.246610302026065,0,0
"53",0.555119825000102,0.20025070592875,19,0,0,0.497432179135783,0.199882810414072,0,0,0.492882893269116,0.231450751393233,0,0,0.613286326422413,0.260226258797632,0,1,0.493423727150175,0.238345992720886,0,0
"54",0.270482004700124,0.215460859985238,1,0,1,0.42992495424843,0.186785805661462,0,0,0.443603438168092,0.183929107079645,0,0,0.256441432130892,0.215826662342127,0,0,0.270482004700124,0.189933504558349,0,1
"55",0.302550459788426,0.215104044724326,13,1,1,0.31798702083535,0.217882364097926,1,1,0.344260919306599,0.212421995894919,1,1,0.158939206919211,0.246016268635752,1,1,0.326223553210696,0.214093478845202,1,1
"56",0.336853514037821,0.238816767921632,15,1,1,0.269945785311998,0.209229531381336,1,1,0.271038392059595,0.180568209537087,1,1,0.240971446603271,0.254252782733366,1,1,0.265260160223991,0.247768030052033,1,1
"57",0.24100189416984,0.202743730355135,15,1,1,0.300707781293103,0.176770547728185,1,1,0.294394497827569,0.167015410390019,1,1,0.385591805568575,0.217944298715191,1,1,0.264979114693568,0.238368223247802,1,1
"58",0.548865792913011,0.180656934329394,17,0,0,0.53683773361734,0.18191151778064,0,0,0.558234630360814,0.191884587180823,0,0,0.480766956178666,0.194173798200755,0,0,0.537260463319563,0.221265901248992,0,0
"59",0.705625167081816,0.20836576312091,5,0,0,0.645500319553955,0.205589048804338,0,0,0.656802179007644,0.17877297538028,0,0,0.773868671609384,0.229829329141192,0,0,0.66564590057485,0.236870952293368,0,0
"60",0.473273788860239,0.225297031073878,5,0,0,0.518181383947085,0.192106612259908,0,0,0.5295436724835,0.206613841339475,0,0,0.48189727463883,0.235381474954276,0,0,0.539131051748907,0.256851906365216,0,0
"61",0.351259709754165,0.21406457303456,5,1,1,0.341822755965892,0.220383157356979,1,1,0.350185824987401,0.204768061105054,1,1,0.339752290433168,0.256598585037168,1,1,0.344580291540801,0.217175748830814,1,1
"62",0.375717778092873,0.212521661575436,11,1,1,0.2852767826387,0.18743653673249,1,1,0.296671776523366,0.190349693980772,1,1,0.114475871303788,0.22474175401402,1,1,0.3211847429219,0.221499772062242,1,1
"63",0.336521111971868,0.229594050211969,13,1,1,0.352749764750191,0.177423382078162,0,0,0.356271521878324,0.188583084140313,1,1,0.344185050320631,0.236385262554353,1,1,0.368856063441645,0.248268927059289,1,1
"64",0.340749114746144,0.238664821670817,3,1,1,0.253728181869459,0.198933776500485,1,1,0.280324565152903,0.194229400006909,1,1,0.339377954241714,0.229741423319068,1,1,0.336477581857946,0.203815909304026,1,1
"65",0.163965767351729,0.217760746163482,9,1,1,0.0789813216989202,0.21124316530922,1,1,0.0713569828276235,0.215432906068302,1,1,0.159567096885385,0.235502896932713,1,1,0.104249977169311,0.219026346488238,1,1
"66",0.582638744731046,0.213928959377236,15,0,0,0.61295719839112,0.201534800978196,0,0,0.62415406004628,0.187901168894674,0,0,0.822192776310012,0.226063284872375,0,0,0.604675671768952,0.231294258301556,0,0
"67",0.318767987406006,0.249457812221629,1,1,1,0.445228043577569,0.182429338198576,0,0,0.435217584165654,0.214870565050696,1,0,0.287358451974713,0.255743382477483,1,1,0.318767987406006,0.220119152646777,0,1
"68",0.497739331835275,0.210064315011366,19,0,0,0.48109558453004,0.176528970768406,0,0,0.484146705620939,0.195396012993026,0,0,0.807396445609522,0.22668479335744,0,0,0.543174850048921,0.236696510925473,0,0
"69",0.693536672938205,0.222452310647946,1,0,0,0.4870925159399,0.191454896769858,0,0,0.490389561463697,0.169233282920991,0,0,0.700128579742473,0.23205621353472,1,0,0.693536672938205,0.227525849054554,0,0
"70",0.49700703753069,0.219299756078017,17,0,0,0.484640544587095,0.195423547123996,0,0,0.496776313073316,0.204771108827531,0,0,0.404998666643762,0.240051326284293,0,0,0.511641758945965,0.248291128057613,0,0
"71",0.344560715181546,0.218623868083755,19,1,1,0.331509130541891,0.195988371775706,1,1,0.346113681423849,0.203262381910825,1,1,0.290227782807815,0.271528622295352,1,1,0.307885343320618,0.221277865654532,1,1
"72",0.192673154563756,0.232549435725911,9,1,1,0.243345164288722,0.184164738915595,1,1,0.255246773086196,0.176344565700996,1,1,0.0844577963522239,0.25576565347077,1,1,0.230119877946673,0.217980497202373,1,1
"73",0.181621245329082,0.22517468259997,11,1,1,0.113913641188323,0.214505525845983,1,1,0.114117184491212,0.209570540273423,1,1,0.12275509496425,0.242680581143998,1,1,0.0702828920266821,0.238666104834827,1,1
"74",0.119803180430977,0.186221824971416,5,1,1,0.142190263545662,0.227583575039423,1,1,0.136409715990534,0.187575110975675,1,1,-0.0570635273182767,0.235301141092287,1,1,0.0662531736882751,0.258514706745118,1,1
"75",0.157129932242389,0.228905991287946,19,1,1,0.189107284534194,0.195587323945838,1,1,0.175703771532339,0.206004753303554,1,1,0.320249912500772,0.248398639804834,1,1,0.199303302585558,0.226404013590743,1,1
"76",0.511723315401888,0.229418874831695,7,0,0,0.491117038114265,0.209423296259669,0,0,0.48905194139468,0.219786528993057,0,0,0.501430815893925,0.297776078733016,1,1,0.50885469656247,0.250242459129959,0,0
"77",0.185203703593878,0.208148082409342,5,1,1,0.218396428438893,0.186074436622692,1,1,0.202526244070984,0.210107546895552,1,1,0.167133043540282,0.218142948242501,1,1,0.207102094443674,0.206541686850373,1,1
"78",0.147519561155599,0.200534432094352,19,1,1,0.110533765720143,0.191730029640601,1,1,0.117538249209485,0.205242251162403,1,1,-0.0352667927617634,0.226618388187334,1,1,0.12030585126957,0.19312343446489,1,1
"79",0.0726486307516214,0.209455712922239,5,1,1,0.0560158525632228,0.221358013291744,1,1,0.0360965711109011,0.203536245204979,1,1,0.058582161953844,0.208555885160263,1,1,0.142235191297833,0.245578199809365,1,1
"80",0.348457388853515,0.203885224815211,13,1,1,0.356964045380343,0.208630812752315,1,1,0.359044372238383,0.198799888389854,1,1,0.399531848705949,0.237116550265289,1,1,0.33047806526168,0.200632468206058,0,1
"81",0.067193881976521,0.251786987443366,3,1,1,-0.0222807720546042,0.197444425985462,1,1,-0.00648598581012961,0.214742182424353,1,1,0.0238977693459741,0.256377497522008,1,1,0.0233691863210932,0.259303879080037,1,1
"82",0.436434822742781,0.212645290729202,9,0,0,0.387357305012924,0.184125370551128,0,0,0.386011849445586,0.217564038727232,0,1,0.369763664706593,0.22390955657105,1,1,0.408560441412006,0.226070495612288,1,1
"83",-0.0199432275800874,0.211716518250557,11,1,1,-0.0324276047301865,0.1757667999511,1,1,-0.0270838279591425,0.182262103133649,1,1,0.0460336481448147,0.217540252642331,1,1,0.0132683647985795,0.213648695533046,1,1
"84",0.0532802121151375,0.221895059677257,11,1,1,0.0945360134907026,0.225206151083145,1,1,0.102058842191492,0.20917035596641,1,1,0.197190475173893,0.224161350151421,1,1,0.135239225052295,0.226324181748973,1,1
"85",0.585696768163121,0.222034251859173,15,0,0,0.579781579829691,0.199575044436823,0,0,0.578375759207175,0.194819837072989,0,0,0.49670573221253,0.243415784964713,0,0,0.560981998251097,0.272754315499261,0,0
"86",0.606648792706941,0.22093380458188,3,0,0,0.586345064483807,0.175921238449563,0,0,0.59302456016774,0.201916491740741,0,0,0.743063797709248,0.235416875651866,0,0,0.64255388067073,0.240624442528712,0,0
"87",0.294601484400246,0.202002119818786,17,1,1,0.246811043098496,0.200223769649146,1,1,0.259208522466825,0.207958928124486,1,1,0.376692218008915,0.264652103421677,1,1,0.281039485851409,0.210834332380687,1,1
"88",0.484803032135254,0.196700823505207,11,0,0,0.469984846396656,0.208026002910325,0,0,0.466086320920359,0.198860962321296,0,0,0.525370306069303,0.22114638800678,1,0,0.444698483960209,0.208550490301872,0,0
"89",-0.134937374262992,0.155157783197912,7,1,1,-0.0890478323639942,0.20287831656109,1,1,-0.0913143100023132,0.176992417018344,1,1,-0.0473543026061909,0.232923970824206,1,1,-0.0422230169623078,0.239791016223302,1,1
"90",0.619773203854291,0.24676454861707,7,0,0,0.562515377758344,0.181209058491676,0,0,0.570135437623427,0.21327145760552,0,0,0.376491996429486,0.245745117594185,0,0,0.552625301477524,0.218609217803106,0,0
"91",0.0445338036762702,0.226498329912398,3,1,1,0.21420296494681,0.202413841338156,1,1,0.212612732444699,0.191107574317544,1,1,0.0749775101419688,0.249648552242692,1,1,0.183559198607626,0.214987629584483,1,1
"92",0.173809316995421,0.218453500441759,11,1,1,0.0464672581556021,0.224126708493383,1,1,0.0530098989684881,0.186087143609104,1,1,-0.0230613223906819,0.258331263914869,1,1,0.079804880977989,0.213237747467394,1,1
"93",0.128395090767535,0.203547586783191,13,1,1,0.255791364240375,0.196886780089266,1,1,0.236549708753779,0.162437463133107,1,1,0.09830531680816,0.26031093667141,1,1,0.228795379781493,0.233484954256565,1,1
"94",0.189038298388692,0.231597780427672,5,1,1,0.158981540340823,0.224059083113977,1,1,0.178023917267209,0.228892826128013,1,1,-0.0653720247987636,0.26336551815185,1,1,0.105849414871736,0.271399077698797,1,1
"95",0.334955153925753,0.205010822339591,15,1,1,0.40565274729772,0.208903987794843,0,1,0.398634137248981,0.21661310986422,0,1,0.378695480449531,0.206088439044816,1,1,0.382223842674395,0.214026131339467,0,1
"96",0.292244997155884,0.228092429889242,3,1,1,0.267157172740128,0.186708429703494,1,1,0.281948482248317,0.190222680267073,1,1,0.445887935717801,0.239257449082723,1,1,0.368717083574051,0.230436201701752,1,1
"97",-0.00228444339113478,0.223068828551726,13,1,1,0.0406491413189976,0.189387248638032,1,1,0.0384957287223289,0.202978089946958,1,1,0.0895712315343499,0.260180257992861,1,1,-0.00297375763697447,0.222896215168758,1,1
"98",0.0787770646063552,0.218838008774608,15,1,1,0.104781211021916,0.184049159940708,1,1,0.106887067314627,0.204304089065937,1,1,0.0888296188516848,0.210105529485657,1,1,0.106893191067258,0.245258920122061,1,1
"99",0.144395006492824,0.202009317198583,17,1,1,0.126606897319648,0.229712703335729,1,1,0.138771560057157,0.220432599807893,1,1,0.237567411384355,0.248868137919868,1,1,0.128510274110497,0.239165243708765,1,1
"100",0.0183985415001883,0.239314822575139,11,1,1,0.0138095473859382,0.193765269853677,1,1,0.0207245057398477,0.208080374980083,1,1,-0.143307662901677,0.231209787216366,1,1,0.0257546614202282,0.262899118908399,1,1
