"","V1","V2","V3","V4","V5","V6","V7","V8","V9","V10","V11","V12","V13","V14","V15","V16","V17","V18","V19","V20","V21"
"1",0.694288934239796,0.263708171515079,13,0,0,0.610742448593779,0.221746403409281,0,0,0.65674202142671,0.243417342788689,0,0,0.498060344523976,0.273541100294228,0,0,0.762043320164095,0.291876070638192,0,0
"2",0.895572186299998,0.336164497271044,3,0,0,0.76820910122557,0.251518120485448,0,0,0.80511869886404,0.202999299035318,0,0,1.04462865687873,0.293986940765869,0,0,0.82050716588848,0.29371337616469,0,0
"3",1.12627472943339,0.220011946872422,11,0,0,1.14450897698006,0.23966960795063,0,0,1.16559044574037,0.21583710122961,0,0,1.17665333107401,0.286939489116306,0,0,0.972941737158517,0.260914689018405,0,0
"4",0.826127561342685,0.246703315285328,11,0,0,0.855361356605801,0.216086986930899,0,0,0.877179331447513,0.198125645561573,0,0,0.870455789511807,0.222209123791379,0,0,0.750479121098817,0.225063068417915,0,0
"5",0.507308922283987,0.260917727558775,17,1,1,0.368192964241558,0.288322307628525,1,1,0.337511364725253,0.290077398585258,1,1,0.789121432050819,0.382751051968886,1,1,0.434890306164652,0.407044284714789,1,1
"6",0.743152761230467,0.256739272324679,11,0,0,0.702456093786423,0.239033210847055,0,0,0.700623472015593,0.220355207528391,0,0,0.874877736586448,0.302692934712638,0,0,0.723803834131049,0.303295373396356,0,0
"7",0.335877675209704,0.26785207775765,17,1,1,0.47588524101278,0.303885481417373,1,1,0.438006429944439,0.278770993928273,1,1,0.399479661517568,0.27042010879626,0,1,0.478586455334814,0.303588571213142,1,1
"8",0.368273608261207,0.212641306413007,11,0,1,0.556016683451166,0.212815170197776,0,0,0.530840395433273,0.221663400358262,0,0,0.794308313549928,0.29481760187605,1,1,0.471280393325917,0.289870300369398,0,1
"9",1.12541646183788,0.215732723584921,15,0,0,1.12654350443092,0.194240690197436,0,0,1.11314626606321,0.226101510166025,0,0,1.21225521711091,0.21442194573904,0,0,0.989326549031739,0.222844390870727,0,0
"10",0.501478015322961,0.293933571375888,5,0,1,0.53858460819477,0.253240572607101,0,0,0.54538990665361,0.282365156337645,0,1,0.152866970580523,0.30784087099775,1,1,0.570463030528441,0.293073519807908,0,1
"11",0.476434209525342,0.236294615831208,11,0,0,0.547673593375698,0.201051021282692,0,0,0.489806794025401,0.23199192602344,1,0,0.412943723924797,0.271956235820958,0,1,0.514119753150678,0.295654974928859,1,1
"12",0.296842720012639,0.246043468219192,9,1,1,0.353213905366785,0.229471831394186,1,1,0.330214406137759,0.203362358339647,1,1,0.474926894160969,0.304004917754131,1,1,0.321130375318767,0.337837991704503,1,1
"13",0.35478372170905,0.311041885279909,5,1,1,0.394074300213933,0.229133309257082,1,1,0.426026061604224,0.217337427554753,1,0,0.293567082401636,0.295180248253586,1,1,0.569893454705398,0.298576048057738,1,1
"14",0.617597477962741,0.233019681006845,15,0,0,0.359982221485839,0.326061239727527,1,1,0.376640722635754,0.313974476529222,1,1,0.58863189789018,0.274765992496068,1,1,0.612894480787623,0.297057399571443,1,0
"15",0.58245304735147,0.254608399329866,19,0,0,0.639980385321831,0.257164919300838,0,0,0.646913743776657,0.236579298938215,0,0,0.590934731658447,0.288286048140958,0,0,0.575327499093102,0.298090656059649,0,1
"16",0.622961501256663,0.271859415278643,19,0,0,0.701045771639094,0.235190821644261,0,0,0.716340561362662,0.249980743395684,0,0,0.562075502968675,0.309851774318986,0,0,0.637515809886008,0.326692309081668,0,1
"17",0.628133997898249,0.229887759023893,15,0,0,0.634779152496487,0.212642998949023,0,0,0.648921766497287,0.211250126140161,0,0,0.577729484148231,0.234535892053639,0,0,0.615260170643999,0.243379949493897,0,0
"18",0.991592496894676,0.24780608333051,7,0,0,1.15533731871238,0.263869559808917,0,0,1.14386383717996,0.267965856915319,0,0,0.923471873530447,0.268179733050973,0,0,0.918835539572116,0.31818057226737,0,0
"19",0.559996071102734,0.229651102821016,17,0,0,0.538582396237338,0.228959288038341,0,0,0.539970039155501,0.226928282340703,0,0,0.64277337606073,0.261348850301325,1,0,0.470096446308884,0.301074591002533,0,1
"20",0.613791962666939,0.213826726169276,19,0,0,0.644271909019451,0.217242953155861,0,0,0.64200140242307,0.225859601628045,0,0,0.712417026556809,0.33131374194536,1,1,0.669478083626142,0.341753511231615,1,1
"21",0.56682647042869,0.2754296956562,19,0,0,0.670498295526399,0.208627702728692,0,0,0.615190204675218,0.2261284332168,0,0,0.595535544237485,0.244275629007278,0,0,0.607466085806624,0.280426476706819,0,0
"22",0.4921828014226,0.226245896292435,15,0,0,0.490167584957356,0.226034529607136,0,0,0.471276609885737,0.247458615758791,1,1,0.453048400378126,0.297358300627321,1,1,0.431812019360862,0.302283241307328,1,1
"23",0.841899194387473,0.254074221607882,17,0,0,0.844420682907798,0.243194708557809,0,0,0.82621164691031,0.236932658617725,0,0,1.49922511468267,0.393703132609693,0,0,0.762709633727797,0.417140289508965,0,1
"24",0.753654614884749,0.245923758977322,11,0,0,0.730798030834444,0.219428710719556,0,0,0.730293460242532,0.232991178708263,0,0,0.594459296960337,0.370093262881299,0,0,0.727409820677976,0.354527198079819,0,0
"25",0.887498584377779,0.267649401267165,13,0,0,0.778437830118706,0.271623702742079,0,0,0.806675023501631,0.251987429025611,0,0,0.708606810883985,0.348263230989977,0,0,0.845324516437644,0.393607483935059,0,0
"26",0.618909502827829,0.207992627958451,19,0,0,0.613583077952163,0.190658010348267,0,0,0.587799307895482,0.166250012932205,0,0,0.633247818350211,0.226254728859476,0,0,0.51315158624564,0.258088245001329,0,0
"27",0.639696940866274,0.322485168075481,1,0,0,0.897534668020063,0.259460082819206,0,0,0.889448448287803,0.265206927597936,0,0,0.643792252316941,0.316563561477461,0,0,0.639696940866274,0.335302866517197,0,1
"28",0.614792189251578,0.270577369797571,7,0,0,0.630474068703265,0.188949980319573,0,0,0.580882844616576,0.196264922561419,0,0,0.615792397735162,0.299450980381222,1,1,0.585417265795883,0.266292421549766,1,0
"29",0.27925929434432,0.327195386694293,7,1,1,0.526954560325847,0.228263584061,0,0,0.452397089742174,0.298493350493926,0,1,0.264759686095477,0.333545785505154,1,1,0.590291964909742,0.333453566070468,1,1
"30",0.893084458215947,0.287168048833646,19,0,0,0.917502178252654,0.226155739741443,0,0,0.947890953975101,0.260612209057204,0,0,0.892612007619838,0.390217361845808,0,0,0.984737694552918,0.432677636182352,1,0
"31",0.421241197267924,0.255810741636047,17,1,1,0.452714736426075,0.202988435352734,1,0,0.456868040410041,0.233267020338506,0,1,0.412881446949686,0.29410935661183,1,1,0.530293673193809,0.261437809656942,1,0
"32",0.928766474952823,0.275831742752812,9,0,0,0.781948347999147,0.233315953484392,0,0,0.857837402291725,0.268909558467056,0,0,0.941117581918566,0.35469338595009,0,0,0.956012116292167,0.323797226028274,0,0
"33",0.453194575424613,0.211154304594909,19,0,0,0.556839961423651,0.197203904261463,0,0,0.589489286694162,0.238960369549233,0,0,0.481885047282814,0.301610411501789,1,1,0.65920951569223,0.284008399811177,1,0
"34",0.947205410386614,0.256751274736074,7,0,0,1.03965529982145,0.22204220821058,0,0,0.965854266407484,0.252243559908066,0,0,1.12300888369508,0.333367226791318,0,0,0.996838372084004,0.274389665326622,0,0
"35",0.8267653220543,0.254355738764546,7,0,0,0.798278085297384,0.265333944318355,0,0,0.779178672184593,0.245366947303256,0,0,0.791756675483231,0.304203274084123,0,0,0.699373476736417,0.243915694939708,0,0
"36",0.57178425580548,0.286089972221054,15,1,0,0.775796972255277,0.253923651074267,0,0,0.767342820994053,0.290104132013105,0,0,0.940729361157749,0.305152794018821,0,0,0.537663351096165,0.30017995168144,0,1
"37",0.87187992789209,0.239276522287448,15,0,0,0.747854408224999,0.239112847336703,0,0,0.71924879130997,0.236565525863441,0,0,0.846437206206242,0.271328973740931,0,0,0.698204562378107,0.292492582489726,0,0
"38",0.63663906426919,0.292869552907014,11,0,0,0.76044182542403,0.227159928440175,0,0,0.798223454838019,0.197958541825887,0,0,0.598244249774686,0.304065564872889,0,0,0.574481862180712,0.314816670845505,0,1
"39",0.773721072712348,0.266911699288526,19,0,0,0.815724908965299,0.246646695447528,0,0,0.857266838482006,0.259167483542366,0,0,0.717434672163332,0.316870732970479,1,0,0.788090177815844,0.303779368166586,0,0
"40",0.396687056583241,0.259447998424947,11,1,1,0.488076429578976,0.190141311442866,0,0,0.410834180036438,0.224284311232192,1,1,0.536636371409957,0.30113729196795,1,1,0.222047104895992,0.296620845982696,1,1
"41",0.661395234707203,0.245505295575011,17,0,0,0.900056977966747,0.269838439333792,0,0,0.878456541040108,0.265399377456945,0,0,0.947743838662602,0.25100995753316,0,0,0.749897617181382,0.271252103638864,0,0
"42",0.525995726978821,0.239319548865103,17,1,0,0.530679134142301,0.195144797567312,0,0,0.501034790421566,0.193985391392387,0,0,0.450828917064764,0.310752887927494,1,1,0.414921826582339,0.257025864487171,0,1
"43",0.470006430744188,0.324338777601497,5,1,1,0.565027553477445,0.242837604114261,0,0,0.537222656509576,0.279399263386476,0,1,0.376014410013498,0.336115357237199,1,1,0.495621873151595,0.35909779243307,1,1
"44",0.353227364737544,0.389255912376569,1,1,1,0.655462068248716,0.223591971266489,0,0,0.611919907018609,0.23229732944336,0,0,0.412290167525001,0.372498709947699,1,1,0.353227364737544,0.334640668883507,1,1
"45",0.65473736964624,0.259703014369309,11,0,0,0.668040611836552,0.217537947999234,0,0,0.781922609876186,0.245015317652985,0,0,0.82060405078832,0.282233713986798,0,0,0.728595396044823,0.327984176226058,0,0
"46",0.918897017619541,0.267791118952411,15,0,0,0.849887125446445,0.193934881726271,0,0,0.855442977175649,0.230066726735368,0,0,1.07340654615724,0.297618560626114,0,0,0.746678173719778,0.316852523060613,0,0
"47",0.493005200048885,0.281943957581537,7,1,1,0.575415912953155,0.234387958524748,0,0,0.544903925487952,0.232610920465865,0,0,0.198585412094834,0.332888158592111,0,1,0.455928813797707,0.319106070180639,0,1
"48",0.914747708852501,0.218236318718822,19,0,0,0.916355014380486,0.197280757600628,0,0,0.908735895406617,0.195239498658272,0,0,0.792230600209239,0.236086238109062,0,0,0.824831726963913,0.294508720886693,0,0
"49",0.539837925527806,0.230265860559018,13,0,0,0.510928632669863,0.217415218155663,0,0,0.504475823816156,0.24361644281667,0,0,0.332615750948588,0.277863146294414,1,1,0.643517696176443,0.275341999949109,1,0
"50",0.924352726615559,0.336511099393045,13,0,0,0.973560851901245,0.228292388209842,0,0,0.995454545448151,0.245894326127235,0,0,1.07476572276227,0.305961145573657,0,0,0.930802237867971,0.349096212090509,0,0
"51",0.522433656512859,0.28360941637271,9,1,1,0.505978794307604,0.25814756621515,0,0,0.518816615486212,0.232831390615405,0,0,0.492711422429265,0.235039920642035,0,0,0.486972462865309,0.272928912050298,0,1
"52",0.649847722341781,0.21853074492598,7,0,0,0.615362962702901,0.182549999682568,0,0,0.558428540266828,0.184129539037808,0,0,0.637383640734391,0.248248098995718,0,0,0.558901578321573,0.26647584602331,0,0
"53",0.349610875284097,0.276380295204426,13,1,1,0.412387177071375,0.228218411048673,1,1,0.395036256432352,0.211478393875127,0,1,0.469655628259064,0.304425455874252,1,1,0.36002775926198,0.286133073440508,1,1
"54",0.574482565113445,0.297204488704601,3,0,1,0.593053976330048,0.222401551686778,0,0,0.620771690692703,0.211240340844665,0,0,0.624021561815335,0.292798387306669,0,0,0.565920403870426,0.31575103786483,0,1
"55",0.581140084714516,0.298077057491003,13,0,1,0.900844999445834,0.292254820101261,0,0,0.869277551576744,0.305461146325902,0,0,0.829306438082526,0.350731091734653,0,0,0.71792672328313,0.313932957257472,0,0
"56",0.67901161705832,0.285435318614497,15,0,0,0.719210027683747,0.222380838262327,0,0,0.722701173308504,0.242374720066798,0,0,0.624488063658484,0.295626545786553,0,0,0.83112901768142,0.296748284293814,0,0
"57",0.624822980730445,0.310837445626195,13,0,0,0.384644587482816,0.375962878651737,1,1,0.435493479366396,0.307840451996651,1,1,0.48317697873255,0.347364589329436,1,1,0.656769874031278,0.321086581214613,0,0
"58",0.731640604373706,0.277514728973102,19,0,0,0.658708374495495,0.216550362939872,0,0,0.725920127418427,0.238982006939214,0,0,1.00198716328818,0.378385101980032,1,1,0.721351720750916,0.495255023886526,1,1
"59",1.04359655404749,0.255125346955699,15,0,0,0.969690218877566,0.173965361572447,0,0,0.984922382970529,0.184963957825829,0,0,1.22347822760471,0.373993704120527,0,0,0.931735112874746,0.294161419874434,0,0
"60",0.804500160373539,0.252760354536907,9,0,0,0.866744424272757,0.204298280587782,0,0,0.814329579489932,0.218039804589667,0,0,1.35305376732448,0.32511505855849,0,0,0.840359192272311,0.349791362563705,0,0
"61",0.615497933567478,0.304121102084839,9,0,0,0.634167768924224,0.257475091766946,0,0,0.698447771309352,0.287213659392797,0,0,0.392650008665652,0.333135993943456,0,0,0.71362128881428,0.347309267394539,1,0
"62",0.821959084437037,0.250576518672579,9,0,0,0.781181147698778,0.18505492982153,0,0,0.785322600242197,0.213376743707366,0,0,0.68566046849625,0.250482456468887,0,0,0.720274786684788,0.258710016712974,0,0
"63",0.731748046588709,0.21223403649555,19,0,0,0.64462399317629,0.213958476467114,0,0,0.681729932625613,0.20021044654401,0,0,0.738312180895877,0.251993995784957,0,0,0.689285281409064,0.221402831143305,0,0
"64",0.736318003796887,0.241675039678313,3,0,0,0.763084597694573,0.219563294914538,0,0,0.770174069012227,0.209163352105573,0,0,0.68021301804286,0.233528738135443,0,0,0.669029179806119,0.254698674327869,0,0
"65",0.755144322953876,0.242938140827369,9,0,0,0.748449012174693,0.239989889098013,0,0,0.785622481947433,0.209022061586652,0,0,0.601870783541734,0.319654133236868,1,0,0.809132109968935,0.357670718750867,1,0
"66",0.475317478815758,0.265285314041109,15,1,1,0.746744650179642,0.251702380013023,0,0,0.772565087754176,0.269619571379153,0,0,0.70088693443407,0.22719359660104,0,0,0.491224525972622,0.234824828153357,0,0
"67",0.502551312895386,0.217225422230513,15,0,0,0.601396904598533,0.257403163306705,0,0,0.579437939638618,0.228423028871412,0,0,0.412284011823026,0.305914366704596,0,1,0.498200243429335,0.250403573467296,1,0
"68",0.70420169970509,0.32230805618154,5,0,0,0.65628867532371,0.243797805286872,0,0,0.626583132853681,0.252123986250328,0,0,0.700407164446459,0.337092872581816,0,1,0.745232555849459,0.253177682096599,0,0
"69",0.607386574115281,0.256419998052847,19,0,0,0.714922429185478,0.228994075864583,0,0,0.679259983164512,0.203852359440943,0,0,0.355000376332299,0.278310459720999,0,0,0.752902633679749,0.251510427144172,0,0
"70",0.420889316542628,0.232482044087411,11,1,1,0.531698371074877,0.200395770061566,0,0,0.478122324345267,0.193581156310124,0,0,0.659551137670819,0.314575832948062,1,1,0.360239164926547,0.26703020555627,1,1
"71",0.901232776419729,0.264322059158844,15,0,0,0.85534156274652,0.186917034957504,0,0,0.85009884583978,0.189927427522991,0,0,0.740757428234711,0.333542373216167,0,0,0.74779678977986,0.27953176755634,0,0
"72",0.986417501553215,0.203494505486892,17,0,0,0.929468210150031,0.210368377130244,0,0,0.926299915771036,0.213912316092204,0,0,0.990531830306159,0.347604229210598,0,0,0.904368927978849,0.313268900125994,0,0
"73",0.826550350442431,0.281724709122152,15,0,0,0.777744517944315,0.230381024722373,0,0,0.798619955369533,0.237197497718911,0,0,0.840171910902971,0.293688011026556,0,0,0.636121786210781,0.298921669745182,0,0
"74",0.436334239987039,0.222115959975189,15,0,0,0.493357561338442,0.220519977464765,0,0,0.490655467771458,0.21297081791059,0,0,0.684051782640153,0.260569121184229,0,1,0.440273822150753,0.275878103188541,1,1
"75",1.08200492556149,0.220777295939644,11,0,0,1.00726376760391,0.22057300004352,0,0,1.02541417619272,0.234096532340067,0,0,1.10848067295817,0.275339770544872,0,0,0.963682932999352,0.30221260963118,0,0
"76",0.464022790691725,0.237296644682511,7,1,1,0.522061148974372,0.219650546664146,0,0,0.521317858072505,0.241737945521228,0,0,0.46548340928243,0.277950815019815,0,1,0.460466325915051,0.29790168716519,1,1
"77",0.379601774712307,0.27891958056534,17,1,1,0.553185829803075,0.280393236883868,1,0,0.592404810423633,0.265782273767937,0,0,0.93439566830917,0.310080105993057,0,1,0.492518469137486,0.318866785641,1,1
"78",0.314639609337915,0.241031903739086,5,1,1,0.313202993750498,0.300362017095138,1,1,0.243675811366419,0.227452453364296,1,1,0.118022983121791,0.247576734481424,1,1,0.462150839053203,0.314775344632029,1,1
"79",0.686906601201307,0.249929695328711,7,0,0,0.775956577430211,0.214934588196616,0,0,0.774463586773403,0.22195984367273,0,0,0.622639418479411,0.25121112182566,0,0,0.728209495070328,0.291729407948491,0,0
"80",0.945281020164273,0.270279004398248,9,0,0,0.957766929868185,0.221156753232073,0,0,0.925136332042488,0.236150704644599,0,0,0.842442232512132,0.310945543252839,0,0,0.88542686821968,0.275854336740689,0,0
"81",1.04388505453701,0.254965686767116,19,0,0,1.06410425702911,0.267953330486795,0,0,1.06155814867781,0.243301168549329,0,0,0.999105846900991,0.310169389597137,0,0,1.08661666462637,0.357579780515418,0,0
"82",0.143013672267016,0.227746307611507,13,1,1,0.124616337666792,0.202026363037075,1,1,0.147504442173531,0.208499925446729,1,1,-0.16425532651461,0.240797803040723,1,1,0.0624888165644016,0.250119476521626,1,1
"83",0.654639234428287,0.258869204741861,13,0,0,0.685789211783173,0.278200732461957,0,0,0.69506845719494,0.258059369938146,0,0,0.753251941950043,0.289261945849672,0,0,0.545733785273717,0.3534867972364,0,1
"84",0.950837459635081,0.240794015077799,5,0,0,1.02515405222229,0.258077571286008,0,0,1.02356080153619,0.239060416287069,0,0,0.972526045533717,0.230203332706984,0,0,0.908270661368089,0.245510323608306,0,0
"85",0.686262374805345,0.263642286501971,15,0,0,0.833373121785778,0.257305228117138,0,0,0.807229925632257,0.305013104503576,0,0,1.095718798618,0.378984220562589,0,0,0.675145409221407,0.39360441405902,0,1
"86",0.39599698947632,0.231692485827105,17,1,1,0.461382666744698,0.204433850285815,0,0,0.461667488374493,0.226955358796471,0,0,0.604519152870674,0.247316997125568,1,1,0.579659794534769,0.265300004034324,0,0
"87",0.486026641238517,0.239241105119455,5,0,0,0.548347552795375,0.208634498822763,0,0,0.546247193812477,0.239206680476768,0,0,0.45900770726495,0.281802651837224,1,1,0.479091564221143,0.283436205379703,1,1
"88",1.03847311459311,0.265222378462188,17,0,0,0.949927317771878,0.204586664097649,0,0,0.999130717342155,0.24967096028329,0,0,0.79206538133954,0.298668093643994,0,0,0.982290732436776,0.286881436920935,0,0
"89",0.589700141855595,0.221172431338837,19,0,0,0.743592030324699,0.270254691094119,0,0,0.732531525046046,0.248607454093576,0,0,0.812719456543196,0.297302696690911,0,0,0.573442443158659,0.259781778415467,0,0
"90",0.392079206587687,0.231455341793513,17,1,1,0.354065632811218,0.195049810546666,0,1,0.376640827317109,0.243996712721224,1,1,0.541270946270408,0.24067511664653,1,1,0.295207373039854,0.243500023946931,1,1
"91",1.01392960440689,0.243567837146566,9,0,0,0.907361662114492,0.220163091194549,0,0,0.941314240154378,0.257231564616497,0,0,0.908651444750227,0.34016922092819,0,0,0.798201821042308,0.305986911574992,0,0
"92",0.221465118135505,0.253771657974544,19,1,1,0.230861958852714,0.191422133694485,1,1,0.214096579696778,0.209895971335446,1,1,0.245664368309076,0.283972756725368,1,1,0.360449866562453,0.278799107300313,1,1
"93",0.410017275308634,0.196192106171652,13,0,0,0.472229597198871,0.220295391651619,1,0,0.492657765796359,0.225223001412079,0,0,0.612861249571486,0.264787337758937,1,1,0.53405825004193,0.223058309687161,0,0
"94",1.09057816581999,0.278194978472927,17,0,0,1.21958866987628,0.312126451894372,0,0,1.21090940374796,0.249584312192624,0,0,0.861890005427252,0.233277630361463,0,0,0.864136773128756,0.302543494369211,0,0
"95",0.842541751879189,0.270533400876987,11,0,0,0.836344506897269,0.247095089520707,0,0,0.815536124742898,0.231919722884805,0,0,0.988499496909381,0.297635550325067,0,0,0.882341894507961,0.281673183748054,0,0
"96",0.780276234698298,0.273639044093854,17,0,0,0.655814310386302,0.217186475821238,0,0,0.699201035108077,0.20518818742111,0,0,0.406567361966384,0.24910743142588,0,0,0.629681010756964,0.262456486681513,0,0
"97",0.653790418923322,0.228447725365816,19,0,0,0.531105245484674,0.26422037524809,1,0,0.56064734415524,0.3104555378768,1,1,0.565672992565506,0.254293725419191,0,0,0.702459580588238,0.286316980722492,0,0
"98",0.801978968958493,0.261760300887148,13,0,0,0.731502445159954,0.186704549311383,0,0,0.704972542638111,0.214440571418028,0,0,0.731256227436769,0.260997714720887,0,0,0.553627627381218,0.233082236619582,0,0
"99",0.267318496764134,0.260003529184699,17,1,1,0.452126934760276,0.234204663024297,0,1,0.408771621651955,0.228329705281726,1,1,0.680034963806468,0.339606509255605,1,1,0.352509104175941,0.366344198492521,1,1
"100",0.495013827184814,0.291411125556592,13,1,1,0.740067358576468,0.251044073197594,0,0,0.716272111143164,0.266728309261187,0,0,0.990867555494907,0.411756521233495,1,1,0.69593531582681,0.383778100857593,1,1
