"","V1","V2","V3","V4","V5","V6","V7","V8","V9","V10","V11","V12","V13","V14","V15","V16","V17","V18","V19","V20","V21"
"1",0.180749294748028,0.213481011225128,15,1,1,0.153877330360973,0.188884661137544,1,1,0.144570883622557,0.222637607197048,1,1,-0.0656582475028105,0.275751885690577,1,1,0.119058368584936,0.257523673859929,1,1
"2",0.502198045602105,0.199062546932125,5,1,0,0.419207833126002,0.163876470949888,0,0,0.413516170185092,0.179525864851757,0,0,0.634703884375038,0.201688779803719,0,0,0.46010900082728,0.211053042236988,1,0
"3",0.210421383787171,0.213747751455924,17,1,1,0.228883752791813,0.229081428999903,1,1,0.227144843731898,0.200071414697996,1,1,0.103395673314438,0.23397494761597,1,1,0.226937113951326,0.245161976460212,1,1
"4",-0.186060162957972,0.22674140682116,7,1,1,-0.207298649041827,0.214328381799206,1,1,-0.21167159021865,0.218330283734341,1,1,-0.155103131282491,0.304774772487565,1,1,-0.190169105918102,0.233238814164879,1,1
"5",0.458625507935692,0.193699063854707,19,0,0,0.494667807006237,0.192653845081824,0,0,0.511308453508372,0.176833693473697,0,0,0.491312997695091,0.230474323771364,0,0,0.491011329307002,0.211442500503219,0,0
"6",0.265903403010499,0.224980113820618,17,1,1,0.277665953656161,0.197432338685939,1,1,0.254243063428405,0.217359999588502,1,1,0.154753944143023,0.248988720813891,1,1,0.24287264398707,0.247361437425453,1,1
"7",0.199772852890908,0.228830105707052,9,1,1,0.200848430714033,0.211985294921019,1,1,0.207018906876698,0.196192250124102,1,1,0.189458080282616,0.293382268007135,1,1,0.168508207806671,0.208113164534836,1,1
"8",0.206569653866059,0.227794615247436,17,1,1,0.181267465490966,0.203423983736803,1,1,0.179016542657668,0.18916461343042,1,1,0.415059179832761,0.245939826195981,1,1,0.227942583417686,0.236975608694982,1,1
"9",0.120780909233189,0.169713812010637,11,1,1,0.0918236442854072,0.178270179612317,1,1,0.0931357202757338,0.182899777648325,1,1,0.10654597362944,0.183865572355169,1,1,0.0708013822744364,0.220314930963813,1,1
"10",0.00269809183537491,0.201236883794891,5,1,1,0.0133692650332601,0.188006541347931,1,1,0.0146730116763527,0.170884129762443,1,1,0.111170622209345,0.258222840780919,1,1,0.069981375217623,0.212255842298127,1,1
"11",0.0110051224145006,0.194181450227372,19,1,1,0.00884406142933566,0.231206313739833,1,1,0.000263646865702458,0.196872867407234,1,1,-0.0311286000884845,0.212454276219705,1,1,0.0484242283388092,0.227639693582669,1,1
"12",0.47270762991269,0.209567627646884,17,0,0,0.384010482207794,0.209951079363442,1,1,0.378223593542119,0.208305945442163,1,1,0.470399477110559,0.253855098418669,1,1,0.371584159291726,0.2902284410107,1,1
"13",0.575406805199368,0.19442043675741,9,0,0,0.61743356446317,0.198583431513381,0,0,0.613024001752819,0.176081821143393,0,0,0.642810776593215,0.237088154281109,0,0,0.659954635392333,0.200987592413975,0,0
"14",0.674695702325687,0.193016181800768,5,0,0,0.569890187607489,0.233946358591809,1,0,0.571751549036881,0.170864809850042,0,0,0.69092572873326,0.222876662683673,0,0,0.646841996620297,0.216857103695507,0,0
"15",0.225003426404573,0.212622108336531,19,1,1,0.186728522560549,0.203886591473908,1,1,0.187579319536577,0.223133005966499,1,1,0.191324787169226,0.244763418531297,1,1,0.254750438352197,0.223895152684896,1,1
"16",0.111163942153071,0.225424510662946,9,1,1,0.0966044933388298,0.219473810191864,1,1,0.124696598124292,0.196866218834333,1,1,0.290426925638133,0.249811147605293,1,1,0.19338924050923,0.23903448419376,1,1
"17",0.119069391668874,0.177806429519705,9,1,1,0.173068111266342,0.216519278629761,1,1,0.167223896691807,0.218501034877192,1,1,0.27661920413481,0.189817957346995,1,1,0.127149418574038,0.218044341421325,1,1
"18",0.463036205104717,0.214892484716369,9,0,0,0.495886217267613,0.172481465054049,0,0,0.490861839442905,0.194032388074182,0,0,0.398336086964715,0.241328070689835,1,0,0.459183560282672,0.221539095168569,0,0
"19",0.594967559026689,0.200223491359531,5,0,0,0.657054040640289,0.192105722672766,0,0,0.653556633403323,0.186625551217874,0,0,0.589056324007233,0.221902602958814,0,0,0.610989957722691,0.256754529892411,0,0
"20",0.484014182188639,0.208162568340223,9,0,0,0.552230357214942,0.215205058216593,0,0,0.544327068832077,0.203310831436737,0,0,0.394088624987101,0.242501467599394,0,0,0.549726569511251,0.232615394879085,0,0
"21",0.297279699867827,0.219759196453866,7,1,1,0.197180302385073,0.198387589432133,1,1,0.213074598753405,0.184673329583256,1,1,0.25661338081276,0.236554728857826,1,1,0.214101457706598,0.247371024522575,1,1
"22",0.385740437152431,0.210158524732297,5,1,1,0.289877071802761,0.250979176392612,1,1,0.302392504777165,0.217636943911302,1,1,0.263778094408062,0.22984502550275,1,1,0.291756368271797,0.240878595015653,1,1
"23",0.0135001121765054,0.188118645461125,15,1,1,-0.017368590870402,0.195411260369661,1,1,-0.019262056850264,0.185746503855025,1,1,-0.0181834082626385,0.245037624740016,1,1,-0.0256548423026108,0.237257806290803,1,1
"24",0.0795588995040568,0.199030413529479,11,1,1,0.0342887090363245,0.21581664101132,1,1,0.0339539258417312,0.196816202034222,1,1,0.194559579223449,0.22919323088071,1,1,0.0465400702362163,0.237965215615297,1,1
"25",0.346902136344921,0.246142233226273,5,1,1,0.36529199582476,0.179684652155004,0,0,0.326840671517301,0.201601305780415,1,1,0.364180136174572,0.259082840164447,1,1,0.337715228206012,0.252469994996867,1,1
"26",0.231737900266703,0.205985814314428,19,1,1,0.272351313620093,0.199039040175517,1,1,0.268060094903556,0.216584356616102,1,1,0.0634386579327054,0.223043398527095,1,1,0.299200832330946,0.230408132475728,1,1
"27",0.247029417191452,0.192091762344978,3,1,1,0.167196974089638,0.219785093086963,1,1,0.168539175738887,0.204747415515772,1,1,0.235182095556668,0.24545314411676,1,1,0.207922823358484,0.217736014231131,1,1
"28",0.209671622217341,0.207576188505692,17,1,1,0.198690590073328,0.205839289765679,1,1,0.196004071440842,0.212374233702683,1,1,0.38594291961842,0.23912238890699,1,1,0.300009800481124,0.209758487721816,1,1
"29",0.637623921606977,0.167365718273417,11,0,0,0.601263061672084,0.184894282219855,0,0,0.606341348083423,0.199105972656802,0,0,0.693690387423206,0.232990829269777,0,0,0.649623073007573,0.217382445125766,0,0
"30",-0.100687060478584,0.219222872713896,1,1,1,0.0336421032218595,0.178071459137695,1,1,0.0424518533597832,0.172931778689845,1,1,-0.0820876939432761,0.203434246074038,1,1,-0.100687060478584,0.222435971592512,1,1
"31",-0.165250145635086,0.222822250709354,15,1,1,-0.150891804202926,0.192849286855774,1,1,-0.151135289277751,0.192596518663584,1,1,-0.242091708634746,0.215670823132583,1,1,-0.143409894538366,0.243815597518588,1,1
"32",0.381504215814583,0.22627374874673,15,1,1,0.393781259136731,0.24984180750396,1,1,0.390212556050907,0.221110660125683,1,1,0.325570311227415,0.272123144776558,1,1,0.365439282861789,0.26812639741525,0,1
"33",-0.0589902881253386,0.216525083247331,15,1,1,-0.158244991241987,0.206677408766856,1,1,-0.151020673114827,0.228891357974462,1,1,-0.0933332417423677,0.24358839645865,1,1,-0.0414275488165765,0.225789328280801,1,1
"34",0.493732280348198,0.20753563994585,17,0,0,0.580146251907174,0.212918570954332,0,0,0.572755673798015,0.189209129847437,0,0,0.538789302461971,0.263895235408506,0,0,0.533791089953077,0.210381310321158,0,0
"35",0.450688145783884,0.214370433108801,13,0,0,0.473028533935456,0.19368878983949,0,0,0.490967175492436,0.227804664177692,0,0,0.48109733947266,0.236445709979265,1,0,0.452351274595358,0.236139336387844,1,1
"36",0.485233739820414,0.242469528343877,1,0,0,0.484936565797162,0.195150443378495,0,0,0.468121562562099,0.230589778872843,0,0,0.492776575156772,0.238252559551825,0,0,0.485233739820414,0.235360966081217,0,0
"37",0.282345994752541,0.198710641682895,19,1,1,0.284502314822265,0.207136828289459,1,1,0.302300556494072,0.203237174116614,1,1,-0.103344764731994,0.288541517911435,1,1,0.275263277958935,0.239880736263612,1,1
"38",0.624358854035969,0.189105043360242,13,0,0,0.549530408072702,0.17970429448781,0,0,0.548329348339016,0.179444805058372,0,0,0.536304488252368,0.207922687037553,0,0,0.536535523247771,0.212849859632662,0,0
"39",0.476197798153343,0.196296588343488,7,0,0,0.442113106399939,0.192224342633309,0,0,0.444524107331457,0.189483680922027,0,0,0.416634985826845,0.235758632456074,1,1,0.395782153260465,0.242226366795038,0,1
"40",0.446773095109609,0.246998255062576,5,1,1,0.477260723894575,0.181734199468272,0,0,0.470529753602189,0.201279068409918,0,0,0.628629620318591,0.23551458302992,0,0,0.429384805749405,0.208674306490328,0,0
"41",0.13656000018044,0.206962181452178,19,1,1,0.14878175062101,0.211264519637846,1,1,0.144514609168376,0.19520949135494,1,1,0.0942376336737121,0.226610601954251,1,1,0.0911511043107709,0.232038451211357,1,1
"42",0.357490114508054,0.18542262815087,15,1,1,0.306067743842461,0.205157433899043,1,1,0.304855639674221,0.223103072678805,1,1,0.255601308022283,0.23391446942433,1,1,0.329662679152746,0.223327220236445,1,1
"43",0.093645898139032,0.240588577266942,5,1,1,0.0693835093518388,0.228386308562206,1,1,0.0775303752894271,0.202660127947999,1,1,0.0497513817171284,0.251807487378363,1,1,0.0795581199913162,0.251570821211534,1,1
"44",0.487703832922138,0.202096190988148,9,0,0,0.491329546978391,0.193360891480455,0,0,0.493273008051436,0.165198184704717,0,0,0.567020010868427,0.208644856502217,0,0,0.501676464344899,0.24186147039784,1,0
"45",0.47467455073402,0.202317770247996,17,0,0,0.468484709074633,0.185258531874182,0,0,0.473984794209617,0.17566783035408,0,0,0.325594610101674,0.208363903698531,0,0,0.45469170247736,0.21543465200016,0,0
"46",0.24364360868679,0.197980713707788,19,1,1,0.191137261025948,0.228102962087537,1,1,0.176581602253896,0.204154176467386,1,1,0.070769327420092,0.246505229900403,1,1,0.195872580098309,0.236767868009471,1,1
"47",0.24470435109972,0.212493929401818,3,1,1,0.109851763729087,0.178848512538336,1,1,0.12726332283928,0.199726306966963,1,1,0.126002949200862,0.241630039589497,1,1,0.14459696760155,0.231277057981339,1,1
"48",0.344572458630098,0.213824778621515,3,1,1,0.343173549758476,0.220692380024283,1,1,0.355151721538124,0.219987215008833,1,1,0.341992910623595,0.201038726857764,1,1,0.318861233433871,0.233760730202931,1,1
"49",0.348716994780518,0.21867913598576,13,1,1,0.374606461996043,0.210450871896389,1,1,0.386697566752322,0.222186964470676,1,1,0.212643103903499,0.245609472330262,1,1,0.310639596441854,0.278070916325989,1,1
"50",0.202298338999784,0.219144415167433,3,1,1,0.253438799681127,0.201027145068795,1,1,0.248100642579697,0.190029816866131,1,1,0.166931626558005,0.223319033423763,1,1,0.205336814880561,0.235489295084644,1,1
"51",0.273040363522697,0.160125275866307,9,1,1,0.235014616633326,0.17979004934656,1,1,0.241332448869768,0.185487433287929,1,1,0.428127422192187,0.199771606367876,1,1,0.273360142520713,0.225011352348566,1,1
"52",0.385254517158355,0.202931629688104,19,0,1,0.40770666556384,0.200673976000131,0,0,0.401554112905315,0.201014477464694,0,0,0.455307126941872,0.252171570154558,1,1,0.407896788768144,0.254234231725873,1,1
"53",0.0666640084864586,0.216559369195423,19,1,1,0.0795131222162759,0.201138253378806,1,1,0.0831496835891138,0.176132832260495,1,1,0.115916336943262,0.206545100350306,1,1,0.0656583762981249,0.230750678547906,1,1
"54",0.230664306859536,0.214894876800548,11,1,1,0.257043077651601,0.202603986787702,1,1,0.27574235275309,0.213192638819321,1,1,-0.00929819832538445,0.267241299888839,1,1,0.264089993610105,0.255565862615788,1,1
"55",0.0160498516231277,0.18309103161138,7,1,1,-0.00504531991449554,0.180532510506442,1,1,-0.00940806528104937,0.195809024145114,1,1,-0.0342417488297123,0.196118866431434,1,1,-0.0251758718707466,0.232420340780048,1,1
"56",0.630640941876878,0.223277936498656,13,0,0,0.519090675636928,0.238818691440777,0,0,0.522854559814603,0.204728323354974,0,0,0.608998272233084,0.297931572176897,0,1,0.622686525143405,0.282374127376898,1,0
"57",0.0916556166265373,0.192922519346906,13,1,1,0.0993800399705827,0.199341166769055,1,1,0.0955207780508385,0.202794804581139,1,1,-0.270166494977659,0.255070817429148,1,1,0.0781925543595068,0.242318260753069,1,1
"58",0.604291976922725,0.195008309033943,15,0,0,0.581279964876,0.183558072420394,0,0,0.588008083013858,0.177864409263497,0,0,0.678531449763131,0.219513667175988,0,0,0.590062435533495,0.238726600252909,0,0
"59",0.254785664322149,0.248813268344917,17,1,1,0.280917423063461,0.188156944579178,1,1,0.287140675169573,0.234680717022348,1,1,0.125425788433703,0.224595751853167,1,1,0.275759055591695,0.254954917663803,1,1
"60",0.563975509556516,0.255647495848453,19,0,0,0.505542260245855,0.18141156166185,0,0,0.513500362696576,0.188161870108631,0,0,0.408018594564421,0.261107643108448,0,0,0.506444831754205,0.268314484645845,0,1
"61",0.192771536554734,0.219186409807711,3,1,1,0.11833911162757,0.208055242977266,1,1,0.0922344495519033,0.209601734255337,1,1,0.0718834092443657,0.210592748652223,1,1,0.0906113425621098,0.235504234141279,1,1
"62",0.468490519071725,0.195428194868353,17,0,0,0.458144337116558,0.196480124673114,0,0,0.440218059485788,0.190707218676325,0,0,0.318629619719755,0.226900957314227,0,1,0.41783869645117,0.261128805526643,1,1
"63",0.367468808702676,0.1854420991251,13,1,0,0.351540658307407,0.193655602406034,0,1,0.353764357247073,0.171933678186987,0,0,0.45928197289066,0.232113643063917,1,1,0.404680687111357,0.218817634860867,1,1
"64",0.295150162242794,0.214275084764847,9,1,1,0.28253822451731,0.232231663052897,1,1,0.302464872247375,0.200091125938801,1,1,0.32651589356672,0.252087505653497,1,1,0.279904133665099,0.22843339444555,1,1
"65",0.225958843536107,0.242068408878418,15,1,1,0.181440035772135,0.221629170157717,1,1,0.144055994726081,0.200891311521163,1,1,-0.0855214585864968,0.239421428838534,1,1,0.0948362680407758,0.254302311302483,1,1
"66",0.22017875440939,0.217059409919064,5,1,1,0.248413083041802,0.179714282199665,1,1,0.273123761282885,0.209863144887472,1,1,0.287577344656088,0.22730376112219,1,1,0.321126354870635,0.228794889157632,1,1
"67",0.295519513186145,0.195323912011931,17,1,1,0.209727726947708,0.191094974243823,1,1,0.222222441913242,0.195450089859861,1,1,0.347236319799176,0.2333394949866,1,1,0.223209897365652,0.237461298977429,1,1
"68",0.336278298237789,0.189642412504968,19,0,1,0.443250138999894,0.199069302473123,0,0,0.416574606137564,0.212221186539854,1,0,0.315038610879426,0.216020818141825,0,1,0.403077781197772,0.228351729366455,0,1
"69",0.581076461980923,0.217930802579625,15,0,0,0.574431457977013,0.221590677349372,0,0,0.566491231335459,0.179849467242143,0,0,0.605701769477574,0.253136589929967,0,0,0.544786682809051,0.269188014439319,0,0
"70",0.510676322726068,0.247715845094001,15,1,0,0.484989585098261,0.197205077630129,0,0,0.471672898526375,0.211850722757872,0,0,0.0963229752377684,0.258601040894569,0,1,0.425474051420932,0.290704736445002,1,1
"71",-0.239964927974672,0.227975572713911,9,1,1,-0.245977413772304,0.226377648782858,1,1,-0.238327163226456,0.206855413443122,1,1,-0.325793463866567,0.260355702209339,1,1,-0.330399292894031,0.272603704155104,1,1
"72",0.753243687659181,0.222704351863794,11,0,0,0.764482333538991,0.193772599082618,0,0,0.792823589687557,0.202370048852178,0,0,0.89720860660968,0.246191779458009,0,0,0.817334452023098,0.252237322345105,0,0
"73",0.47632518437929,0.202054713357679,15,0,0,0.42237829839867,0.21480098462406,0,0,0.424097737639967,0.20840370856728,1,0,0.105740298482079,0.231654533894136,0,1,0.404312241517998,0.203401970226205,0,0
"74",0.365583059891906,0.17753625349807,13,0,0,0.391516597576751,0.187615391216388,0,0,0.398491576847256,0.165941453314417,0,0,0.496187902063889,0.214869793413278,1,1,0.378919765727705,0.255816141583095,1,1
"75",0.463396853315145,0.20163127785117,13,1,0,0.393532119336996,0.163120243644024,0,0,0.387947008991808,0.175847995253379,0,0,0.291036652868822,0.225453752980539,0,1,0.400480021488373,0.23887964708611,1,1
"76",0.503214384688946,0.237835938059756,7,0,0,0.503890265963238,0.217517399233991,0,0,0.506697693967959,0.189214141355568,0,0,0.683539394552053,0.199284925959218,0,0,0.445738507100473,0.256282483757282,1,1
"77",0.549103652061939,0.204718422934257,7,0,0,0.52644181593368,0.186436915664252,0,0,0.531525920973517,0.166656661601945,0,0,0.494727868801997,0.20368972480496,0,0,0.524296944770429,0.23562434684722,0,0
"78",0.21011974748588,0.219409664980838,13,1,1,0.257856322142884,0.193642669868672,1,1,0.244400452930597,0.201485380711076,1,1,0.289252303429665,0.244489481178601,1,1,0.276464174647927,0.25918483904187,1,1
"79",0.0372829621191588,0.187423851889486,9,1,1,0.104552650250833,0.223357073011884,1,1,0.10705292235325,0.20408585395671,1,1,0.272421789252681,0.251972433796554,1,1,0.120419959650916,0.261893931973123,1,1
"80",0.135924727375564,0.196491923110474,15,1,1,0.156340897181673,0.199394503464618,1,1,0.177917245015968,0.193279188781621,1,1,0.357277108707015,0.252307552422894,1,1,0.185941102306841,0.243994034793517,1,1
"81",0.139428926599646,0.233918060345783,5,1,1,0.263535011534882,0.201368216932362,1,1,0.27723414829836,0.206705440434276,1,1,0.111620499756092,0.26755502370444,1,1,0.239142559381381,0.245368925323241,1,1
"82",0.18480219577915,0.17787573028944,19,1,1,0.163957840178554,0.183149117442174,1,1,0.158018944310987,0.171072326336852,1,1,0.21920816902453,0.204393747686482,1,1,0.161725610393409,0.192040655633132,1,1
"83",0.259373720562928,0.180937529208007,15,1,1,0.297838696957567,0.209917847351936,1,1,0.321183906893201,0.199850316160694,1,1,0.326409653636856,0.243131605125412,1,1,0.241229024232161,0.242576090483771,1,1
"84",0.486835491056959,0.198358982238692,11,0,0,0.5749666283654,0.220536955993107,0,0,0.608753675667132,0.215611367752035,0,0,0.514884677640196,0.203091736118694,0,0,0.535565649094066,0.275733038863153,1,1
"85",0.510823962355017,0.212804167343264,19,0,0,0.528615279610061,0.221868275731428,0,0,0.540698330022052,0.209740528377606,0,0,0.549577452402478,0.262897330895269,0,0,0.490545933204127,0.23906831178203,0,0
"86",0.315451340411042,0.21002425174743,7,1,1,0.363615794446442,0.186880874566776,1,1,0.34544313646372,0.189348129262868,0,1,0.411604423957097,0.215980275131478,1,1,0.344088355098573,0.232973315071525,1,1
"87",0.432526861135882,0.204708467142844,19,0,0,0.378635104470556,0.198128585314434,0,1,0.367529618046701,0.175171287596538,0,0,0.298198710025592,0.241598800383631,1,1,0.356151879672126,0.238750462548958,1,1
"88",0.375564914676097,0.207564769319798,17,1,1,0.368515247224313,0.165563874280079,1,0,0.37200700354646,0.168131519118186,1,0,0.262981167743571,0.233215874875008,1,1,0.34892946939362,0.206762665809533,1,1
"89",0.363766005932488,0.227739279270999,11,1,1,0.290462452828623,0.201625713182733,1,1,0.279683377207262,0.198460022954539,1,1,0.479699512198158,0.255662196797757,1,1,0.3213772814293,0.250251923303588,1,1
"90",0.338994339506322,0.22466668078064,19,1,1,0.250354504117788,0.198182089696486,1,1,0.26128973835942,0.202082196702762,1,1,0.176770981350203,0.220898493890611,1,1,0.293513150720522,0.23399188894355,1,1
"91",0.554829297394985,0.213666488113306,13,0,0,0.536981974726916,0.189059514533694,0,0,0.529462851926623,0.212428260124527,0,0,0.646961453791499,0.242241422057417,0,0,0.55288916663399,0.240307319689798,0,0
"92",0.138701187015515,0.207770531492048,11,1,1,0.186064539250236,0.188385342982233,1,1,0.190046343406011,0.212678164664077,1,1,0.175861006881103,0.237329856655999,1,1,0.176800312179797,0.225173152206934,1,1
"93",0.253448225668226,0.23557451496543,9,1,1,0.223672588401812,0.215949264139543,1,1,0.231616231744789,0.203545435654971,1,1,0.355786212617505,0.24110137637739,1,1,0.232330516864039,0.249421845200721,1,1
"94",0.244859946435171,0.249851517433371,1,1,1,0.483240128626526,0.208146282167934,0,0,0.494577521900685,0.226415453298075,0,0,0.238178421796157,0.256263112597175,0,1,0.244859946435171,0.256294872966359,1,1
"95",0.131379156496452,0.221109795155885,3,1,1,0.167274584342122,0.203427703692762,1,1,0.155938245054469,0.200561132811711,1,1,0.460891927724342,0.21500646183795,1,1,0.233312546717418,0.234013172182315,1,1
"96",0.543140886958972,0.199337755550184,17,0,0,0.514467458685728,0.185941356143198,0,0,0.514214294506539,0.179130972963879,0,0,0.461786119477352,0.241838321441633,0,0,0.499516094667529,0.218721557988105,0,0
"97",0.643529013405781,0.210561274783025,9,0,0,0.681034447217061,0.209262197384473,0,0,0.687103423383443,0.204948201908118,0,0,0.65357374554619,0.24191913816803,0,0,0.654267041309875,0.21414495867962,0,0
"98",0.16888555823278,0.207292644708694,7,1,1,0.219939298369432,0.220863809336095,1,1,0.231885186595854,0.203670076956852,1,1,0.157367486746456,0.265090723520467,1,1,0.249085799721382,0.233012718322881,1,1
"99",0.354034599943789,0.227626038010068,7,1,1,0.300819737264487,0.212715001670606,1,1,0.308573911695482,0.20629955589217,1,1,0.400660037227833,0.260204582315806,1,1,0.315250791083702,0.2606906585597,1,1
"100",0.230909431017371,0.213717259542306,13,1,1,0.189136882962029,0.212608991188062,1,1,0.196161777968096,0.225639597749081,1,1,0.0812569065220473,0.263729679758884,1,1,0.160358373291582,0.288298777785198,1,1
