"","V1","V2","V3","V4","V5","V6","V7","V8","V9","V10","V11","V12","V13","V14","V15","V16","V17","V18","V19","V20","V21"
"1",0.327232546373383,0.19485114800228,17,1,1,0.33326618750933,0.205568173247897,1,1,0.320909997268486,0.173443065363517,1,1,0.33654611189489,0.228649379114775,1,1,1,1,1,1
"2",0.0420368786805675,0.242995971407548,3,1,1,0.183503484139523,0.216664319215227,1,1,0.190586773765763,0.210545415814245,1,1,0.14313441899164,0.273252619613771,1,1,1,1,1,1
"3",0.210435483437607,0.187700876585663,19,1,1,0.209001128278957,0.177596727487422,1,1,0.218511339297476,0.172309632330629,1,1,0.305618467644801,0.223263148083664,1,1,1,1,1,1
"4",0.139108005147175,0.189211785354143,9,1,1,0.204655541976727,0.199702816109779,1,1,0.214430912229068,0.179955430384449,1,1,-0.0683712314161865,0.21924324628017,1,1,1,1,1,1
"5",0.125151049429367,0.222854122598048,11,1,1,0.215798323537717,0.202102771291785,1,1,0.195958459548308,0.184079799576551,1,1,0.292954565681977,0.222751812905327,1,1,1,1,1,1
"6",0.134607364187418,0.208920059270427,11,1,1,0.125347361137758,0.17445258023151,1,1,0.12990141058331,0.224702501373916,1,1,-0.0430189854423481,0.245158429002258,1,1,1,1,1,1
"7",0.418759291478238,0.218912163256782,7,1,1,0.365725606672359,0.219418395913431,0,1,0.362670816281298,0.197239955148746,1,1,0.563399539096767,0.228104240587018,1,1,1,1,1,1
"8",0.427827844826161,0.210644807809808,5,0,0,0.456612824386067,0.227158039406042,0,0,0.460539450936874,0.250503481166339,1,1,0.356696081858702,0.247170338304709,0,1,1,1,1,1
"9",0.543289980207485,0.255201425481199,3,1,0,0.550831188328149,0.194494185591047,0,0,0.531963559022926,0.182720379331876,0,0,0.498935559087866,0.245084941806161,0,0,1,1,1,1
"10",-0.0239911382859106,0.203163801843855,3,1,1,0.0476404346337238,0.204032023515471,1,1,0.0412412735568089,0.192340714711535,1,1,0.0451149140322266,0.219292687524893,1,1,1,1,1,1
"11",0.400992418516287,0.221279790762966,13,1,1,0.402839953491116,0.233605325475072,1,1,0.379975628476786,0.207784731660734,1,1,0.486539112728442,0.258033100213756,1,1,1,1,1,1
"12",0.502286978335975,0.249379757967368,9,1,0,0.50706628276557,0.221158151740933,0,0,0.528122832101613,0.233684681953441,0,0,0.559114763003336,0.260098812030193,0,0,1,1,1,1
"13",0.241136962777278,0.226932321348118,9,1,1,0.244745781710853,0.206021415705973,1,1,0.234925321354245,0.204322355151866,1,1,0.245840841401003,0.254974013525633,1,1,1,1,1,1
"14",0.0857775427303831,0.24379804613035,9,1,1,0.168793457388607,0.208048677869414,1,1,0.166503515567397,0.214827354590994,1,1,0.147441691424185,0.261214834646074,1,1,1,1,1,1
"15",0.278497048132953,0.26276044656699,17,1,1,0.330434524607114,0.218847985465213,1,1,0.309666660073972,0.22404799946891,1,1,0.256551380203268,0.274839331783855,1,1,1,1,1,1
"16",0.475689839472907,0.220675309052054,19,1,0,0.478975566523464,0.203856534699406,0,0,0.481846002956178,0.182677703622308,0,0,0.472893142311127,0.228901297512209,0,0,1,1,1,1
"17",0.245293833720616,0.235000495391427,3,1,1,0.370071297169878,0.224410003573871,1,1,0.392538576747613,0.200866609995175,0,1,0.328467692455356,0.245421956326099,1,1,1,1,1,1
"18",-0.114343272469143,0.213856576016372,17,1,1,-0.0464778720618307,0.178615197287683,1,1,-0.0440586922835473,0.213728885061499,1,1,-0.148508559191743,0.198343772942051,1,1,1,1,1,1
"19",0.4014941201284,0.220056300854298,5,1,1,0.339750154966491,0.195944953323887,1,1,0.345311521761347,0.192727596639223,1,1,0.450300684877226,0.233486507816493,1,1,1,1,1,1
"20",0.760384164832497,0.171257358748536,5,0,0,0.642185101602203,0.184495409596497,0,0,0.639712679604542,0.184039245947671,0,0,0.739988596894059,0.191813155353046,0,0,1,1,1,1
"21",0.265540447448928,0.186794416272174,19,1,1,0.344227481631762,0.185755111198421,1,1,0.347369663484681,0.184587571572915,1,1,0.440518415097582,0.235071519462983,1,1,1,1,1,1
"22",0.171141252855808,0.204771691667701,9,1,1,0.180523005882618,0.174884883283712,1,1,0.175635500397871,0.216562289423895,1,1,0.324571676653603,0.216555560406093,1,1,1,1,1,1
"23",-0.202406640767346,0.227825498811692,9,1,1,-0.174918285832335,0.187590843513625,1,1,-0.180730659838528,0.204119615334776,1,1,-0.325655926263439,0.208147348550985,1,1,1,1,1,1
"24",0.291152008081371,0.223013067658576,13,1,1,0.223922242708086,0.209041181534823,1,1,0.216495211307557,0.225545100608264,1,1,0.194563697496482,0.253000607452205,1,1,1,1,1,1
"25",0.147425508312749,0.216516043058717,15,1,1,0.119810666725559,0.192507588568105,1,1,0.114663739948367,0.1836832397598,1,1,0.209973853848502,0.212842163545809,1,1,1,1,1,1
"26",0.377524368042079,0.213382142317183,19,1,1,0.332956288830997,0.184667645667765,1,1,0.335410464747473,0.193686399268095,1,1,0.603667591310564,0.224073538146647,1,1,1,1,1,1
"27",0.431107537590122,0.239855706340558,19,1,1,0.43796757979798,0.174897053159518,0,0,0.455915129384766,0.209939109734496,0,0,0.66965186118715,0.2388251969565,0,1,1,1,1,1
"28",0.15120587326192,0.223859750143048,13,1,1,0.133755312174837,0.201817376466722,1,1,0.130380092204204,0.210401602806775,1,1,-0.0984479632772722,0.268036022526463,1,1,1,1,1,1
"29",0.39744917735438,0.234546601313836,7,0,1,0.404352891093463,0.21736646201371,1,1,0.40698356592766,0.218263422262805,0,1,0.574735108946352,0.24577599610665,1,1,1,1,1,1
"30",0.49508993707649,0.214740014539137,3,0,0,0.578685740112007,0.17501536900754,0,0,0.557553072910777,0.181003122710447,0,0,0.587620788783145,0.22346877545029,0,0,1,1,1,1
"31",0.478000448522974,0.218671716495722,11,0,0,0.529039038819274,0.192889514487596,0,0,0.52580238715167,0.224525647785537,0,0,0.290669390194949,0.240358740241513,0,0,1,1,1,1
"32",0.514194551953844,0.168744032300816,9,0,0,0.57100416990354,0.181146031619678,0,0,0.569394518163098,0.199190186022812,0,0,0.6448596215442,0.231872821157936,0,0,1,1,1,1
"33",0.237751323661514,0.216034594530073,5,1,1,0.205962720088445,0.187493145822519,1,1,0.209535158146597,0.205785636349607,1,1,0.207768340910437,0.227793361072435,1,1,1,1,1,1
"34",0.394702206772047,0.21406721221479,5,1,1,0.319541015827282,0.202340093030112,1,1,0.325083292030586,0.181158695990614,0,1,0.427235822250339,0.239171288111418,1,1,1,1,1,1
"35",0.317227512219558,0.242772319965225,3,1,1,0.364736865241364,0.217628746195022,1,1,0.374792677589968,0.188050941939609,0,0,0.169439583809082,0.238917470815492,1,1,1,1,1,1
"36",0.129506576452235,0.223872570799483,9,1,1,0.108349913524217,0.202249622197465,1,1,0.105218300572322,0.192484162202034,1,1,-0.136309937421087,0.23975297798354,1,1,1,1,1,1
"37",0.0847259491529359,0.19979797626319,7,1,1,0.0974567127397342,0.209907866331637,1,1,0.106430230346057,0.192074493068695,1,1,0.105693072251341,0.254052275812492,1,1,1,1,1,1
"38",0.308798363229807,0.197298143154217,3,1,1,0.348369435212498,0.208106653734751,1,1,0.335890637948789,0.20421062924997,1,1,0.310190338040165,0.248395297241127,1,1,1,1,1,1
"39",0.169222848058552,0.20799588280802,15,1,1,0.223046099292023,0.194771812582308,1,1,0.194854330622898,0.183874023900996,1,1,0.179623238893513,0.202047734548739,1,1,1,1,1,1
"40",0.163539738691892,0.192276223157112,9,1,1,0.0720723434690029,0.19470861293972,1,1,0.0808153559859078,0.216366442328818,1,1,0.0888947457459233,0.235521323189612,1,1,1,1,1,1
"41",0.0985586209204427,0.192333362824769,15,1,1,0.155384322396174,0.185730945979967,1,1,0.171729237896656,0.184237859432292,1,1,0.0153310580737727,0.229827925106866,1,1,1,1,1,1
"42",0.353506660550368,0.210126163341851,19,1,1,0.373113176918107,0.19130703957574,0,1,0.368455926747853,0.218653689732296,1,1,0.432767092235662,0.238396402695959,1,1,1,1,1,1
"43",0.0350409855839249,0.210801344117905,15,1,1,0.0664378849906234,0.203417202033941,1,1,0.0735595136241167,0.167997599855492,1,1,0.116154330151217,0.22079846422665,1,1,1,1,1,1
"44",0.57793309674622,0.201556804588393,7,0,0,0.608172497518815,0.210474857498034,0,0,0.612288417245667,0.185901753167605,0,0,0.323891242887269,0.231913663707544,0,0,1,1,1,1
"45",0.173414579395001,0.202733568026806,9,1,1,0.126421544050851,0.206433134552343,1,1,0.109901783218613,0.214387437172294,1,1,0.348835437487876,0.235850120936178,1,1,1,1,1,1
"46",0.240629230340172,0.239711648333116,19,1,1,0.281852982778959,0.215715040852052,1,1,0.304573839901049,0.205318710443431,1,1,0.123786386779333,0.257550783754134,1,1,1,1,1,1
"47",0.376180317553766,0.23736425882971,1,1,1,0.235219026488542,0.180361061926884,1,1,0.235398623360203,0.194079770505991,1,1,0.384897290059805,0.236815099882888,1,1,1,1,1,1
"48",0.0925925035015861,0.19660499942072,17,1,1,0.0782505054874669,0.183432836027248,1,1,0.0743638089106007,0.206937561034573,1,1,0.0079320756303381,0.28619201968065,1,1,1,1,1,1
"49",0.637962884006355,0.216730891411083,19,0,0,0.624614474862788,0.205700382173996,0,0,0.62869228377217,0.192606352888399,0,0,0.590306667629127,0.233835436117521,0,0,1,1,1,1
"50",0.603827653648736,0.213140785088929,3,0,0,0.53379745710658,0.200249981076676,0,0,0.548636532784243,0.167973456922406,0,0,0.521028868439337,0.248319666576524,0,0,1,1,1,1
"51",0.155298378487018,0.192691337982977,17,1,1,0.17835698636477,0.191203700937378,1,1,0.183814612493708,0.223887053942108,1,1,0.0835514156244407,0.214596113946653,1,1,1,1,1,1
"52",0.449430663100329,0.206452965040996,7,0,0,0.459151711879094,0.203477408979132,0,0,0.458685366802478,0.177662310951166,0,0,0.484323781731608,0.23614625744905,0,1,1,1,1,1
"53",0.37096018346126,0.219160666763616,7,0,1,0.464094263982215,0.214404560442852,1,0,0.45794170436604,0.189332702619023,0,0,0.539864301853835,0.236904955656535,1,1,1,1,1,1
"54",0.262530008727097,0.219909520301318,5,1,1,0.261518806266873,0.220749630852432,1,1,0.276932503437775,0.205778137559787,1,1,0.377062345789466,0.246595098849379,1,1,1,1,1,1
"55",0.176413764296678,0.228781262596885,7,1,1,0.191974531216248,0.211042276624297,1,1,0.184243147942862,0.205971648955785,1,1,0.110429684264692,0.228276608935129,1,1,1,1,1,1
"56",0.431497693932993,0.230886887052984,5,1,1,0.37990261191043,0.229824444316235,0,1,0.350427861277915,0.205399264942784,1,1,0.461783658807298,0.21448641074261,0,1,1,1,1,1
"57",-0.0676916428409948,0.254972270736365,3,1,1,-0.0184708166324524,0.216428966656374,1,1,-0.0245029831876595,0.223076505919694,1,1,-0.24899907525367,0.263872504730196,1,1,1,1,1,1
"58",0.105907658259232,0.233509146047178,3,1,1,0.117667571350584,0.195901751450062,1,1,0.127766192208713,0.216877551096956,1,1,0.216576819507877,0.251650626652561,1,1,1,1,1,1
"59",0.147260079094532,0.165738271098186,9,1,1,0.198110135440868,0.191714001634078,1,1,0.21118477663022,0.190315697770983,1,1,0.0696616263856325,0.225020116675413,1,1,1,1,1,1
"60",0.195707799592506,0.185821182437548,13,1,1,0.107334707608374,0.176419889970596,1,1,0.0985692606389442,0.197235112093184,1,1,0.0505987008602161,0.220343439002853,1,1,1,1,1,1
"61",0.286779463016339,0.210181021478757,9,1,1,0.305934055362097,0.172094673768558,1,1,0.301881078374217,0.215193554950693,1,1,0.37492567283068,0.237287776620451,1,1,1,1,1,1
"62",0.612808494042558,0.201694433842364,15,0,0,0.601502006297959,0.184318402968242,0,0,0.589415004187331,0.184295703933993,0,0,0.736851985847925,0.244932226255981,0,0,1,1,1,1
"63",0.157282563192745,0.212205716279812,19,1,1,0.271635052634059,0.213839595016827,1,1,0.258268150267427,0.205343951644227,1,1,0.0867241943695241,0.205321019719648,1,1,1,1,1,1
"64",0.478383752271008,0.20950085354245,15,0,0,0.448415985068178,0.193863316728217,0,0,0.450535529018785,0.183662428554905,0,0,0.560549050091826,0.246588632154527,1,1,1,1,1,1
"65",0.34615197744715,0.223756527177246,15,1,1,0.300694780642366,0.204729007391684,1,1,0.302156381962752,0.184363306241711,1,1,0.314985337564605,0.222062840869929,1,1,1,1,1,1
"66",0.626902596030667,0.226815709246733,13,0,0,0.569189540629325,0.202539772127222,0,0,0.583827603291823,0.210834626470789,0,0,0.398772736570345,0.231894185787398,0,0,1,1,1,1
"67",0.704872476676048,0.233513159591602,9,0,0,0.6843829960722,0.224160028250417,0,0,0.675985411781074,0.215173746949705,0,0,0.767031549610062,0.259107660244292,0,0,1,1,1,1
"68",0.237897626683294,0.204243777647014,17,1,1,0.408047705829664,0.211314502217949,0,1,0.339879016955825,0.251679260539227,1,1,0.428350017433593,0.230091608922409,1,1,1,1,1,1
"69",0.24066125826971,0.207985776303668,9,1,1,0.258573499377207,0.204537104397253,1,1,0.236472926237586,0.218804584111025,1,1,0.0369547093548452,0.234129660411778,1,1,1,1,1,1
"70",0.0136733203230614,0.22110943518892,5,1,1,0.0778654877698881,0.180175997380452,1,1,0.0642047817993429,0.187526707928079,1,1,0.213166397172101,0.239221373416253,1,1,1,1,1,1
"71",0.429088582285121,0.224448477336296,13,1,1,0.423532125689772,0.195595824193785,0,0,0.430797542253428,0.190606420924098,0,0,0.580243097343959,0.226603154917926,0,1,1,1,1,1
"72",0.255573284198548,0.193336356365768,13,1,1,0.281638747759812,0.198404585574054,1,1,0.27795087726719,0.223073741570289,1,1,0.26494493077758,0.280908847622334,1,1,1,1,1,1
"73",0.286967794976928,0.232423385168017,9,1,1,0.317851473494164,0.196739794890282,1,1,0.310079663049073,0.20836001973581,1,1,0.378464676275448,0.205275771780192,1,1,1,1,1,1
"74",0.482829073195881,0.186583382222282,19,0,0,0.454081543250377,0.179856833267448,0,0,0.461512103948851,0.219570177281551,0,0,0.448223770726061,0.265451074190842,1,1,1,1,1,1
"75",0.405052158277074,0.234165636589102,11,1,1,0.469804540710518,0.236527454556989,0,0,0.467715114520942,0.222687061898877,0,0,0.555442859368745,0.253608497330112,1,1,1,1,1,1
"76",-0.0504707013941599,0.220457456206115,7,1,1,0.0474551724259963,0.247431086919205,1,1,0.0498603480052841,0.216700977503978,1,1,-0.19957836896783,0.25285940597517,1,1,1,1,1,1
"77",0.229298270651227,0.230908328014608,9,1,1,0.292105494448736,0.184550207813817,0,1,0.309661650137937,0.185967861375141,1,1,0.224712867075136,0.251962589170799,1,1,1,1,1,1
"78",0.519924676582868,0.227438120179875,9,0,0,0.443761094614724,0.236505357786226,1,1,0.447280674857534,0.223140179590722,0,0,0.571478072603583,0.247686346880479,0,1,1,1,1,1
"79",0.68562326320227,0.193725822995,13,0,0,0.650475113539065,0.176886838562861,0,0,0.64526064581202,0.186110132370468,0,0,0.688311220306066,0.203377470604407,0,0,1,1,1,1
"80",0.243654857717459,0.229362495145366,15,1,1,0.227113950415376,0.190245706652621,1,1,0.223413123358682,0.204838310222925,1,1,0.177778621922533,0.221153649362743,1,1,1,1,1,1
"81",0.471248733951255,0.210539237419864,13,0,0,0.449887327323511,0.184626358312595,0,0,0.458464316141812,0.197195625867436,0,0,0.525123137877044,0.230221935677367,0,0,1,1,1,1
"82",0.121397445562587,0.229968005708549,7,1,1,0.0378185581008512,0.21385005920337,1,1,0.0416956555456174,0.175428897859726,1,1,0.201244180956202,0.244936562629359,1,1,1,1,1,1
"83",0.496652946517301,0.212526887597513,5,0,0,0.531850292802448,0.175959110330976,0,0,0.532018802138473,0.203135789296585,0,0,0.635979161250714,0.233414140939384,0,0,1,1,1,1
"84",0.116685052519934,0.234997463481089,13,1,1,0.159850698356685,0.250870696729797,1,1,0.154238047831994,0.208779366472392,1,1,0.22697941332676,0.301078454531465,1,1,1,1,1,1
"85",0.580000444543058,0.231305714451882,15,0,0,0.603640868382643,0.233918071233097,0,0,0.604719027879924,0.194256440109955,0,0,0.733621400917515,0.279249875198952,1,0,1,1,1,1
"86",0.482569390332132,0.202704589611346,19,0,0,0.434546139965581,0.202216589383772,0,0,0.456879707867566,0.189621948987024,0,0,0.535576374932901,0.246292175299331,0,1,1,1,1,1
"87",0.241468359350387,0.227955283871631,9,1,1,0.291551414266195,0.197456278887527,1,1,0.276295498728882,0.19414575049203,1,1,0.176275874064057,0.299237916630813,1,1,1,1,1,1
"88",0.250998162895934,0.227658664072399,11,1,1,0.276783868599332,0.189508717408809,1,1,0.275062659663856,0.190279012484047,1,1,0.322234323712249,0.263565901185199,1,1,1,1,1,1
"89",0.0407699620458541,0.218014923369015,1,1,1,0.0633586250017078,0.186549956873565,1,1,0.0610323956699148,0.203531123652682,1,1,0.0405512655527926,0.263113482082595,1,1,1,1,1,1
"90",0.185701770246629,0.220182903893759,15,1,1,0.170846932944698,0.196828556417972,1,1,0.190338549239295,0.20725844983741,1,1,0.0909372488317938,0.225878562171774,1,1,1,1,1,1
"91",0.451689887854178,0.243614589999065,17,1,1,0.431417313801054,0.195603652600483,0,0,0.434449165781581,0.245718422282897,1,1,0.450461285007716,0.251139942928156,0,1,1,1,1,1
"92",0.400965434674818,0.205800207063787,15,0,1,0.479556082147444,0.200386596641952,0,0,0.469461076072261,0.180627910191142,0,0,0.303415009279051,0.205854841162021,0,0,1,1,1,1
"93",0.710955948649366,0.219318827518438,9,0,0,0.5527146120842,0.193308450166862,0,0,0.583280578215112,0.203148585678906,0,0,0.846174077217286,0.233381171851173,0,0,1,1,1,1
"94",0.806363915967418,0.209582652615053,3,0,0,0.774669845836489,0.192737359154695,0,0,0.76048708330282,0.207379942071489,0,0,1.080448442821,0.213941060333561,0,0,1,1,1,1
"95",0.0722102521410091,0.194419805866035,15,1,1,0.0872840950988334,0.194862540215969,1,1,0.0773360583958596,0.200143992787492,1,1,0.0639509942476082,0.230118684937089,1,1,1,1,1,1
"96",0.592027704600029,0.23926794673782,5,1,0,0.405411691360068,0.221550046057481,1,1,0.406285139186758,0.243063141389946,1,1,0.338313219413431,0.287816991437852,1,1,1,1,1,1
"97",0.533590270056577,0.235464146696346,13,0,0,0.480442503960249,0.242221277715888,0,0,0.476756838609447,0.250195319859171,1,1,0.354270814652076,0.254227289764783,0,1,1,1,1,1
"98",0.140384068701082,0.209372697772198,15,1,1,0.239628350785705,0.218696052475016,1,1,0.235240999164191,0.197012473880242,1,1,-0.0869105367577014,0.234653221285797,1,1,1,1,1,1
"99",0.34871431842862,0.200639889312648,15,1,1,0.372428473060117,0.211507778840824,1,1,0.390722190739188,0.181345960375969,0,0,0.277075779411855,0.243663812043367,1,1,1,1,1,1
"100",0.50102614211136,0.228764727277836,13,0,0,0.510887288363677,0.222831220083612,0,0,0.517139357738991,0.215201989464923,0,0,0.512961238342081,0.234949908822959,0,0,1,1,1,1
