"","V1","V2","V3","V4","V5","V6","V7","V8","V9","V10","V11","V12","V13","V14","V15","V16","V17","V18","V19","V20","V21"
"1",-0.290789477656758,0.291732672540574,3,1,1,-0.297593448221148,0.26684902532834,1,1,-0.252340371086018,0.243792252828301,1,1,-0.254604490284969,0.276995966214622,1,1,-0.072590581367505,0.274071844384851,1,1
"2",0.26367100459757,0.207424077649732,17,1,1,0.100723951401067,0.216474019324363,1,1,0.0925925643285411,0.22950419387927,1,1,-0.0145196093088518,0.235317877001698,1,1,0.6103030240931,0.236390644800082,1,0
"3",0.117483218902466,0.236180326359161,9,1,1,0.027858625767395,0.210864272847877,1,1,0.0700731581619543,0.209975955889497,1,1,-0.27220126374596,0.258572760808282,1,1,0.371918858192904,0.242213775420002,1,1
"4",0.065094984608319,0.213999597554514,19,1,1,-0.0149871329586231,0.224341632239296,1,1,-0.011552803057812,0.236092342743551,1,1,0.28207506320396,0.249428203979614,1,1,0.273365826478246,0.262036691842004,1,1
"5",0.0863744353568431,0.227351843940849,9,1,1,-0.115980822831646,0.226398791106047,1,1,-0.0613653112575518,0.231423141121825,1,1,0.13344388959187,0.255232499926019,1,1,0.454963876675483,0.25701360879601,1,1
"6",0.0382136615533692,0.242182800106684,5,1,1,0.0474635996029207,0.225161267753892,1,1,-0.0153843482646354,0.235619821319327,1,1,-0.00267928705717604,0.260363108107235,1,1,0.348887166449536,0.262003964674401,1,1
"7",0.78110085667289,0.233552240579278,17,0,0,0.675611285375809,0.214479910448156,0,0,0.706665915146466,0.197799063507999,0,0,0.850877956038762,0.271207025035464,0,0,1.01798237960402,0.259084210917676,0,0
"8",0.0440497762590433,0.232567174559585,17,1,1,0.00309771031357098,0.222342983170361,1,1,-0.00299538941123922,0.212371161811721,1,1,0.109571792716352,0.262862014933687,1,1,0.23176871610242,0.247345990386273,1,1
"9",-0.38295290390192,0.200326175301685,15,1,1,-0.34882120005515,0.215012679217171,1,1,-0.310169306001681,0.200202349761985,1,1,-0.43419835827315,0.250053737269966,1,1,-0.0913438762934776,0.24593780194277,1,1
"10",0.0429519070561759,0.272708286564283,17,1,1,0.120265023062625,0.338195329861907,1,1,0.10435535425445,0.307871093690498,1,1,-0.140024000620916,0.329638580742822,1,1,0.338046613413393,0.332108576217188,1,1
"11",-0.28353321221973,0.259980701069623,9,1,1,-0.251881623415998,0.228147413585522,1,1,-0.268717902920175,0.240114724621691,1,1,-0.441672435718788,0.295560564221453,1,1,-0.0290124025027275,0.28471587638708,1,1
"12",0.455141102566901,0.260811785158359,3,1,1,0.397407186082579,0.198160986290139,1,0,0.389024525679095,0.217309491507208,1,1,0.563833281188964,0.29070106336851,1,1,0.635317308994024,0.29077736308143,1,0
"13",-0.210890156698179,0.230874132203189,9,1,1,-0.330063033959744,0.277282710541729,1,1,-0.282317078983208,0.246695480689592,1,1,-0.491847676534858,0.263792075667075,1,1,0.0937640246840896,0.269123727324772,1,1
"14",-0.0836833522644893,0.217074290194568,15,1,1,-0.0189216471195888,0.227477696712246,1,1,-0.032883721705805,0.222066015590131,1,1,0.053411391948636,0.259766518435803,1,1,0.174455482385584,0.25869621900109,1,1
"15",0.129609792176474,0.237339722625043,13,1,1,0.0509406880416073,0.241015760426075,1,1,0.042246033762948,0.224107778050397,1,1,-0.025968607332463,0.278927610987488,1,1,0.194290842810905,0.274655724544499,1,1
"16",0.297566857488288,0.240257077807411,19,1,1,0.511770721021656,0.260539325094994,0,0,0.552049095687054,0.280912045504208,0,0,0.453177948774144,0.256428773623002,1,0,0.625327468930445,0.256143525135774,1,0
"17",0.0265429362031035,0.224217263445999,19,1,1,-0.0529588064104207,0.229205376153839,1,1,-0.0631400390356354,0.228933288328098,1,1,-0.0431013215520136,0.2473068612484,1,1,0.286800889233836,0.2473446830047,1,1
"18",0.612841858098324,0.250557365846356,11,0,0,0.469358803325307,0.238217085854391,0,0,0.452389490161957,0.228656180168015,0,0,0.481128152795206,0.262076066877074,0,1,0.791567301991447,0.262648466950115,0,0
"19",-0.0514442566080402,0.224481213892393,15,1,1,-0.132874449650095,0.237097994917704,1,1,-0.139985519708817,0.228999277049639,1,1,-0.490756330381111,0.260941290308615,1,1,0.161326382313653,0.264332479455858,1,1
"20",0.0537623208354542,0.203401274901411,19,1,1,-0.0482470549041354,0.199540032013825,1,1,0.00750721601066544,0.198505686488969,1,1,-0.120669431232512,0.221888489322905,1,1,0.243323475710459,0.234142925703124,1,1
"21",0.458372417910837,0.250801212615533,3,0,1,0.417640485901541,0.213762102067938,0,1,0.461912841790239,0.225831976566865,0,0,0.361541333908848,0.277978785607827,1,1,0.637504506704567,0.272654469931443,1,0
"22",-0.529508016037883,0.269091663258045,3,1,0,-0.305447411151295,0.193729913594261,1,1,-0.35489843263184,0.198312863292578,1,1,-0.595555119237242,0.284758888418703,1,1,-0.110413413832421,0.298312787782355,1,1
"23",0.265555824604462,0.215144275886582,13,1,1,0.243714660378649,0.204548339729625,1,1,0.270077874462971,0.200293786159667,1,1,0.0582660520981644,0.24317010187309,1,1,0.505443373893278,0.246945079468489,1,0
"24",0.229443100177302,0.232371942783316,17,1,1,-0.0203560477460879,0.234375766084662,1,1,0.0249261736787049,0.229316719146109,1,1,0.020382849045421,0.245044297438645,1,1,0.496081179349389,0.244907387597767,1,0
"25",-0.0870808151770532,0.222500596779783,5,1,1,-0.176468764053352,0.187400442248028,1,1,-0.177870401349182,0.200727120376383,1,1,-0.0422092072386259,0.217170011512273,1,1,0.0222976408865354,0.237233595370061,1,1
"26",0.189180587698921,0.207058221018256,9,1,1,0.213580536736207,0.218423722467612,1,1,0.175113673132875,0.213035300605189,1,1,0.194372902526774,0.224156666596167,1,1,0.516719697065649,0.230861510915497,1,0
"27",0.140450468379248,0.230472062984851,11,1,1,0.191437040684027,0.195702930870754,1,1,0.201965837592468,0.196630653261183,1,1,0.342755103711521,0.247742730541263,1,1,0.493654598755953,0.251130462763844,1,0
"28",-0.0676069965997506,0.201198457175295,19,1,1,-0.120880970259733,0.209771410883401,1,1,-0.113907531626978,0.189506126842135,1,1,-0.108602692321197,0.237513258766884,1,1,0.167519432553649,0.232683927200139,1,1
"29",-0.0161397681034684,0.249976960022494,1,1,1,0.0441261647630522,0.233505550262224,1,1,0.0599423971395507,0.230661375318617,1,1,-0.0129224907760265,0.252487640695177,1,1,-0.0161397681034684,0.247041025104329,1,1
"30",0.275221768349291,0.216975008549434,17,1,1,0.195022662129271,0.263111600300828,1,1,0.193915176085394,0.251413982803348,1,1,0.21325587182861,0.229869965631809,1,1,0.489938439021287,0.235966560890404,1,0
"31",0.0955362783437578,0.242266339717906,7,1,1,0.0175263125356783,0.216790630494893,1,1,0.00959437090742955,0.240544022002039,1,1,-0.00101753760948577,0.262038833372966,1,1,0.180091562330516,0.264373273500582,1,1
"32",-0.0565691743983064,0.213105833073596,17,1,1,-0.192960494472827,0.225538945923977,1,1,-0.149951894825524,0.217555562478989,1,1,-0.120753382542437,0.236273763052924,1,1,0.189323052927892,0.235870499448297,1,1
"33",-0.104842968112848,0.228105535137571,7,1,1,-0.0972409036751227,0.201792365959053,1,1,-0.0971264278045907,0.219317706830172,1,1,-0.106768801948737,0.245294827754951,1,1,0.166994381637436,0.272349605996976,1,1
"34",0.218884849607341,0.216679587234668,11,1,1,0.192431585767459,0.182302137969838,1,1,0.219917595853496,0.195583321679314,1,1,0.194727750744851,0.226243805344567,1,1,0.543201697938128,0.246688079270542,1,0
"35",0.150348093910308,0.266468221874717,11,1,1,0.206678979469569,0.25787502895105,1,1,0.201299104121688,0.253224037916989,1,1,0.303823128865077,0.302358251049667,1,1,0.515503487605063,0.307399085577282,1,1
"36",-0.239268577683985,0.221323812117446,19,1,1,-0.189120849916237,0.204112571353119,1,1,-0.253868281761767,0.20260757605717,1,1,-0.29027982202021,0.277891879667625,1,1,-0.00209043587724769,0.275751737758663,1,1
"37",0.33034641986416,0.219305112253107,15,1,1,0.256841346228869,0.216185406692902,1,1,0.252489675006297,0.21380995626846,1,1,0.696091614503065,0.240771968454179,1,1,0.438839408121785,0.239858311465971,1,1
"38",-0.146601615136038,0.208974442998378,19,1,1,-0.178767308250792,0.171089362980627,1,1,-0.166821869624255,0.194033650429203,1,1,-0.0656588069839627,0.230348640852203,1,1,0.156485733908202,0.244263765374623,1,1
"39",-0.086403155162707,0.215653635647973,13,1,1,-0.0876898361640634,0.219639295125531,1,1,-0.0678276855603555,0.201504097332337,1,1,-0.188949616829716,0.240414182953029,1,1,0.185386773151924,0.249214488899127,1,1
"40",0.0684021306240033,0.229125910804508,15,1,1,-0.0100822432793061,0.236025539660957,1,1,-0.0465088914006272,0.235453028136019,1,1,-0.0947390569714172,0.275717198586918,1,1,0.359667077965397,0.27527610738117,1,1
"41",0.16782034683411,0.256272568501936,9,1,1,0.191858339701232,0.227137904734669,1,1,0.180952232131723,0.231900607279544,1,1,0.156738272162095,0.291684876978609,1,1,0.454043755282993,0.286181807318892,1,1
"42",-0.140740976737289,0.206797642312319,15,1,1,-0.209785990814853,0.232394093726189,1,1,-0.211648011999199,0.22137681551206,1,1,-0.193331784765145,0.233840081242414,1,1,0.223784641594275,0.234582832918857,1,1
"43",0.217325530549395,0.209583762874656,19,1,1,0.111833376559901,0.223330381523538,1,1,0.145202053450841,0.214760529491425,1,1,0.276487943692965,0.254684501735025,1,1,0.498498457693157,0.251803372444563,1,0
"44",0.166188402825729,0.245331929380752,15,1,1,0.196490355593996,0.232012222595837,1,1,0.193498330679501,0.245090676881626,1,1,0.225358133117351,0.275968745609347,1,1,0.501369268514264,0.290575846322201,1,1
"45",-0.172089754129612,0.214836157570938,13,1,1,-0.187409625177969,0.209098981718534,1,1,-0.184527385706333,0.208553440471424,1,1,-0.259175063160969,0.252755668728452,1,1,0.18662718535732,0.248627013230453,1,1
"46",0.290201458950115,0.241800247828947,3,1,1,0.214742997363702,0.227406274852436,1,1,0.195047654022584,0.206520812617734,1,1,0.00219698118485345,0.268731093787767,1,1,0.225796021457517,0.269292405152789,1,1
"47",-0.0482890831965434,0.221396107529367,13,1,1,-0.0468740730964077,0.183178249492665,1,1,-0.0443576050288455,0.203884891405925,1,1,-0.0519508360521418,0.265537422866337,1,1,0.332447171165116,0.245290656941977,1,1
"48",-0.262443087564316,0.207224710688522,9,1,1,-0.271145750584587,0.215499684163512,1,1,-0.249246331236314,0.1847556466819,1,1,-0.282801696930626,0.23311644583058,1,1,-0.018546024342946,0.222366468388211,1,1
"49",-0.199929332239795,0.206405942969524,17,1,1,-0.162335022286783,0.232310547601283,1,1,-0.178805248936713,0.243278918185674,1,1,-0.233488594021213,0.24371196331606,1,1,0.0529225021609091,0.237654043157131,1,1
"50",0.404951394848414,0.214441367998603,17,1,1,0.328404763824769,0.211760112748109,1,1,0.357069267860058,0.221181234816022,1,1,0.462262387823776,0.249923901494615,1,1,0.522971355851201,0.26226080457019,1,0
"51",0.153359552453469,0.247026004184304,15,1,1,-0.0053090202513255,0.247836625105745,1,1,0.0220712331509886,0.267801573930409,1,1,0.0537706661716735,0.334929213201054,1,1,0.353998778109322,0.322694311736605,1,1
"52",0.305920019821229,0.27342882807401,3,1,1,0.216142408954519,0.213352102150915,1,1,0.260092857084634,0.213297796006719,1,1,0.099466062940483,0.318308067202404,1,1,0.409431140490254,0.305338168036132,1,1
"53",0.179855398952882,0.219993052782856,15,1,1,0.205065747101714,0.187861655482144,1,1,0.203820509339557,0.197491002938858,1,1,0.100477832709113,0.226503228856815,1,1,0.525480842284904,0.23341579680972,1,0
"54",-0.23244208080996,0.209916205091356,11,1,1,-0.207404859699375,0.201310067899344,1,1,-0.219530074946038,0.201272220535313,1,1,-0.403643354139853,0.249055956605533,1,1,0.108980512868874,0.242016505865009,1,1
"55",-0.170416308073691,0.202669073973751,19,1,1,-0.238004886715928,0.194840277337905,1,1,-0.227883110283822,0.187680428685028,1,1,-0.210833525367999,0.214979160617568,1,1,0.0456695920107758,0.231437631649168,1,1
"56",-0.353585811698368,0.20218403810703,17,1,1,-0.359726310941971,0.192960598165769,0,1,-0.347067282846653,0.19629973209435,1,1,-0.368031472353461,0.215122182651428,1,1,0.124415616316568,0.224679881306147,1,1
"57",0.0535364709762156,0.215179809990681,13,1,1,0.0769908013985861,0.189511146313941,1,1,0.0398660869922909,0.189556043058666,1,1,-0.000752056141127444,0.219594287250053,1,1,0.3995889618299,0.229195654644465,1,1
"58",-0.310537375058758,0.226144420740297,19,1,1,-0.385846750244523,0.249969910109624,1,1,-0.386924010585145,0.223415466533693,1,1,-0.575456331157984,0.239852784186826,1,1,-0.0262610056637108,0.259256419044589,1,1
"59",-0.261316392519883,0.217052429403705,13,1,1,-0.37031188637067,0.232184363394335,1,1,-0.340159153813204,0.210041709582905,1,1,-0.326037481929722,0.245096034991493,1,1,-0.0332812670873558,0.244418769929462,1,1
"60",0.103327505109228,0.234334362331058,7,1,1,0.049436351491069,0.20479524442314,1,1,0.0685948720770168,0.211020231977203,1,1,0.0991604211014275,0.253862780690223,1,1,0.251698476423122,0.260804859044145,1,1
"61",0.0698770998206318,0.229977808521355,17,1,1,-0.13528485406933,0.235438376863327,1,1,-0.121614062323797,0.251711318869782,1,1,-0.0109185580956536,0.269023191088699,1,1,0.345963978254191,0.270549785792759,1,1
"62",0.122398894858614,0.23080348436658,15,1,1,0.0492686476378285,0.228535347235145,1,1,0.0948538431102338,0.230003010180772,1,1,0.253615630568164,0.246332144980843,1,1,0.408375676246931,0.252329779029712,1,1
"63",0.205753617226482,0.210709907540543,7,1,1,0.104573227859623,0.192255103768502,1,1,0.146802560726153,0.177148472822726,1,1,0.0648432290288088,0.227710060476226,1,1,0.355092115953791,0.227412375473363,1,1
"64",0.0668847292227212,0.21872364126957,15,1,1,0.202692059468615,0.23026165944829,1,1,0.199311523169878,0.23909470926909,1,1,0.434820486412377,0.237219647883561,1,1,0.355971041305249,0.244291752940706,1,1
"65",-0.334860651993131,0.263284210207753,1,1,1,-0.147018634269592,0.216124499744173,1,1,-0.200345097373165,0.214321883211677,1,1,-0.306079090385622,0.248578059579899,1,1,-0.334860651993131,0.254004014297654,1,1
"66",-0.387921352885871,0.233552436288883,7,1,1,-0.38394777997968,0.228714769641026,1,1,-0.38611927277971,0.216579205343015,1,1,-0.329927919106691,0.268651537919101,1,1,-0.149684711944495,0.247849995177656,1,1
"67",0.414636763812452,0.261571525497029,13,1,1,0.313353313765301,0.231726699631943,1,1,0.344689010284582,0.224469393988624,1,1,0.489548861741786,0.2826762316143,1,1,0.56754763649138,0.277031724174914,1,0
"68",0.0564785899844698,0.214514471280229,17,1,1,-0.102672556392603,0.227069776807179,1,1,-0.0573034248069737,0.240151267132968,1,1,0.0603262476828673,0.258542516631735,1,1,0.309881872570803,0.253048168445207,1,1
"69",-0.228530806516369,0.229913784022396,7,1,1,-0.202991245926481,0.221059844090819,1,1,-0.218360769012609,0.230171975043219,1,1,-0.396410179012427,0.250578584902227,1,1,0.105645263102274,0.253290035135168,1,1
"70",-0.0397262972887249,0.213013958183985,17,1,1,-0.0351990032157863,0.219451950458515,1,1,-0.0191318010638334,0.217420774057428,1,1,0.0851412351469895,0.235784259194012,1,1,0.235191802740406,0.247034800187312,1,1
"71",-0.343394082370143,0.248227036105779,17,1,1,-0.149560356624944,0.222529363136997,1,1,-0.115981192962346,0.232153333033049,1,1,-0.0398012182265796,0.261436992271831,1,1,0.0347204111097756,0.278937244484224,1,1
"72",-0.0313745901108257,0.205481868058604,17,1,1,-0.0434119944922383,0.209670942591425,1,1,-0.0549494886539014,0.211624919354168,1,1,-0.0349408457435789,0.238326139866575,1,1,0.104540078032932,0.229299392693236,1,1
"73",-0.254914114266862,0.224777342060556,19,1,1,-0.192195996191149,0.205698338809668,1,1,-0.207817576586683,0.198990232428047,1,1,-0.19029017379367,0.300248507578686,1,1,0.0591462201922829,0.25964464659306,1,1
"74",0.0635921644934354,0.242704939996894,7,1,1,0.0213156755360233,0.233662695959732,1,1,0.0149136494757918,0.221456258574251,1,1,-0.0443660814736392,0.268029181463927,1,1,0.297620375950099,0.267816817322025,1,1
"75",-0.0723313333655302,0.208796658666214,13,1,1,-0.104419049140916,0.210367555198956,1,1,-0.119689228528584,0.197928743936397,1,1,-0.0635716755079664,0.235414304327156,1,1,0.219956168442891,0.237247194924398,1,1
"76",0.0672498164028912,0.243513666449576,17,1,1,0.020451624398128,0.230876136701912,1,1,-0.000260374604908865,0.236592614828764,1,1,-0.0531629271445109,0.299648255560576,1,1,0.344096257623446,0.335905487536089,1,1
"77",-0.249220359101566,0.1981967641453,9,1,1,-0.216225280847683,0.178143761769869,1,1,-0.226735478958445,0.178453192708755,1,1,-0.0889822080498996,0.216940591647123,1,1,-0.0114206137633749,0.230814599398874,1,1
"78",0.225215163276462,0.20408799332178,7,1,1,0.154673216755144,0.196029152461491,1,1,0.187834399492496,0.191584673592034,1,1,0.345492746040119,0.223206768472949,1,1,0.426733109704157,0.231963582735028,1,1
"79",0.126547192168975,0.24940245509895,17,1,1,0.140282132462444,0.220506563818278,1,1,0.135164190453207,0.221272270109769,1,1,0.140607330145439,0.267834982289424,1,1,0.345813768596215,0.264159798378257,1,1
"80",0.146698734664874,0.236296934729757,19,1,1,0.181992807677352,0.206549146154959,1,1,0.181366043648957,0.21093130872795,1,1,0.195661678519861,0.263436452039479,1,1,0.380030508709651,0.281177887636973,1,1
"81",-0.0144635722157494,0.246886023082048,5,1,1,-0.185381480389241,0.38236219822212,1,1,-0.114602730107002,0.328446818901729,1,1,0.00791276207721948,0.265094602946925,1,1,0.151002287801601,0.255809830538596,1,1
"82",-0.228673847817343,0.241282190665669,5,1,1,-0.161672053604041,0.218601846743612,1,1,-0.178995365471937,0.216865339969771,1,1,-0.270264498779842,0.267792815734284,1,1,0.0441555593280801,0.268749520531742,1,1
"83",0.185705400504209,0.210276510291439,13,1,1,0.10631114855799,0.218328002963613,1,1,0.137812283378665,0.214144541870287,1,1,0.129733132881316,0.235703562797373,1,1,0.325392791136062,0.254247855745345,1,1
"84",-0.00153153165499892,0.21934431161942,15,1,1,0.0347230723756542,0.209959843005944,1,1,0.00401178414485693,0.208748524498198,1,1,0.0733753917224379,0.246033173412244,1,1,0.273478265689107,0.242378220252789,1,1
"85",0.296134282356356,0.249837206733721,1,1,1,0.343322444417289,0.244143414341591,1,1,0.355338010842031,0.236028714259293,1,1,0.308175152151358,0.249564691486735,1,1,0.296134282356356,0.232876270322343,1,1
"86",-0.122714258850269,0.250216652111938,5,1,1,-0.147564887523717,0.209352540062458,1,1,-0.147032913303072,0.212891202007445,1,1,-0.150365121341603,0.2665643827216,1,1,0.134573593335839,0.246989475792458,1,1
"87",0.134098362735982,0.214993159531846,19,1,1,0.0683030682299605,0.221136869103537,1,1,0.0545939692467684,0.214299089555792,1,1,0.132467874293139,0.253232401040961,1,1,0.296043787332294,0.255872185674662,1,1
"88",-0.228214484283658,0.251795198309238,19,1,1,-0.298544559708399,0.280639723811338,1,1,-0.272433237316044,0.280638356680483,1,1,-0.186084755151547,0.322081004649511,1,1,0.0269148633827217,0.327746992631269,1,1
"89",-0.313892243687658,0.237754644854872,17,1,1,-0.510484372873785,0.340947120886943,1,1,-0.493872537213094,0.300119390081279,1,1,-0.70224643567734,0.284546997405833,1,1,-0.016196538400087,0.278312626881942,1,1
"90",0.117102293494496,0.225033060666343,17,1,1,-0.118650764504083,0.284121414750607,1,1,-0.105084596272468,0.253889869680851,1,1,0.13967250620074,0.227773459752199,1,1,0.34044381381537,0.255125380728675,1,1
"91",-0.0363410588699149,0.230919713550745,5,1,1,0.0270961559836117,0.203993058063145,1,1,0.0350634251951892,0.19792858088947,1,1,-0.0438935535655067,0.247228603936076,1,1,0.272582862446619,0.25744459350449,1,1
"92",0.143204085194622,0.254731404515918,5,1,1,0.0502622944958894,0.234878725006813,1,1,0.0441035856464536,0.227385629558446,1,1,-0.00696325665245266,0.27507605076964,1,1,0.0829505360222365,0.258777260828685,1,1
"93",0.00434888341986999,0.223314396317781,17,1,1,0.0798084146182731,0.221049572671104,1,1,0.0774940367272661,0.213083117894653,1,1,-0.0862562875708221,0.244680341573155,1,1,0.262580718728987,0.245410692874836,1,1
"94",0.038643045979905,0.260139813674672,7,1,1,0.0086756501062972,0.238058270950308,1,1,-0.000240170091962639,0.229078195468115,1,1,0.490834412560521,0.333795583882161,1,1,0.3251389937524,0.351702562486749,1,1
"95",-0.0726390375939196,0.233861396322089,3,1,1,-0.0651910331007167,0.186148249737745,1,1,-0.0840576172831817,0.201689694679789,1,1,0.0850674561655327,0.230651774405129,1,1,0.11866315249247,0.239329369510596,1,1
"96",0.396321186393585,0.201668350651205,19,1,0,0.384721697568827,0.197416784570846,1,1,0.388690226312424,0.208427806121972,0,1,0.824243615378141,0.211771373853683,0,1,0.628493469884271,0.220054902347676,1,0
"97",-0.349849496664358,0.218927229309352,19,1,1,-0.439731012638092,0.194273459179389,0,0,-0.40431699141643,0.205564111170126,0,0,-0.474052694393907,0.227782650303234,1,1,0.00318989230362968,0.235667928318547,1,1
"98",0.0968849383018751,0.225111669275951,7,1,1,0.0762816346801365,0.223587582024195,1,1,0.0714464237423807,0.222736125976225,1,1,-0.0745375236318707,0.23842440029149,1,1,0.369949397520611,0.26247249993104,1,1
"99",-0.00755222358992291,0.248579599897996,15,1,1,0.201642606227626,0.248046372929214,1,1,0.155171701703918,0.242900028632258,1,1,0.130536386965725,0.319008112629354,1,1,0.368843555366538,0.319406950127228,1,1
"100",0.0419280480212279,0.223384265326598,9,1,1,-0.0613726001359916,0.20674638102032,1,1,-0.0472094113525962,0.18932950827086,1,1,0.114851938967062,0.240314129135705,1,1,0.221913700261665,0.238880973239706,1,1
