"","V1","V2","V3","V4","V5","V6","V7","V8","V9","V10","V11","V12","V13","V14","V15","V16","V17","V18","V19","V20","V21"
"1",-0.299208837118253,0.242866875179526,19,1,1,-0.257757009061158,0.211691889950675,1,1,-0.245340233632489,0.224032953452329,1,1,-0.145132317558432,0.245082227026202,1,1,-0.290216509171429,0.26780371647641,1,1
"2",-0.377313652681686,0.226857938672332,13,1,1,-0.378362646790019,0.227421785134868,1,1,-0.416331141603313,0.240199374992276,1,1,-0.248276206156215,0.29117221329044,1,1,-0.429952522005566,0.314188919925696,1,1
"3",0.00407856601274827,0.286883884666048,3,1,1,0.0535720553493286,0.245193774663108,1,1,0.0198323014936478,0.240039092941524,1,1,0.204083756205627,0.28185737354333,1,1,0.0996491401812256,0.290804194043394,1,1
"4",-0.092299856037785,0.199697023881653,19,1,1,-0.109623054155791,0.200034955829405,1,1,-0.176858198165668,0.236830460113034,1,1,-0.157033924070971,0.244628399011776,1,1,-0.114877640173633,0.222218091983517,1,1
"5",-0.0445886670658934,0.219852676197561,9,1,1,-0.0348169163414347,0.235789061560932,1,1,-0.0616858214256582,0.196112190551986,1,1,0.0894604404706028,0.237304763826552,1,1,-0.0836437247237825,0.239841252652506,1,1
"6",-0.371950804235393,0.288568882260393,13,1,1,-0.34020396859543,0.207545810340624,1,1,-0.319046022131446,0.236506130687038,1,1,-0.346480328006115,0.309405246491651,1,1,-0.348414519564821,0.279270210861999,1,1
"7",0.218037704379624,0.291127124129581,5,1,1,0.214521588604314,0.212680950611579,1,1,0.230094171626464,0.262684321666507,1,1,0.354186540525112,0.334983269527144,1,1,0.197071708558706,0.308451958774436,1,1
"8",-0.178547281673459,0.222471545110426,15,1,1,-0.0458148172938621,0.19291469668551,1,1,-0.11528740469921,0.188380543654994,1,1,0.0280869887422914,0.253106857524541,1,1,-0.143658177010776,0.279492125761821,1,1
"9",-0.00422578552898476,0.223747333184598,17,1,1,-0.0368131075110003,0.241963085271357,1,1,-0.0998017592538605,0.215427793578528,1,1,-0.191041300972005,0.270676419194994,1,1,-0.0402915433092907,0.281603111751226,1,1
"10",0.173842769897415,0.270491993805778,5,1,1,0.172844729572593,0.208382586156516,1,1,0.179206399225162,0.175714002280635,1,1,0.444042542270419,0.226814763952003,1,1,0.17512642509713,0.237825126795671,1,1
"11",-0.104216432746695,0.220612369806102,17,1,1,-0.0863061106360919,0.218013737517749,1,1,-0.112426041962661,0.234481871101911,1,1,-0.0367914627517647,0.246986953712855,1,1,-0.00953634493054044,0.25248354115145,1,1
"12",0.668526651644078,0.19322497281525,7,0,0,0.616731936406797,0.191121164317321,0,0,0.621551893404644,0.188871154562586,0,0,0.660081219274298,0.259506056813413,0,0,0.633092410684575,0.250383143601439,0,0
"13",-0.161323232300195,0.295539675668341,5,1,1,-0.147038887861679,0.204761920573027,1,1,-0.182805588109597,0.226485223020021,1,1,0.0136289372905381,0.278908702647378,1,1,-0.181400842156896,0.274462961225864,1,1
"14",0.0875335636168984,0.234132696497732,15,1,1,0.151461151909353,0.226713993296856,1,1,0.1139395789045,0.187001909134883,1,1,-0.0737878524347931,0.212426991129328,1,1,0.0706894963596248,0.235447578437147,1,1
"15",0.0118319390850568,0.213645695126733,9,1,1,-0.117471033561774,0.203105306179541,1,1,-0.0333811257090864,0.207264380130632,1,1,0.0224842735282277,0.237087882382287,1,1,0.0197789154146609,0.22297372407616,1,1
"16",0.0846176864131839,0.227440186717232,3,1,1,0.204881890412553,0.203483743755977,1,1,0.149188976877437,0.213379633516192,1,1,0.249019583352944,0.266536029375059,1,1,0.0951051155314379,0.24586673823022,1,1
"17",0.289432904891128,0.235011636194317,13,1,1,0.32481262343153,0.254576702609547,1,1,0.298253427014856,0.227057095592014,1,1,0.301784182502607,0.33746345318492,1,1,0.359785922748608,0.320585010320631,1,1
"18",0.082244680042191,0.218026659654006,11,1,1,0.114546821120302,0.189910225730988,1,1,0.112893390558642,0.207778231630967,1,1,0.178825250285689,0.238762565382359,1,1,0.0566008714148989,0.231852126399964,1,1
"19",0.092914298928378,0.182431020494495,17,1,1,0.0864399644630978,0.212439654565261,1,1,0.0645371843472643,0.215362346516136,1,1,-0.024481095293322,0.224684423113416,1,1,0.0438055046180463,0.24303258648878,1,1
"20",-0.184418083814303,0.241695841892345,11,1,1,-0.0749501703650496,0.199415873206666,1,1,-0.139539801116504,0.209140562262807,1,1,-0.0300750385611752,0.334858490803198,1,1,-0.0784942311456534,0.322814787304726,1,1
"21",0.144715357691792,0.215533507577928,9,1,1,0.0723420534552767,0.230133869250952,1,1,0.132580264827857,0.197829131936233,1,1,0.00506496649577429,0.25149539141946,1,1,0.259368617893887,0.234596248369949,1,1
"22",0.216270617036732,0.224679070816609,9,1,1,0.131390774516488,0.206122424653736,1,1,0.122981031600025,0.214207379146466,1,1,0.162697226098484,0.264831684788159,1,1,0.10145491420795,0.273005249343125,1,1
"23",-0.149358349314644,0.313377885569478,3,1,1,-0.0143264195338618,0.225601732226538,1,1,-0.0116865990886616,0.220644257155346,1,1,-0.245866097384412,0.278049511011256,1,1,-0.0907902058563266,0.241949543419929,1,1
"24",-0.365860204633419,0.212583918857786,11,1,1,-0.44165933302021,0.207417092566441,0,0,-0.466076198264544,0.264541256966726,1,1,-0.606212061618584,0.233311002873143,1,0,-0.347282919327229,0.232577559977628,1,1
"25",0.597809433863077,0.277069392853504,19,0,0,0.620810782487791,0.200176643736437,0,0,0.616580990347241,0.251527205227702,0,0,0.638534280856264,0.278934791529766,0,0,0.624966439626822,0.234711951546386,0,0
"26",0.0380605973184661,0.25304193559941,19,1,1,0.0295002077318977,0.222138968127044,1,1,-0.0083221182661371,0.242054082640925,1,1,-0.181859235448488,0.371386470028148,1,1,-0.0475581610975079,0.342096561582217,1,1
"27",0.13727242335628,0.221989353245654,7,1,1,0.171842934087999,0.232549235421641,1,1,0.125621396001535,0.22358681564145,1,1,0.225792949570454,0.290140760313056,1,1,0.129717168947782,0.272997183602952,1,1
"28",-0.227055541738552,0.250487089439433,13,1,1,-0.249699182658987,0.213089488624369,1,1,-0.28300480282317,0.230768917447027,1,1,-0.326271208849838,0.248112671793162,1,1,-0.316301836033593,0.264361413899761,1,1
"29",0.257898965709626,0.20074911305588,19,1,1,0.224175177067952,0.178708216372608,1,1,0.240733171824805,0.22143903229313,1,1,0.167235284629684,0.275186686344538,1,1,0.256314998622648,0.255476772206578,1,1
"30",-0.101428813464772,0.199957428324488,19,1,1,-0.147841550966084,0.215284738859182,1,1,-0.124306845266428,0.212523564806419,1,1,-0.00262605126802558,0.246984886686913,1,1,-0.164681602133472,0.233192590591409,1,1
"31",0.138781903343682,0.184792952945603,17,1,1,0.206636461778863,0.215904882174442,1,1,0.177587742628391,0.198946284799972,1,1,0.0169907552744752,0.28792856651863,1,1,0.117088796109636,0.257757037408549,1,1
"32",-0.137606016264508,0.232601906021192,19,1,1,-0.157264798724551,0.224075737550843,1,1,-0.149499357263983,0.259609844975714,1,1,-0.293094149829554,0.258278554358305,1,1,-0.0197320411137837,0.25504366126731,1,1
"33",0.513727069062717,0.239060593374687,19,1,0,0.38152129360634,0.242936919410463,1,1,0.357657966799785,0.27567798246454,1,1,0.386961940973957,0.276853932559924,1,1,0.420969480881762,0.301457286951286,1,1
"34",-0.0344862840479615,0.212772223970891,11,1,1,-0.0347138899616721,0.210691438241979,1,1,-0.0329192645752586,0.217863743773718,1,1,-0.0630130593712168,0.234964800655102,1,1,-0.107852981292395,0.262415308593494,1,1
"35",0.201186476439322,0.235750703664901,11,1,1,0.116630029497271,0.200782186434483,1,1,0.130559109994703,0.208170796642597,1,1,0.0918912164425484,0.24351092026662,1,1,0.184829484251785,0.280109777323881,1,1
"36",-0.195955124292581,0.265126792709486,3,1,1,-0.14354227654055,0.241316639734708,1,1,-0.0626980185396367,0.215821305900526,1,1,-0.228018211063648,0.284729830381396,1,1,-0.115046393546935,0.2636890263274,1,1
"37",-0.242561352231368,0.208698964524961,19,1,1,-0.237817986220295,0.244031181691062,1,1,-0.281444776240474,0.242172351969929,1,1,-0.325530060403428,0.303188903572136,1,1,-0.196146762269943,0.271742801597753,1,1
"38",-0.0326785550867763,0.194532976330178,11,1,1,-0.0946205145812816,0.178950572123431,1,1,-0.0413055406374175,0.196498511794676,1,1,-0.0132084672724232,0.237566398313268,1,1,-0.0725756846577608,0.248372865749853,1,1
"39",-0.0610109115332612,0.222051400824099,19,1,1,-0.0299377905730428,0.258696142959505,1,1,0.0179879057701248,0.227258130240272,1,1,-0.164159381421388,0.275878400821382,1,1,-0.0788885258368603,0.26605250911512,1,1
"40",0.114769449179574,0.229287911721984,9,1,1,0.0222067918050079,0.211139492257781,1,1,0.0315183748836373,0.195815530413893,1,1,-0.110904077339991,0.208757807647451,1,1,-0.0718351857381904,0.239459384797276,1,1
"41",0.0470320612872458,0.246589048491165,15,1,1,0.12397083159277,0.208551210848782,1,1,0.0964427817825449,0.207396305664224,1,1,0.276066654433917,0.32218037860021,1,1,0.137603572060855,0.296152629987607,1,1
"42",0.194658710209128,0.228023440541074,13,1,1,0.0375615338512301,0.195648646751917,1,1,0.045625485125257,0.190543930515947,1,1,0.05060739337923,0.268492639428969,1,1,0.0641361594521135,0.255307101283762,1,1
"43",-0.144953299608381,0.231017972000499,13,1,1,-0.391910163415338,0.255187420975008,1,1,-0.279640271425129,0.223808189892839,1,1,-0.468089250186236,0.242591036599999,1,1,-0.277410261117669,0.277710077878022,1,1
"44",-0.362628189564221,0.264109057977746,3,1,1,-0.392006607983207,0.237757787172565,1,1,-0.417690445857835,0.223505728658072,0,1,-0.414492086551668,0.256295309424753,1,1,-0.392865964510578,0.255561234945277,1,1
"45",0.129503149839028,0.241152038670988,5,1,1,0.0700785970049952,0.194987956051241,1,1,0.0591745920354565,0.193078144941448,1,1,0.108374996427588,0.234442361019598,1,1,0.0205361825798201,0.232718562705394,1,1
"46",-0.249286303499761,0.254422663723458,3,1,1,-0.305486521100383,0.25088799248449,1,1,-0.294095377382025,0.246500960688955,1,1,-0.300582811598782,0.254453616223628,1,1,-0.214534332489622,0.233708282652003,1,1
"47",-0.0641192515686809,0.290310887916045,11,1,1,-0.328062972736228,0.468234559097044,1,1,-0.300926384533463,0.330976588280946,1,1,0.0667344529140915,0.346811889662598,1,1,0.0310000329192831,0.316151955860073,1,1
"48",0.140369864253431,0.240524302267488,19,1,1,0.203978866516216,0.220265939470471,1,1,0.202849763479806,0.198956190342308,1,1,0.205476339764889,0.312028929737571,1,1,0.162354365304005,0.2711575583485,1,1
"49",0.464653978006218,0.236254754244622,9,0,0,0.554659451396756,0.191042741659953,0,0,0.527825882497887,0.238566369420275,0,0,0.508295649103277,0.301745469661322,1,1,0.502551343128723,0.251249558444316,1,0
"50",0.0431097994629296,0.223892046228542,13,1,1,0.0734961003140934,0.183393165016698,1,1,0.0537886818353596,0.191733672159487,1,1,0.0482706832034867,0.219885926740551,1,1,-0.0502575169800063,0.215457581690973,1,1
"51",0.557291303717317,0.228913632304048,1,0,0,0.608021602345058,0.20698364230324,0,0,0.67113472513393,0.234269188870021,0,0,0.58284886521133,0.245385791432897,0,0,0.557291303717317,0.254863415327165,0,0
"52",0.453128081895207,0.232296664817258,11,0,1,0.49079667189183,0.245994297138013,0,0,0.457251490669891,0.217838321522207,1,0,0.581122256829835,0.227079087980968,1,0,0.434396710570871,0.242693806288683,0,1
"53",0.0138908529264175,0.221878498513513,7,1,1,-0.0943165853841674,0.239776222516948,1,1,-0.0721502226834421,0.226880457006761,1,1,-0.0591942478713358,0.267277974945868,1,1,-0.0187416627687788,0.278560444408338,1,1
"54",0.399243126091152,0.24708900040611,5,0,1,0.494304566182746,0.271191835482498,1,1,0.450072298034695,0.235474829439966,0,1,0.446453161502933,0.231615738759823,0,1,0.503771362061715,0.245283081167054,0,0
"55",0.322976558176921,0.211108869481606,17,1,1,0.314716997331006,0.193266521230005,1,1,0.303274241240062,0.210395424443685,1,1,0.382040618559823,0.216721976687951,1,1,0.25295552536253,0.236255431873455,1,1
"56",-0.108551097775349,0.225731974787287,17,1,1,0.00193206054090211,0.207101844482998,1,1,-0.0482430049643445,0.190000139028507,1,1,-0.037169394310942,0.207333064228044,1,1,-0.100476431023561,0.27135227865974,1,1
"57",-0.0519083735643999,0.226046638757522,17,1,1,0.038556076959784,0.224320743331764,1,1,0.0189514349018906,0.232320661241945,1,1,-0.027135664421315,0.23003222710892,1,1,-0.0094576808163498,0.265323991975066,1,1
"58",0.207796294696188,0.233641792756582,19,1,1,0.161496557508761,0.234944075135224,1,1,0.112847656231061,0.208361728610973,1,1,-0.017923204818763,0.268926353063148,1,1,0.222586186014278,0.250608244738166,1,1
"59",-0.13592328094026,0.232318737773682,9,1,1,-0.251676786175314,0.26493800023705,1,1,-0.197341041329453,0.203701865650852,1,1,-0.0697082549381461,0.277750376876347,1,1,-0.212581262118043,0.290632550339509,1,1
"60",-0.271451021724433,0.232688895317193,3,1,1,-0.383996458792301,0.177937997292198,0,0,-0.351393041823832,0.169694841343258,0,0,-0.183351578492828,0.222251286618233,1,1,-0.272877320952701,0.209592278185437,1,1
"61",-0.0760225543452285,0.219164596037017,7,1,1,-0.0417501600689671,0.18791797557172,1,1,-0.0455129297715761,0.224234719589548,1,1,0.1729399982947,0.247833274233437,1,1,0.0138786688331366,0.290749716709649,1,1
"62",0.264803056818183,0.22760371024368,13,1,1,0.249208053401218,0.178417636735165,0,1,0.217528136218299,0.223383105871714,1,1,0.61741917253253,0.318427071473973,1,1,0.242184952847044,0.252846117265381,1,1
"63",0.0889825067694269,0.258018008252626,13,1,1,0.172008992687362,0.19189345905285,1,1,0.149300913323459,0.178234717815992,1,1,0.134139935817413,0.266628814041244,1,1,0.15572716606507,0.265689779853651,1,1
"64",0.261832876364829,0.205600092009407,13,1,1,0.329819302358515,0.236445646711446,1,1,0.379650531419363,0.248764759936494,1,1,0.379263374233702,0.245494947547631,1,1,0.310685869099453,0.227822784421184,1,1
"65",-0.354036199090036,0.227852489647938,15,1,1,-0.363755843547364,0.24562135238059,1,1,-0.358189176544703,0.240836721961,1,1,-0.762636565376328,0.308743086880075,1,1,-0.336852610263574,0.235793740199381,1,1
"66",0.0660606748519065,0.213524488283702,17,1,1,0.0709149053907211,0.254133799487626,1,1,0.0621765832333226,0.24310872599107,1,1,-0.0421021138468144,0.292050066569926,1,1,0.0362634708063694,0.2913185700244,1,1
"67",-0.181762381515819,0.231623605685613,13,1,1,-0.13084895507376,0.207561215315114,1,1,-0.124003714039258,0.217051904020096,1,1,-0.0410273837941208,0.229320063240252,1,1,-0.050805442869146,0.20282016205053,1,1
"68",-0.454257253878897,0.230116435833563,11,0,0,-0.355507352676797,0.222155763757082,1,1,-0.278383020454749,0.21035143837586,1,1,-0.353075651627425,0.225853064817557,1,1,-0.337906377835695,0.254877476832538,1,1
"69",0.351723510921803,0.228468766594628,11,1,1,0.226642618041859,0.264498848649896,1,1,0.238838555661722,0.229184271297852,1,1,0.437351668449683,0.258223334270212,1,1,0.261139818280233,0.288195888856633,1,1
"70",-0.151410659571249,0.188984074771398,17,1,1,-0.0669521673462529,0.213814997832658,1,1,-0.0143349177061212,0.252366738936962,1,1,-0.297844727794678,0.227097397827287,1,1,-0.12829281176598,0.238130565063025,1,1
"71",-0.0370543940967898,0.183867201425021,11,1,1,0.129951726980448,0.268004219922548,1,1,0.157746079111499,0.238273500100524,1,1,0.0661833856167711,0.226202609966858,1,1,-0.0102592300923482,0.217807856983986,1,1
"72",0.0694901933154369,0.228904517032114,11,1,1,0.087616680023334,0.213292175660071,1,1,0.117902773439219,0.195154277954372,1,1,0.128724606732949,0.25824780434535,1,1,0.0882953171169265,0.279982284687172,1,1
"73",-0.37378904930987,0.227394418935973,9,1,1,-0.264289797064916,0.175658355444087,1,1,-0.284897549022021,0.193948622299877,1,1,-0.10018983438253,0.255927229852112,1,1,-0.232697915107561,0.248264755516494,1,1
"74",-0.243960523905953,0.237347337734263,11,1,1,-0.34091206198534,0.249492532624709,1,1,-0.359426487752552,0.209054755855151,1,1,-0.306780026341183,0.256451842421654,1,1,-0.323345591580109,0.241407309082047,1,1
"75",0.20320182216346,0.230055869116294,11,1,1,0.183164664283645,0.230154219131053,1,1,0.233754140304234,0.207499946367793,1,1,0.404989002111403,0.232996310797076,1,1,0.170674502053093,0.258802262872741,1,1
"76",0.238750431196487,0.297799149573387,9,1,1,0.0790660305144928,0.224780319064924,1,1,0.0891313491954506,0.211980559036016,1,1,0.110918124598242,0.339475073680984,1,1,0.0984886930993939,0.352149854708189,1,1
"77",-0.0360734534337305,0.271814884077621,7,1,1,-0.0312415574953595,0.222570891927391,1,1,-0.0236768661979074,0.26316300740582,1,1,0.123930041377669,0.247121845580483,1,1,-0.111342151881317,0.250383836596378,1,1
"78",-0.0333442367240648,0.240339892157367,7,1,1,-0.0107286784781475,0.253068915827055,1,1,0.0331590659451369,0.238151437596332,1,1,-0.19504014289651,0.278351243935309,1,1,-0.033204949091738,0.213068154790596,1,1
"79",-0.364213393999385,0.239703505617438,7,1,1,-0.454009409062445,0.288795392371164,1,1,-0.440791438447132,0.248294414764731,0,1,-0.485889154332542,0.334326052279486,1,1,-0.385037537043237,0.242065444042416,1,1
"80",0.187841119276657,0.247452731029775,15,1,1,0.196090661745785,0.199360706514761,1,1,0.184564753521336,0.23466430879081,1,1,0.29424446709344,0.263172865138103,1,1,0.213667836554002,0.267501997728069,1,1
"81",0.0492215238228473,0.269660681826831,1,1,1,-0.113995921618936,0.253398751496662,1,1,-0.0758436768459265,0.245840390174899,1,1,0.0512456059622759,0.264471338546154,1,1,0.0492215238228473,0.254119834877273,1,1
"82",-0.00299649345658097,0.268147990392116,17,1,1,0.024499597483758,0.229118198676366,1,1,-0.00866835125697304,0.250517539352167,1,1,0.185090615946565,0.282621974892124,1,1,0.0605042228727834,0.254994074208075,1,1
"83",-0.0198001568509961,0.248800998011565,17,1,1,0.0840324407206646,0.210396131368864,1,1,0.0539340393815938,0.215993759190334,1,1,-0.015094131290034,0.274605895552926,1,1,0.0237096423741088,0.31450450825151,1,1
"84",-0.0576616228117041,0.245383968291751,13,1,1,0.00355305910528071,0.23910379748793,1,1,-0.0515724068339599,0.205364581531858,1,1,-0.208432764881082,0.271103066720539,1,1,-0.0656597720248279,0.235880033256907,1,1
"85",0.123835332885028,0.197964829078554,5,1,1,0.0831849887399049,0.219404826417985,1,1,0.0573332814513772,0.159851378064046,1,1,-0.00137093877293002,0.256480855484833,1,1,0.061572559575445,0.228866143773595,1,1
"86",0.0219866849642769,0.225855348176814,9,1,1,0.0626723882836412,0.223140544794963,1,1,0.0461713884299434,0.211417964707306,1,1,0.12290253890265,0.281247820339018,1,1,0.0344101470578398,0.290806897746585,1,1
"87",-0.14039743263646,0.226548357128442,13,1,1,-0.192105450185655,0.218722967016801,1,1,-0.15970050613029,0.202003700443564,1,1,-0.147065252350458,0.273220582718263,1,1,-0.0542025999486533,0.250350271931804,1,1
"88",-0.491171932884851,0.256082302567403,9,0,1,-0.537762973582809,0.262127409207599,0,0,-0.501732123368447,0.245323200065421,0,0,-0.336182965925386,0.228416171219844,1,0,-0.487149868325224,0.259284828390657,0,1
"89",0.297198045724432,0.302282229441273,1,1,1,0.142608702556887,0.177489936495143,1,1,0.155180318352808,0.194986216258861,1,1,0.405763281235442,0.320187220273504,1,1,0.297198045724432,0.306462739143106,1,1
"90",0.0560892669054797,0.262271110222466,19,1,1,0.0658032727814986,0.211089377263689,1,1,0.0517901157740669,0.23343330115579,1,1,0.356677796198941,0.287204684889509,1,1,-0.116573665493419,0.311687085104442,1,1
"91",0.0322535073529784,0.250980679443997,9,1,1,0.143096833658829,0.224825761942225,1,1,0.134393415446083,0.243664014207527,1,1,0.0737276603235832,0.276324423823536,1,1,0.0439990140786301,0.286134027983996,1,1
"92",-0.261184552896419,0.223397110812848,15,1,1,-0.171291475483295,0.230725311930152,1,1,-0.194496003507233,0.215882057704932,1,1,-0.342867970864483,0.233487622006418,1,1,-0.309177426027966,0.269611248285686,1,1
"93",0.160425006007288,0.271745130514143,13,1,1,0.33115916155733,0.254813439584132,1,1,0.306278029945077,0.233308816694775,1,1,0.0587433334396769,0.286356513088901,1,1,0.158892782481558,0.282860494554763,1,1
"94",-0.132452604018699,0.187892612872712,13,1,1,-0.135976674883431,0.218433788549681,1,1,-0.10191938441305,0.196590066130377,1,1,-0.0834929217979831,0.217888340924176,1,1,-0.0796830294606682,0.227270327500272,1,1
"95",0.0273002438115081,0.238540639719801,19,1,1,0.0317861823948106,0.201091636881973,1,1,0.0227261818727229,0.199200862238351,1,1,0.135127578711047,0.252889569440381,1,1,0.0226108096275768,0.239163890899687,1,1
"96",-0.19619788477905,0.234539694778946,7,1,1,-0.381547839561356,0.280713601553497,1,1,-0.314752421651096,0.223264764277274,1,1,-0.247704405563083,0.257072366047344,1,1,-0.214344454184302,0.235773338434121,1,1
"97",-0.360897730069487,0.205644646855638,9,1,1,-0.354110346119036,0.177586492683897,1,0,-0.357767909451641,0.183934509393036,0,1,-0.28169643382969,0.193350031953334,0,1,-0.317260825144287,0.262973217872995,1,1
"98",0.241785455248179,0.234186014175919,17,1,1,0.351201053239386,0.18459719233602,1,1,0.382827162318464,0.217542889874878,1,1,0.300213496273782,0.254690112169538,1,1,0.224255358770801,0.231079027030482,1,1
"99",-0.595269618560256,0.23987851422236,19,0,0,-0.60140935401264,0.272303030907044,0,0,-0.629854999344989,0.231537836454434,0,0,-0.7165001379393,0.250615183425167,0,0,-0.582401225809584,0.267624017706526,0,0
"100",-0.412718879712508,0.216936884320938,15,1,1,-0.375832752836547,0.206666410530187,1,1,-0.358534898911843,0.200261674321886,0,1,-0.335730065797108,0.257915714091423,1,1,-0.263521513717976,0.253694248262652,1,1
