"","V1","V2","V3","V4","V5","V6","V7","V8","V9","V10","V11","V12","V13","V14","V15","V16","V17","V18","V19","V20","V21"
"1",0.138478770999925,0.255662660627441,7,1,1,0.403803403380479,0.196395533734249,0,0,0.161696944719228,0.213153078760284,1,1,0.664807793517157,0.283049400045033,1,1,0.1039684487588,0.291324617118547,1,1
"2",-0.292587435400306,0.258412223258646,3,1,1,0.097854275959306,0.200774187617098,1,1,-0.327532386953596,0.24035379112824,1,1,0.0208773050361799,0.263714304392143,1,1,-0.339576377492165,0.237433452913112,1,1
"3",0.0981083948924591,0.231808612192126,11,1,1,0.362835636228206,0.182941051661832,1,0,0.0804060685221137,0.168297678164459,1,1,0.366860212357147,0.199476211062965,1,1,0.0689150960088785,0.226257880823163,1,1
"4",0.19297020780743,0.223988499797359,1,1,1,0.456853229088279,0.195268084443247,0,0,0.149592452055255,0.198398414958551,1,1,0.513851577244596,0.205686910020517,0,1,0.19297020780743,0.233038388727739,1,1
"5",-0.177404048785304,0.240541625319826,3,1,1,0.206655938225353,0.191451114671364,1,1,-0.124927412470994,0.176835872485678,1,1,0.161872728357429,0.236341616808879,1,1,-0.136160966685824,0.24651836362828,1,1
"6",0.144425609339416,0.22812232091823,7,1,1,0.276461586166662,0.216252713328952,1,1,0.018027258908695,0.215290876512871,1,1,0.484067160976651,0.231555183781754,1,1,0.139477425897587,0.230458036367195,1,1
"7",0.242762434467695,0.223523280700749,19,1,1,0.620763040799998,0.188598557620165,0,0,0.233317114362595,0.234132995096151,1,1,0.599710952721688,0.214262168892276,0,1,0.254908803961831,0.247126285310861,1,1
"8",-0.0850982570053398,0.198301080250263,9,1,1,0.245078215167359,0.227277278683868,1,1,-0.0351232504080959,0.237412010453018,1,1,0.270341509956198,0.22368303566687,1,1,-0.0411460159941502,0.246138649778557,1,1
"9",0.0486379701517112,0.223707428072559,7,1,1,0.321344625233848,0.162129369798496,0,0,0.0246591181401958,0.181889918098521,1,1,0.376115154918347,0.247148913762786,1,1,0.0409212804682277,0.266779582757023,1,1
"10",0.110370304797293,0.231034166051868,7,1,1,0.551203661556093,0.187996261690148,0,0,0.194334868990142,0.228625500167607,1,1,0.445364440686244,0.225686230680676,0,1,0.200844520610258,0.251567737019087,1,1
"11",0.0400204796375071,0.254197632965236,7,1,1,0.406395063851954,0.194218157785514,0,0,0.105082627710595,0.229986488752985,1,1,0.496395915903964,0.271032902963759,1,1,0.131873232395266,0.281033997689527,1,1
"12",-0.258767961542529,0.224944537940847,13,1,1,-0.0204768993101271,0.167336111739579,1,1,-0.238275824463236,0.185666914058189,1,1,0.0435093819800499,0.199795141259204,1,1,-0.247601424568936,0.19557712711989,1,1
"13",-0.0157144483230113,0.275493685298163,15,1,1,0.373573497976842,0.196422193126692,1,1,-0.0189325040039919,0.230053290299301,1,1,0.333132177596849,0.230162001316574,0,1,-0.0142082883816851,0.259855158064873,1,1
"14",-0.04849823969084,0.199172957634777,19,1,1,0.318326936572582,0.172312916202382,1,1,-0.0906130569347685,0.232115308985179,1,1,0.409545707414069,0.239095772471619,1,1,0.0256818544637648,0.227481820003148,1,1
"15",0.00118701016545505,0.245610492058883,3,1,1,0.317097918202093,0.198134483669568,1,1,0.0671558640972106,0.208098679018111,1,1,0.19878025336345,0.257355661334343,1,1,0.0666661338522834,0.248130365275273,1,1
"16",-0.110199206071968,0.215055914751918,15,1,1,0.140614142364129,0.183103501578492,1,1,-0.145643983735329,0.197569006697766,1,1,0.165403708218662,0.247450198296956,1,1,-0.130801579104238,0.217117958640299,1,1
"17",0.0490664701663622,0.185138008491189,11,1,1,0.315498404653659,0.181730070155056,0,1,0.107670180759367,0.231289356250818,1,1,0.277839079236722,0.253423081630286,1,1,0.0813968945205098,0.229936617699272,1,1
"18",0.074690298237468,0.236681418735502,13,1,1,0.346498968478549,0.184987658896981,0,1,0.0459785476122692,0.233195336516577,1,1,0.227895751515501,0.216177399629085,0,1,0.0181057218609604,0.231481957437755,1,1
"19",0.104184259270602,0.181372930163553,7,1,1,0.34185581027142,0.226819597534859,1,1,0.0823368592856802,0.226177663107643,1,1,0.170075868796142,0.250088012041781,1,1,0.0683859396963624,0.258729006004166,1,1
"20",-0.0344682171847607,0.220992663269645,15,1,1,0.316184513161189,0.195531449276588,1,1,-0.041126139026414,0.222538480982053,1,1,0.23743698617857,0.250926615455234,1,1,-0.134027882323246,0.295764584965732,1,1
"21",-0.227496605677701,0.250845577007109,5,1,1,0.268341928699675,0.181890757622653,1,1,-0.165100696329254,0.21874212466039,1,1,0.236762700421877,0.231383618486101,1,1,-0.172940176180352,0.252053969029159,1,1
"22",0.210925339435758,0.251256824184102,3,1,1,0.652601992538613,0.191297562071538,0,0,0.330763259050153,0.182731288683102,0,1,0.585180172767755,0.192633973286309,0,1,0.348721816419391,0.221311716214788,1,1
"23",0.16352750866691,0.221916524392182,17,1,1,0.354905423217978,0.216568422756866,1,1,0.125045431986256,0.219901669816576,1,1,0.384597037324228,0.214805681303798,0,1,0.073865273997336,0.254479694968953,1,1
"24",-0.126887850142136,0.221227762541026,17,1,1,0.0977197356859409,0.20183648235073,1,1,-0.13098663649731,0.214652839544541,1,1,0.0197366585614215,0.222245498830999,1,1,-0.188729152135054,0.234774301429355,1,1
"25",0.0537573542053133,0.235872231366209,11,1,1,0.212692315427778,0.211582123256843,1,1,-0.0662404191832475,0.213426217987803,1,1,0.0232697169675291,0.274532003956702,1,1,-0.0249721152496498,0.244485020709548,1,1
"26",-0.0576101345497537,0.238398605347991,3,1,1,0.224460646639425,0.196285724528174,1,1,-0.146056393397196,0.207687197997244,1,1,0.460336597726818,0.266139375407268,1,1,-0.0627036500144005,0.239323873014292,1,1
"27",0.317096473843802,0.208779060267682,17,1,1,0.692061042645853,0.171721915866087,0,0,0.315266239800143,0.224266695635224,1,1,0.741413921286145,0.241790454866719,0,1,0.310468213164159,0.223822619288627,1,1
"28",0.0336202895359073,0.247049884134286,5,1,1,0.251459448315143,0.22494629520973,1,1,-0.0372138282924663,0.242605131294791,1,1,0.0768695062961382,0.253106225115311,1,1,-0.0993208409384689,0.256547619059036,1,1
"29",0.142037784031785,0.228521525056155,5,1,1,0.352925743240206,0.206824537043678,0,1,0.0783595899455536,0.241339890278144,1,1,0.616909207400091,0.256227897762692,1,1,0.124203329154305,0.266777253705628,1,1
"30",-0.278276966258253,0.239027602052908,9,1,1,0.210996094098374,0.230648074639097,1,1,-0.258966017642247,0.230536467249706,1,1,0.236119106759945,0.251983377872708,1,1,-0.229478085292681,0.262576877727629,1,1
"31",0.215890487820368,0.213332176765902,11,1,1,0.435207390654702,0.186154086838763,0,0,0.19709864490436,0.194083044210987,1,1,0.500627730060957,0.268824685447034,0,1,0.229765752669906,0.226764908274006,1,1
"32",-0.0806237634994632,0.191113528976487,13,1,1,0.280096830932101,0.204095926189697,1,1,-0.081306560695375,0.199378786186061,1,1,0.492329453955488,0.231433224771238,1,1,-0.102630699679788,0.22769009416075,1,1
"33",-0.118436652479434,0.176769745369932,11,1,1,0.24321498784593,0.191860327203983,1,1,-0.144367035874891,0.190686238173961,1,1,0.352011140960176,0.239499881122794,1,1,-0.144899235055248,0.221103840416068,1,1
"34",0.0592554250880219,0.24127991799441,13,1,1,0.405965747098009,0.199207826341976,0,0,0.0308489942721095,0.244738799486581,1,1,0.500149954132708,0.224033278672423,1,1,0.0424823393786144,0.262580952905931,1,1
"35",-0.0892037355202373,0.184433155634329,5,1,1,0.128471478214308,0.203705446608876,1,1,-0.0332818783580741,0.219546215083755,1,1,0.108965380546177,0.251284951396651,1,1,-0.0700188566198321,0.24413941425508,1,1
"36",0.2270702087016,0.22797656977409,17,1,1,0.445672856379237,0.200130069062618,0,0,0.244830298441345,0.233551400839615,1,1,0.357866197967439,0.278112934199682,1,1,0.244721999691062,0.268837914324395,1,1
"37",-0.0745527537304148,0.195522043566832,13,1,1,0.18552156770162,0.179994402657457,1,1,-0.115040700547354,0.172063012185983,1,1,0.191983776910198,0.219734517248891,1,1,-0.142038062521704,0.246358455847167,1,1
"38",0.294926658659392,0.215008387597819,9,1,1,0.433047861287044,0.243804846201787,1,1,0.237092907462879,0.219219590403463,1,1,0.421416574893188,0.231296290813756,0,1,0.30228172464033,0.21535251581357,1,1
"39",0.269488813231996,0.226536536650678,19,1,1,0.552664390591535,0.223572701005283,0,0,0.276813434302847,0.218099213035984,1,1,0.573862698133188,0.265095759721348,0,1,0.2173926485641,0.270144654756627,1,1
"40",-0.0585207458224728,0.260994230971038,11,1,1,0.311989780933044,0.217162279463621,1,1,-0.062438944468758,0.231391043313424,1,1,0.168441718701371,0.276818137188474,1,1,-0.0935317229702851,0.263132549240025,1,1
"41",0.0752983524851252,0.199963158630837,9,1,1,0.369298194682539,0.199404640158907,1,1,0.0855316125221717,0.206577541988196,1,1,0.483780165833327,0.235954352364746,1,1,0.0806565590256938,0.199537008262008,1,1
"42",-0.115807547628454,0.255841176784757,3,1,1,0.216395196107018,0.178617927718704,1,1,-0.0787860397539384,0.219167927582846,1,1,0.131304028887366,0.250702725258953,1,1,-0.138567179424578,0.256174878502855,1,1
"43",0.171103253660155,0.227019070374092,13,1,1,0.522693500043695,0.191879034012263,0,0,0.162170242047832,0.22575271402785,1,1,0.47046051431156,0.247167119702306,0,1,0.11542771717631,0.215880483630497,1,1
"44",-0.0253887423914398,0.225372558104883,19,1,1,0.340580912204645,0.227643879737945,1,1,0.0104597613789923,0.214867355370384,1,1,0.129666970446239,0.252583650091447,1,1,0.000263385623347125,0.265097940144159,1,1
"45",-0.106677514067559,0.20739910272792,15,1,1,0.140698674748013,0.19258303079526,1,1,-0.0692724981656833,0.199149023828847,1,1,0.120628356585523,0.266432095407294,1,1,-0.0500678778301603,0.243708434336793,1,1
"46",0.0781234752052784,0.219755489965803,17,1,1,0.278596732837229,0.19288290704632,1,1,-0.0345463110438539,0.205513088593248,1,1,0.195040047612342,0.247663399553766,1,1,-0.0677108962286583,0.254648134004742,1,1
"47",-0.164055705627696,0.227380479186139,17,1,1,0.258879788646116,0.178478860161473,1,1,-0.192289795795412,0.211177779296142,1,1,0.233214842687849,0.214737874014842,1,1,-0.273700914083822,0.260432960249908,1,1
"48",-0.136428529712504,0.220822050268615,19,1,1,0.260228243563234,0.187586117409942,1,1,-0.145083495993964,0.207100955773801,1,1,0.232104484071591,0.20877865904287,1,1,-0.127113340368452,0.237293385589448,1,1
"49",-0.0967391964630305,0.203078710053,9,1,1,0.313777206580967,0.208041436258158,1,1,-0.094313320228858,0.20397504098999,1,1,0.282951432899625,0.194755169632418,1,1,-0.12851696715604,0.222517468658525,1,1
"50",0.286634639376382,0.208253951168879,7,1,1,0.526568125456865,0.166787109618158,0,0,0.276421837956578,0.181791234802273,1,1,0.726920119030742,0.230069457029572,0,1,0.214888911762256,0.225196695333012,1,1
"51",-0.347669875603077,0.272552696291954,7,1,1,-0.0529506707950769,0.208215625171036,1,1,-0.244121879384994,0.238143238549443,1,1,-0.0983335526680029,0.237804669114682,1,1,-0.223468544010894,0.287582182301441,1,1
"52",-0.205436842467252,0.203066687626009,11,1,1,0.15009498858291,0.208663751858206,1,1,-0.296498144020791,0.211627370961596,1,1,0.0965045977443338,0.257094719561931,1,1,-0.291288990394819,0.258765897919837,1,1
"53",0.207313547754673,0.209530895823334,15,1,1,0.610778972315301,0.204998290753521,0,0,0.224010231413365,0.189542270191763,1,1,0.785527703266379,0.209226067108948,0,1,0.191394207087532,0.230802921771252,1,1
"54",-0.096045519244815,0.208777045911478,9,1,1,0.385403526573253,0.177096863695128,0,0,-0.0224179791240265,0.189578739394033,1,1,0.372266075648788,0.215579511758968,1,1,-0.0310776103907584,0.231829783539533,1,1
"55",0.0674130546535055,0.230228862977657,15,1,1,0.312331963547544,0.219975489996782,1,1,0.0191380937164507,0.22727885979502,1,1,0.35283584994603,0.268211680723756,1,1,0.0236900057728236,0.233413626680621,1,1
"56",0.148588589248498,0.205890342113823,17,1,1,0.326458859582135,0.216053382308234,1,1,0.145219154184379,0.213237650204734,1,1,0.448896229225145,0.239533968945084,1,1,0.126870795056572,0.240152671829651,1,1
"57",0.297414040387108,0.224814484364158,9,1,1,0.581591745364091,0.190180538950864,0,0,0.315252102461091,0.204544270262035,1,1,0.390630440414829,0.234056207157545,0,1,0.294470045671539,0.265779902859093,1,1
"58",0.0154402706570391,0.184148576682648,5,1,1,0.371877611296597,0.184464732447404,0,0,0.021852444629747,0.189242690207504,1,1,0.458371591353414,0.243458918621258,1,1,0.0108842712719073,0.24776125873616,1,1
"59",0.104523753919069,0.217448717335017,15,1,1,0.486285358252262,0.189687114633714,0,0,0.150659236958983,0.21415649416135,1,1,0.553782230626247,0.251078800067939,0,1,0.145201033680239,0.246667830032698,1,1
"60",0.237126901236712,0.23795612859284,19,1,1,0.72135563414313,0.212852246340535,0,0,0.319247560358702,0.233269331250709,1,1,0.792401274946499,0.280019570457102,0,1,0.21654116968961,0.251253455328775,1,1
"61",-0.240509665286201,0.204158492017449,17,1,1,0.0887626166573615,0.201444752014228,1,1,-0.24029062918637,0.230314506962888,1,1,0.0853185689197932,0.240303507340214,1,1,-0.198026900357165,0.205330891355561,1,1
"62",0.213520763659587,0.248335172932788,7,1,1,0.501545246754857,0.220019526999869,0,0,0.264289468377502,0.210866010360471,1,1,0.500898230322431,0.225397206684525,0,1,0.248169701918408,0.271192660842567,1,1
"63",-0.167196405060845,0.23226158739506,7,1,1,0.233568949144526,0.203476826345948,1,1,-0.0837292312377303,0.201346466650617,1,1,0.13638194627724,0.245709666920156,1,1,-0.109323667742993,0.249100290999319,1,1
"64",-0.0500553071109328,0.252287937060064,17,1,1,0.2732770135932,0.195016032870783,1,1,-0.0411636779693721,0.218680437383166,1,1,0.128389979417311,0.217478699191353,1,1,-0.0877062493268526,0.227562158563742,1,1
"65",0.422546577186346,0.197796946607434,7,1,0,0.590648479715485,0.182212885046525,0,0,0.328695129069804,0.20079533334188,1,1,0.879848341330061,0.226026371164697,0,1,0.3871761034649,0.212901152894528,1,1
"66",-0.340383771401664,0.185948637213267,15,1,1,-0.0293369674147107,0.19675075668836,1,1,-0.320859715265868,0.186799922936486,0,1,0.075612271199206,0.258337589192864,1,1,-0.293588055918434,0.203304268924093,1,1
"67",-0.131271608856482,0.202941355407705,5,1,1,0.232085576904425,0.167122598802216,1,1,-0.0631000433790351,0.198141856590447,1,1,0.125017806456815,0.209102179986762,1,1,-0.114076464050654,0.228841285641187,1,1
"68",-0.094981122809726,0.221011308355765,11,1,1,0.0769542403801473,0.184721362146076,1,1,-0.173491969505638,0.168097959575392,1,1,0.0676623525209879,0.203832608576853,1,1,-0.149424621891252,0.226580788045782,1,1
"69",0.26897920325139,0.221934414597671,11,1,1,0.51051790788352,0.212923166176032,0,0,0.212227419422767,0.197879061920817,1,1,0.480093202161659,0.222565301325915,0,1,0.240484849851463,0.197262217224466,1,1
"70",-0.164879485076892,0.226228589571645,11,1,1,0.155271944099158,0.213885733317439,1,1,-0.161288265291794,0.17796162457272,1,1,0.117340303973676,0.238149973924405,1,1,-0.204538314870214,0.250356926483046,1,1
"71",-0.0619420785884041,0.21982862937614,17,1,1,0.275159322361345,0.187465022854184,1,1,-0.0746258030593125,0.176146903390784,1,1,0.570376270771688,0.258749900763712,1,1,0.0311589718104062,0.237496382843769,1,1
"72",0.233451305479026,0.249105405103638,17,1,1,0.489188680589321,0.190226041226162,0,0,0.190260641850849,0.225452311661051,1,1,0.483518645820037,0.22027052957927,0,1,0.204874891848758,0.247273875012131,1,1
"73",-0.0585022634658253,0.222830024228479,19,1,1,0.288114545902952,0.203614038225514,1,1,-0.0231570455837204,0.208350664087119,1,1,0.0655038323555763,0.21466990878824,1,1,-0.0307775034081819,0.238435130589561,1,1
"74",-0.0536069723505932,0.196406184210153,15,1,1,0.418842623510798,0.178991887440987,0,0,-0.0628406000010304,0.213623377690132,1,1,0.490813458911675,0.266380093516241,1,1,-0.0656090760387597,0.226700068684304,1,1
"75",0.0485191403326582,0.216548180765032,13,1,1,0.405566292178524,0.173655524582193,0,0,0.0679926314565101,0.204132965530741,1,1,0.306526596821285,0.234536772717455,1,1,0.0744625285810572,0.25157927198794,1,1
"76",0.320981465783512,0.241359950546223,11,1,1,0.550750569216512,0.198029546000131,0,0,0.332148547604241,0.219830539581307,1,1,0.579056267369946,0.279468610262293,1,1,0.406127298072397,0.260138340563997,1,1
"77",-0.0804724380392735,0.210101857320336,19,1,1,0.287126814494217,0.202343543697355,1,1,-0.0181842513899068,0.212228181020424,1,1,0.128328444697919,0.258937626550741,1,1,-0.0625492956826823,0.231880667481018,1,1
"78",-0.00566926589980323,0.209869380237174,9,1,1,0.204598679799867,0.190679654424604,1,1,-0.0717566740091588,0.213273383826798,1,1,0.23230612449757,0.241174798187556,1,1,-0.0271090155879209,0.246660837056679,1,1
"79",0.387702114249131,0.252779503493866,17,1,1,0.497664210682916,0.218513675294115,1,0,0.271944359875668,0.199444228071565,1,1,0.559173753251602,0.238452599583134,0,1,0.338285191463912,0.235932314590349,1,1
"80",0.00999772530354279,0.230679427012958,11,1,1,0.24656621408934,0.221586007325381,1,1,0.0367465414511259,0.217772197460677,1,1,0.174037915800053,0.256327679905503,1,1,0.0406862167115078,0.252213163064925,1,1
"81",-0.0526821930692167,0.213686294823356,11,1,1,0.192796203303243,0.210849696283026,1,1,-0.0703999543947452,0.220095506857635,1,1,0.17029713548985,0.21048000602152,1,1,-0.0943015171055933,0.228087299959953,1,1
"82",0.226751694068984,0.195947909684576,15,1,1,0.327260413330336,0.179210441243376,0,1,0.162040385005402,0.194395487579164,1,1,0.349337979034948,0.233698414405774,1,1,0.201216050968483,0.224772318671574,1,1
"83",0.104971370438394,0.185279985048822,7,1,1,0.452592377768699,0.213639043142075,0,0,0.0766451128882512,0.178446422159376,1,1,0.246917593985153,0.237502130484268,0,1,-0.007482350453768,0.237587829545211,1,1
"84",-0.147549421477051,0.206159261030105,9,1,1,0.0472988643874166,0.174202798262767,1,1,-0.19613026000257,0.18612499484462,1,1,0.113463124716716,0.199484822109738,1,1,-0.17038745075251,0.20743368203443,1,1
"85",-0.10933005269855,0.208744417287313,3,1,1,0.27852591666996,0.206179545707495,1,1,-0.0478396941292622,0.218584276701493,1,1,0.158713843327268,0.242534061351469,1,1,-0.0979040165530817,0.216897921792452,1,1
"86",-0.00848007028254858,0.22718206261799,9,1,1,0.21355631300022,0.186115043099446,1,1,-0.0982446235153436,0.198714839454994,1,1,0.298942469632243,0.226969119518117,1,1,-0.0947617774152795,0.241879581605671,1,1
"87",-0.0495356504458079,0.239961474990785,3,1,1,0.273267645270738,0.1908209584743,1,1,-0.040354978280993,0.209587604198616,1,1,0.421319663533602,0.192826936690499,1,1,0.0081057303893839,0.23074136157427,1,1
"88",-0.27132796022599,0.268810158084034,3,1,1,0.0808168845190959,0.253097320635264,1,1,-0.290920709151081,0.229370545034734,1,1,-0.0325280556705053,0.233798189089116,1,1,-0.305194259971585,0.235425543634212,1,1
"89",-0.00582907951540165,0.244498859680904,9,1,1,0.326364804403243,0.19624591868105,1,1,-0.012245361793447,0.206802979423316,1,1,0.331651527624762,0.25450543864811,1,1,-0.0143849827375269,0.272229665489237,1,1
"90",0.0086786863377893,0.254463368708382,9,1,1,0.352589287943529,0.192908576798745,0,1,-0.0390479594164858,0.215416245753608,1,1,0.329836544394065,0.247435128487214,1,1,-0.0627359693304867,0.244395495510715,1,1
"91",0.0826228679794171,0.255311306001435,3,1,1,0.416609505036474,0.178946454947939,0,0,0.162031375192627,0.220176256446457,1,1,0.338176245773281,0.232628480520564,1,1,0.132572386497327,0.257776097891309,1,1
"92",-0.533378399189074,0.243504530810205,15,0,0,-0.0624740425551778,0.214334058799432,1,1,-0.468137273447749,0.233562959027118,0,0,0.0990850316960692,0.217381165399234,1,0,-0.477024189920176,0.268141545632098,0,1
"93",0.156014936925584,0.208096336282409,19,1,1,0.262374557335738,0.196252249804779,1,1,0.146446378220314,0.218498846774357,1,1,0.376707371428223,0.24183651290615,1,1,0.173717203752303,0.227463580757518,1,1
"94",-0.022224611665663,0.21926244635063,11,1,1,0.219695551280127,0.208029330747535,1,1,-0.0602140346025092,0.202046930407929,1,1,0.24777009273776,0.237752307582273,1,1,-0.0850231805522034,0.227111026946845,1,1
"95",-0.16505000357821,0.201088980834713,13,1,1,0.106882278364311,0.212525842904696,1,1,-0.113704463087956,0.212600835266726,1,1,0.127381483782893,0.214270074976692,1,1,-0.120125522179492,0.218802684502041,1,1
"96",-0.185041219409482,0.202603710723947,5,1,1,0.189726528586809,0.204008757934609,1,1,-0.216876201889509,0.220356031174749,1,1,0.334315374082443,0.208750934794109,1,1,-0.20953146814829,0.243391872099713,1,1
"97",0.179703201386355,0.2159617142683,19,1,1,0.528451073684217,0.190636206096327,0,0,0.202278968592681,0.214542608219011,1,1,0.527715300795648,0.211307110359048,0,1,0.247193126819062,0.233256256540598,1,1
"98",-0.204458266228012,0.229185231173192,5,1,1,0.134337137285117,0.210882811019609,1,1,-0.138997805874397,0.1999782902083,1,1,0.113724550159888,0.237380357830858,1,1,-0.141094268381855,0.256915145443976,1,1
"99",0.0415616123899335,0.199127958289038,19,1,1,0.372294613716045,0.202547178661955,0,1,0.0629714312971227,0.202779484380439,1,1,0.426273667866439,0.246879649443145,1,1,0.0220636798490826,0.231803676388708,1,1
"100",-0.00950931193051135,0.224961234379785,3,1,1,0.222654668922216,0.202133440025633,1,1,-0.055864011833171,0.20617718200136,1,1,0.177366834033151,0.231748029160825,1,1,-0.0521185798383522,0.272556750923914,1,1
