"","V1","V2","V3","V4","V5","V6","V7","V8","V9","V10","V11","V12","V13","V14","V15","V16","V17","V18","V19","V20","V21"
"1",0.339097260477044,0.202482765308554,11,1,1,0.325633362187751,0.186871003055903,1,1,0.33504485296387,0.179537966919751,1,1,0.383435794208705,0.232693316946124,1,1,0.367189129890511,0.240234358732749,1,1
"2",0.152791331750057,0.215422563921197,19,1,1,0.210844467094582,0.202961366641778,1,1,0.199357843142446,0.199299366129736,1,1,0.284706459764059,0.234099662378755,1,1,0.205588877561872,0.218198547762554,1,1
"3",0.171799337305729,0.231251990282304,3,1,1,0.203881162424274,0.176856917140459,1,1,0.193534819449445,0.195222115930581,1,1,0.187644179682961,0.225707983887193,1,1,0.204584023156858,0.245622741931527,1,1
"4",0.314289535762613,0.204575897129642,3,1,1,0.353644690315344,0.209373412630052,1,1,0.374534339468404,0.204123430160027,1,1,0.432571733763979,0.237154294868048,1,1,0.38770480900068,0.262331242665183,1,1
"5",0.0290907364180232,0.236053472177828,5,1,1,0.128266030552378,0.213798880978029,1,1,0.113364689218028,0.198329282646311,1,1,-0.19544553158971,0.275666075023929,1,1,0.0861188780203638,0.253624688022889,1,1
"6",0.25378488139591,0.209906445128604,17,1,1,0.283446217001526,0.19244907541188,1,1,0.270636248478692,0.207428895597974,1,1,0.221202130117306,0.266036892400102,1,1,0.277452582041395,0.23957522914711,1,1
"7",0.682759376478091,0.219321853789966,1,0,0,0.633271295858438,0.189195817106428,0,0,0.633168637485019,0.188873070592686,0,0,0.693415584235402,0.210127309652909,0,0,0.682759376478091,0.266778742547171,0,0
"8",0.377472367551783,0.205245882111311,13,1,1,0.398492038196154,0.169707481808502,0,0,0.402001279483367,0.170720645553503,0,0,0.417373563778198,0.23029570797197,1,1,0.380508114767014,0.205081431060586,0,1
"9",0.357911652429653,0.248543756982446,3,1,1,0.455292949589804,0.187123695619367,0,0,0.444520352127376,0.244531773322772,0,1,0.393362769885692,0.256263028531256,0,1,0.423669366968174,0.260132059327694,1,1
"10",0.0859228962816634,0.202954140325069,17,1,1,0.0874008710425753,0.187762046884079,1,1,0.0856644910319251,0.201213603028753,1,1,0.166545785691625,0.251686074553317,1,1,0.0737570182544244,0.206455735385161,1,1
"11",0.314813719103812,0.198577630752628,19,1,1,0.309636474951101,0.197116219269188,1,1,0.310247489606921,0.196846071976995,1,1,0.228922863468594,0.236114614089172,1,1,0.285083817074989,0.237067674440217,1,1
"12",0.409675322120767,0.210821081215997,7,1,1,0.360981020422453,0.176118296407404,1,0,0.360369657667729,0.200009420543502,1,1,0.277264507509278,0.240626452652355,1,1,0.323063271853541,0.256422970340895,1,1
"13",0.325156271220287,0.192069841021676,17,1,1,0.358360441564969,0.211068394056484,1,1,0.353776528745804,0.204187302756291,1,1,0.470244869376578,0.222977466309977,1,1,0.369062409549041,0.255862921188117,1,1
"14",0.146319490258058,0.26229013270714,9,1,1,0.21421144030046,0.208620671616197,1,1,0.193096837945602,0.224675535891108,1,1,0.374809098305033,0.227210288179403,1,1,0.208409719647176,0.23424889853532,1,1
"15",0.514322933677989,0.261584619107691,11,0,0,0.476297293027863,0.196980593904895,0,0,0.509077319555895,0.21971290364354,0,0,0.489776777488737,0.211291289754955,0,0,0.464486751966132,0.24737979309092,0,1
"16",0.232774308474085,0.219442634550798,9,1,1,0.252224712153073,0.243126891927355,1,1,0.239772639714484,0.23346380830735,1,1,0.272969761846512,0.251236233533889,1,1,0.191449467225193,0.231525126769367,1,1
"17",0.512827436646842,0.209791585150009,9,0,0,0.439919740096186,0.210286581061621,0,0,0.460017130769131,0.216726369322446,0,0,0.330867742100931,0.237688815507536,0,1,0.466531766734141,0.242335382593845,1,1
"18",0.106233396956234,0.191738592670236,11,1,1,0.0898128875791791,0.209540118902496,1,1,0.0864616181969992,0.179913193617345,1,1,0.123512293763057,0.245272168150558,1,1,0.0809640369686672,0.202844488688098,1,1
"19",0.39588724934068,0.211941162537278,7,0,1,0.501970270028316,0.184772616984371,0,0,0.503988563342578,0.180440283992469,0,0,0.412540813752299,0.219088398678594,0,0,0.474990783620906,0.214039768413427,0,0
"20",0.020153595924736,0.215664471828578,9,1,1,0.114780101935134,0.184796829944817,1,1,0.108770121429382,0.183926835187769,1,1,0.18340546930009,0.214694625312226,1,1,0.136410343889053,0.255940655268096,1,1
"21",0.403034265712838,0.204447067924242,9,0,0,0.373372388481795,0.190131384094413,1,0,0.387845692396478,0.200508804330454,1,1,0.250541012780467,0.249125807548846,1,1,0.42415641780658,0.216782311419291,1,1
"22",0.115820505178561,0.202404347022486,5,1,1,0.155452778379083,0.155707887081448,1,1,0.152985200379669,0.194753823253676,1,1,-0.0160042391900571,0.22696982712676,1,1,0.102760091010093,0.238476586479281,1,1
"23",0.285660740236495,0.204916923969215,11,1,1,0.222235070515887,0.181065738523297,1,1,0.218907340584194,0.187230668985709,1,1,0.468105808225299,0.19823953924287,1,1,0.293915860701473,0.224656808789871,1,1
"24",0.236825601197444,0.223038744637986,5,1,1,0.235317841012013,0.172630864316789,1,1,0.220067761988525,0.192348983482156,1,1,0.186183023383274,0.248381184269443,1,1,0.231576320089181,0.231523320394246,1,1
"25",0.217469474687961,0.194973660962248,13,1,1,0.130676364733595,0.192857279944408,1,1,0.120648624891013,0.225679129308077,1,1,0.179250793201736,0.233879472715364,1,1,0.115732617292008,0.225948979242478,1,1
"26",0.177682364656634,0.210140093089672,11,1,1,0.252466575388533,0.201680188240577,1,1,0.252519089092804,0.199280004080228,1,1,0.268919262787469,0.223202534648696,1,1,0.245504882128195,0.222692938294444,1,1
"27",0.425381505359189,0.201028593512557,19,0,0,0.428957226721737,0.191879410953265,0,0,0.419126125531482,0.187898048753533,0,0,0.495283107803951,0.251038032653471,0,1,0.429425963739602,0.246599623201905,1,1
"28",0.744238263761857,0.243156639784935,7,0,0,0.71325467847908,0.19332463992399,0,0,0.681917866017442,0.214154207800413,0,0,0.971800250145617,0.248381038869203,0,0,0.688471416592619,0.229383124041782,0,0
"29",-0.039409077527975,0.184598391867746,19,1,1,-0.116646757359536,0.211995713150771,1,1,-0.114996429395811,0.171163434943169,1,1,0.172727194848761,0.20484881376699,1,1,-0.0225099070755802,0.196049827094748,1,1
"30",0.272959251850515,0.228233512061422,3,1,1,0.275384477910947,0.18759477561211,1,1,0.270328900194789,0.175735481331324,1,1,0.337880624027011,0.236718184078656,1,1,0.292463953118404,0.244986783223904,1,1
"31",0.293119482690873,0.219340318021092,17,1,1,0.247997173491881,0.189458238863388,1,1,0.251403314857762,0.188284480351692,1,1,0.302849525938858,0.230773336679574,1,1,0.226059769379316,0.23231469328059,1,1
"32",0.184149618077127,0.238671496128782,9,1,1,0.197089091294368,0.20685551546444,1,1,0.195667509588464,0.214917983251083,1,1,0.0965783644832083,0.250131121791354,1,1,0.161647916830388,0.267677045936068,1,1
"33",0.425996191887832,0.205177982865241,11,0,0,0.443148693894091,0.226409649759176,0,1,0.456148510394759,0.217387115278656,1,0,0.203025150192181,0.243370597052794,1,1,0.417358631270372,0.203967346838829,0,0
"34",0.319863057785987,0.205983207416361,3,1,1,0.316997273959297,0.190905717702239,1,1,0.310876296626538,0.192183785843288,1,1,0.31724889552477,0.216446941561706,1,1,0.317809849506423,0.221360349342303,1,1
"35",0.320944244939601,0.230536558124333,1,1,1,0.327351710853269,0.199512292198719,1,1,0.322794410745805,0.193007394682801,1,1,0.316534692341371,0.240520671190182,1,1,0.320944244939601,0.241463460523682,1,1
"36",0.47443646164887,0.19163432407808,19,0,0,0.426532495769503,0.179171977086079,0,0,0.413481812707456,0.204681724732485,0,0,0.610594115095863,0.221800687023943,0,1,0.382038823148943,0.224948111604128,1,1
"37",0.317649372670953,0.23253665047227,9,1,1,0.403531949558926,0.206224271871353,1,1,0.396162356775369,0.171572744578319,0,0,0.553066529424635,0.250322213160514,1,1,0.464386406363765,0.24649749346923,1,1
"38",0.495698347576002,0.198353162069992,5,0,0,0.510131891506523,0.194697542245165,0,0,0.509207970094057,0.217845527993398,0,0,0.557875413407161,0.254703769165771,0,0,0.524085250898192,0.21364183616555,0,0
"39",0.394505047219845,0.21890042010634,1,1,1,0.22023828463311,0.196378916954063,1,1,0.254963803474023,0.178048195459934,1,1,0.41562564499716,0.232827736913214,1,1,0.394505047219845,0.217179989939224,1,1
"40",0.355587539300673,0.20813287816413,9,0,1,0.451210676780342,0.188695044810145,0,0,0.437020139103061,0.209781002868933,0,0,0.374594228173845,0.234775402621249,0,1,0.390220573977519,0.257634095458776,1,1
"41",0.48576808083204,0.215324159483142,17,0,0,0.444611836398244,0.22495085171057,0,0,0.447833283159096,0.213211485054179,0,0,0.516294622910047,0.236278785905044,1,1,0.457706924156039,0.238444648375203,1,1
"42",0.212811289119926,0.215608986158056,13,1,1,0.257886693320821,0.2062763473951,1,1,0.235305737709407,0.218284899142951,1,1,0.194878292924277,0.253704603886655,1,1,0.25740804243947,0.25995869339901,1,1
"43",0.545572020089493,0.250427695862749,13,0,0,0.567974625610151,0.219832763192156,0,0,0.586580637521994,0.208412759751533,0,0,0.50087532325988,0.275731361871966,0,0,0.57712195537744,0.263427237319343,0,0
"44",0.862984036520015,0.187167132217365,13,0,0,0.816375512185374,0.201298080799884,0,0,0.808037342249565,0.183426542677597,0,0,0.70053963797085,0.256141145099753,0,0,0.777750913982378,0.245710011467231,0,0
"45",0.342189686768982,0.217209838691254,13,1,1,0.357370935250879,0.185655676894558,0,1,0.357092139145888,0.188280851420277,1,1,0.350163265606525,0.22955761975712,0,1,0.382893388533288,0.25384049185598,1,1
"46",0.239165114166465,0.226791978006596,11,1,1,0.277137630003679,0.22693015265525,1,1,0.281245181828179,0.201736381745768,1,1,0.333111184471537,0.238197011623638,1,1,0.258678994348602,0.247991754716891,1,1
"47",0.483246110946792,0.251225168339026,7,0,1,0.513256916875178,0.215080352042764,0,0,0.49166210268583,0.226365251970184,0,0,0.617951556005654,0.284259808838038,0,1,0.48228338102075,0.285189079976461,1,1
"48",-0.0152717380507346,0.193717751678319,11,1,1,-0.05661558487303,0.167402835219308,1,1,-0.0741679985742049,0.197602717180551,1,1,0.039225328602715,0.2488694874872,1,1,-0.0959066641304433,0.215988649690114,1,1
"49",0.202238623149283,0.226558675262847,17,1,1,0.251637326334341,0.20733227043054,1,1,0.256672349775568,0.21831291923603,1,1,0.329719271080385,0.225763177426231,1,1,0.237965702581656,0.266622365104718,1,1
"50",0.277281268272863,0.198353286184149,5,1,1,0.263331682576855,0.182350764477201,1,1,0.25729384650715,0.179195344278759,1,1,0.279055047153072,0.210082106142103,1,1,0.253949492761223,0.217947168398869,1,1
"51",0.29000506174771,0.224648386072602,9,1,1,0.26263387120759,0.214677693370218,1,1,0.258552641442251,0.170703923360972,1,1,0.317283445211278,0.254073386983412,1,1,0.195220562341203,0.244368640680625,1,1
"52",0.106790329027525,0.211768854159868,3,1,1,0.154812431615264,0.202131533118566,1,1,0.166115428072808,0.176261875080481,1,1,0.230344135259394,0.194412716286493,1,1,0.180861630886547,0.220892667019145,1,1
"53",0.502610674709297,0.203452381728326,19,0,0,0.528395827741122,0.175906921053624,0,0,0.528116228864953,0.20888945742585,0,0,0.603174074877999,0.235747733886386,0,0,0.467995824553677,0.234623207000177,0,0
"54",0.321838540707108,0.220490895442474,11,1,1,0.331859989114562,0.177058185768072,1,1,0.312618269100993,0.204291658178936,1,1,0.336382380485094,0.232546129245911,1,1,0.288511137272952,0.252971597480795,1,1
"55",0.378266490780553,0.220443119353962,5,1,1,0.455296878368966,0.213467558974164,0,0,0.451406887897478,0.205503278612358,0,0,0.301720790248006,0.248163401868574,1,1,0.3929105515922,0.258992333370053,1,1
"56",0.663868257557093,0.220508521938418,5,0,0,0.604502215626578,0.188885831903814,0,0,0.599234712930163,0.189163056754838,0,0,0.768293489340167,0.195744803365096,0,0,0.662247211306018,0.208047433047109,0,0
"57",0.556704459828341,0.219121716064772,7,0,0,0.52816532245945,0.192173542041134,0,0,0.513319114856778,0.216936917677224,0,0,0.406546096502588,0.251172517113778,0,0,0.49864541030274,0.237713279881271,0,0
"58",0.0789121637771869,0.170965062698658,15,1,1,0.131365455972124,0.189343841443033,1,1,0.0980943543914344,0.210504100102789,1,1,0.123977412591856,0.222813855085572,1,1,0.114626956187102,0.244628763938103,1,1
"59",0.245869416799189,0.177444593694448,13,1,1,0.289584221998566,0.181645678559908,1,1,0.268595712070849,0.194935670317942,1,1,0.342869432000142,0.224252388030126,1,1,0.294422570785865,0.225362045003191,1,1
"60",0.793359789998676,0.228148774292005,9,0,0,0.74587263095723,0.208304351374265,0,0,0.752741236593006,0.21111600759329,0,0,0.650825783048484,0.242636146665673,0,0,0.696337461444187,0.247087208905289,0,0
"61",0.189288343996147,0.253235783887724,19,1,1,0.198009647443909,0.211386857261099,1,1,0.208429683485849,0.232178806286556,1,1,0.253032331065003,0.263613518733404,1,1,0.166258271706586,0.260614155786274,1,1
"62",0.443929440589257,0.24232069271538,17,1,1,0.391833498777573,0.206433351850025,1,1,0.386389499278939,0.213200157511105,0,1,0.466891666755789,0.258082764950147,1,1,0.383269615248104,0.252682926363071,1,1
"63",0.166569503607224,0.235820173120667,17,1,1,0.289077796271917,0.20134502585614,1,1,0.254891413216682,0.222154345990556,1,1,0.225598083159655,0.305997539889664,1,1,0.270041142094081,0.272621949079057,1,1
"64",0.056080355572179,0.213997377857762,15,1,1,0.0953372942939489,0.218853658774525,1,1,0.107442105455238,0.223698529455058,1,1,0.121991466585471,0.216781044791185,1,1,0.112930772624178,0.241370710924024,1,1
"65",0.330668009212692,0.202459510877589,13,1,1,0.310153599837111,0.215518144960586,1,1,0.301970855044905,0.212133112161426,1,1,0.405989921358371,0.302445255514734,1,1,0.325706001354895,0.292152128579887,1,1
"66",0.266833224304182,0.176047464305035,7,1,1,0.26469312297469,0.184007031640901,1,1,0.278328559657925,0.182861925968503,1,1,0.262185947900644,0.195897951144205,1,1,0.218362388548797,0.218058173250573,1,1
"67",0.581163111660583,0.191937387782515,3,0,0,0.518978186986361,0.169343714449305,0,0,0.519336526026421,0.199091191070795,0,0,0.642054553545552,0.24329847333346,0,0,0.565222336684147,0.246999919104874,0,0
"68",0.706822874941235,0.190281221680491,5,0,0,0.702199409588977,0.163497413249801,0,0,0.707985882331307,0.218395714877113,0,0,0.746170701773193,0.243188149225098,0,0,0.693422954938096,0.243089939068275,0,0
"69",0.383774848023612,0.252868364153917,17,1,1,0.433699354100216,0.203482350400965,0,0,0.434352083479866,0.211356752526081,1,0,0.090908316073392,0.250070239291938,1,1,0.421653470006571,0.259703907790449,1,1
"70",0.465208671672831,0.220312474838973,15,0,0,0.44653630228385,0.18943059119229,0,0,0.433832388861784,0.212050941529377,0,0,0.323663359166384,0.231171984506913,1,1,0.400865758786082,0.253854036087237,1,1
"71",0.147811896715246,0.186976343807276,13,1,1,0.190242393755177,0.184390309366676,1,1,0.176183915143061,0.211557604456493,1,1,0.195649111338481,0.246830675611158,1,1,0.164863460458795,0.237301812596132,1,1
"72",0.102316480129919,0.208381511218364,15,1,1,0.0729375513519396,0.229465038464265,1,1,0.0850004945249383,0.200071588201479,1,1,0.0473004683963469,0.251243566206654,1,1,0.053246780277324,0.253203429160201,1,1
"73",0.510806984860601,0.246869264689494,3,1,0,0.38853065787123,0.224584794846383,1,1,0.362773879762596,0.216392693091585,1,1,0.360126247638356,0.246605544106708,1,1,0.353567751113283,0.278251139886901,1,1
"74",0.580685764887644,0.197286605376494,11,0,0,0.540894715823711,0.201543818690347,0,0,0.533638597410407,0.203825799842054,0,0,0.661607378673454,0.234780736401299,0,0,0.560665466550925,0.251873066647216,0,0
"75",0.0852074168152299,0.213586604491941,3,1,1,0.0045961764418061,0.205428924232025,1,1,0.037978866058507,0.204385407811702,1,1,0.0802200782973506,0.235407522029368,1,1,0.0833198517856206,0.215072927151325,1,1
"76",-0.0195177870638891,0.201536469478823,17,1,1,-0.0274320037988379,0.185946364023229,1,1,-0.0259387889881856,0.204020666235362,1,1,0.0141685995432874,0.225161660245798,1,1,-0.0257075823938092,0.240831214816294,1,1
"77",0.467802510329568,0.244286176544987,5,1,1,0.46914774060145,0.180915056539929,0,0,0.4709835152636,0.158577062664973,0,0,0.430160382306015,0.225415166230599,0,0,0.462975549366841,0.199414519498103,0,0
"78",0.148155045548985,0.218180994256801,13,1,1,0.262766381469055,0.208730480363591,1,1,0.24925590264767,0.172921898882723,1,1,0.264564456522361,0.27471095284315,1,1,0.252313245245473,0.2162330237466,1,1
"79",0.582054097689185,0.2251901587836,5,0,0,0.502661167904883,0.207231231372318,0,0,0.509491092299386,0.206658553831433,0,0,0.533140919453078,0.26324756672088,1,1,0.523235698323369,0.211446682015951,0,0
"80",0.592273528014409,0.179006527698472,19,0,0,0.561198949902217,0.176925963249409,0,0,0.545291409454241,0.194191834694909,0,0,0.417729885550045,0.244638894052515,0,0,0.55287005762797,0.249615773850089,0,0
"81",0.0991500887922023,0.234903236142516,3,1,1,-0.0175609249570464,0.202720237709441,1,1,-0.0234918866129766,0.195414042634758,1,1,0.278218553612563,0.234615929743399,1,1,0.0652408951150821,0.252681899889228,1,1
"82",0.273294636830021,0.196442563165035,13,0,1,0.331326699861303,0.202449996507695,1,1,0.318225838189167,0.191106999758566,1,1,0.28433554168734,0.260655898504199,1,1,0.301029120297022,0.258886392493015,1,1
"83",0.596554096860138,0.210218398736518,11,0,0,0.49887784738772,0.176837543442846,0,0,0.497005744849582,0.20299131431417,0,0,0.57077990097455,0.193969754956656,0,0,0.49008149311258,0.227729540336908,0,0
"84",0.591289956459794,0.209181829112604,9,0,0,0.602882690912305,0.164775982567062,0,0,0.618652672283433,0.190485782790272,0,0,0.538395945919007,0.215197785936781,0,0,0.563415000950744,0.212729170647894,0,0
"85",0.0878509391877846,0.198811220023675,13,1,1,0.116717134529626,0.221992958052468,1,1,0.102924365835677,0.188501219100667,1,1,-0.163864788666032,0.242859351728234,1,1,0.0664949530900824,0.243872053232569,1,1
"86",0.542476598443725,0.193210565217568,7,0,0,0.468548606108761,0.17012821168478,0,0,0.500455135239757,0.233346342508266,0,0,0.472588595794541,0.202885668522042,0,0,0.512502001993486,0.203403253258099,0,0
"87",0.428244642729437,0.216103924670655,9,1,0,0.440533107873514,0.190232094860008,0,0,0.423711115504206,0.208006392712834,0,0,0.562342002899792,0.251246085867669,0,1,0.425674671309954,0.244924890621417,0,1
"88",0.161311151083609,0.197092452014806,11,1,1,0.171069163543831,0.202696642286782,1,1,0.200617029299172,0.195301205533711,1,1,0.275789954597338,0.234914301332407,1,1,0.171356797090016,0.231409728597364,1,1
"89",0.410180423187743,0.231901499810908,17,1,1,0.412128664178914,0.219478614646394,1,1,0.416735563768319,0.203419115290342,0,0,0.491916011845424,0.244967778624321,1,1,0.440114129376813,0.262340101265296,1,1
"90",0.223776586912259,0.254865217255381,9,1,1,0.242508685332046,0.221558570137889,1,1,0.233464987595193,0.221787771297641,1,1,0.303210233994835,0.214153567322228,1,1,0.266826301971069,0.252025185459657,1,1
"91",0.426539268814975,0.201938449805607,13,0,0,0.408890740942906,0.168260166707804,0,0,0.391545632452849,0.204674962511328,1,1,0.37975529179617,0.216798244072577,0,1,0.37092190405931,0.251304465452028,1,1
"92",0.315665187690009,0.20977119500323,19,1,1,0.256243329900104,0.191457238676509,1,1,0.252583372376797,0.180673061142267,1,1,0.577095902586605,0.25465796797535,1,1,0.299076225916587,0.246147927546179,1,1
"93",0.497141815275219,0.170582803957744,13,0,0,0.463256846944068,0.187270521299788,0,0,0.481527932706813,0.21101221777878,0,0,0.420067797563174,0.194569059910236,0,0,0.50632547152117,0.246681573683099,0,0
"94",0.216886478962919,0.204575475713081,5,1,1,0.272917278554233,0.181039505969308,1,1,0.253715632282682,0.216992049800512,1,1,0.380452346122342,0.233766039534702,1,1,0.247406213580671,0.225230809244384,1,1
"95",0.71547400765228,0.206649031813247,7,0,0,0.615583801014024,0.203296130158329,0,0,0.620970344710553,0.206893464444377,0,0,0.72199935321022,0.27206590252434,0,0,0.708785901200054,0.209955702457532,0,0
"96",0.824738621739727,0.198410496900506,9,0,0,0.799355749221966,0.204611629860287,0,0,0.790838040639418,0.188697893323958,0,0,0.897010809215535,0.224853103268151,0,0,0.74455224476379,0.237391877969354,0,0
"97",0.223816929943943,0.219160743324139,9,1,1,0.23110483746283,0.215486016408975,1,1,0.231910217097052,0.191229091521386,1,1,0.235360694325895,0.234078837506502,1,1,0.261343197842521,0.266260677732836,1,1
"98",0.260201662819309,0.19718907191386,5,1,1,0.306715940697962,0.225712936409343,1,1,0.297730774758652,0.21714678837255,1,1,0.341719842873765,0.2132851131516,1,1,0.296070738083718,0.211651041066197,1,1
"99",0.723081416245541,0.201584644034603,5,0,0,0.771736816222921,0.168092744308931,0,0,0.768954583916613,0.208302972686159,0,0,0.680838841076308,0.229725204755492,0,0,0.706125389605788,0.234054419777498,0,0
"100",0.102765393980431,0.20437137355866,19,1,1,0.0450112104708392,0.21229944069622,1,1,0.0422157842839133,0.203282650442183,1,1,0.221254547796967,0.236419535725201,1,1,0.0786110948322652,0.217128003577227,1,1
