"","V1","V2","V3","V4","V5","V6","V7","V8","V9","V10","V11","V12","V13","V14","V15","V16","V17","V18","V19","V20","V21"
"1",0.125179955641511,0.206256600234732,11,1,1,0.109398398152371,0.194469164470896,1,1,0.109652815624494,0.188996535136502,1,1,0.0404451406187793,0.273047235767538,1,1,0.125755198423034,0.230166006949349,1,1
"2",0.609680833202584,0.244217572575546,9,0,0,0.677960864148342,0.210135564746538,0,0,0.690846038348258,0.201246163467293,0,0,0.671748958158551,0.217822136719674,0,0,0.692148978979002,0.245693346914188,0,0
"3",0.34012511614723,0.224979539606814,17,1,1,0.326496001998348,0.238440887030411,1,1,0.333452191066546,0.195630577788966,0,1,0.527100412313006,0.240848232723934,1,1,0.361220160663908,0.239431032331638,1,1
"4",0.504802317050205,0.183964480226265,17,0,0,0.474390411613773,0.184888878617139,0,0,0.483109271269125,0.175340882672012,0,0,0.472615468830315,0.203915319727059,0,0,0.460930525852694,0.204151243472158,0,0
"5",0.359432455810539,0.240605596291503,9,1,1,0.342824199260231,0.192732069659427,1,1,0.322924185466299,0.205383052629783,1,1,0.39165743483461,0.26183865650191,1,1,0.336439931770037,0.243025761892018,1,1
"6",0.354526746659114,0.2170562177109,11,1,1,0.353726528481539,0.200886739603528,1,1,0.361359663776185,0.186387036217914,0,1,0.408009446026539,0.247041226897518,1,1,0.344967255798069,0.204930180586879,1,1
"7",0.299021191871399,0.235719315090741,7,1,1,0.164125154670714,0.210990630267664,1,1,0.160019810000482,0.213318066039553,1,1,0.197999647488533,0.24019285569593,1,1,0.204989346695598,0.225613811616791,1,1
"8",0.0655453908401888,0.196044349940602,17,1,1,0.156337434315628,0.207222460662917,1,1,0.147498283623933,0.217332000865572,1,1,0.173615499654496,0.236113311236783,1,1,0.172319225083829,0.23428088761294,1,1
"9",0.0632639577637151,0.249186655803786,11,1,1,0.0956759104724046,0.191058917384162,1,1,0.0829063075360337,0.2040274507372,1,1,0.0172721176102469,0.24254172366533,1,1,0.0555900475458321,0.201764567463032,1,1
"10",0.383527699863875,0.218603723736119,7,0,1,0.401639963059151,0.177946247383172,0,0,0.416702893534,0.174055994513665,0,0,0.259895533257271,0.246422347551001,1,1,0.389259690174396,0.225795405705912,0,1
"11",0.430230398605704,0.211108159786018,9,0,0,0.46118819119395,0.193842786155416,0,0,0.465810906823763,0.201980421149942,0,0,0.582393980550827,0.252455275315797,1,1,0.423538644607544,0.233485365663985,1,1
"12",0.114037817765116,0.201934600638158,11,1,1,0.256929346758534,0.179758691335797,1,1,0.244592836898346,0.197976324830794,1,1,0.162550538184475,0.219823513220397,1,1,0.235200360365758,0.229584563003161,1,1
"13",0.343099357911461,0.218527720581488,11,1,1,0.31866539578506,0.217554035799689,1,1,0.311261399942803,0.21355887211626,1,1,0.250700993109149,0.215238233787417,1,1,0.359770253481472,0.248937860900574,1,1
"14",0.232216096496604,0.224646389328119,15,1,1,0.330904736445372,0.218467016620399,1,1,0.336075093153585,0.22953467975135,1,1,0.265743201450048,0.234614605958191,1,1,0.306344156058026,0.271300825436463,1,1
"15",0.583709755186057,0.185953868885524,11,0,0,0.538732704391744,0.201185526034792,0,0,0.54273784362461,0.22464260145534,0,0,0.750163323452371,0.240663980244958,0,0,0.512046934010056,0.207094936230577,0,0
"16",0.53285373720959,0.198929972662153,5,0,0,0.45495091041443,0.196212838272038,0,0,0.460696324878456,0.204961295112697,0,0,0.521476473163748,0.210495212021515,0,0,0.50282805281316,0.227162724326465,0,0
"17",0.310555026873727,0.241266240741112,7,1,1,0.252862886806853,0.212182079417072,1,1,0.274711670671147,0.187064678210582,1,1,0.135986456478435,0.232664639478259,1,1,0.278124221414668,0.243785424272346,1,1
"18",0.0868823117690763,0.238023862976112,19,1,1,-0.00769964635773261,0.216212117775759,1,1,-0.00157918981949665,0.215116091045378,1,1,0.181184725536236,0.240309846261393,1,1,0.0572324831324222,0.251516492800816,1,1
"19",0.432962096097708,0.200196655729557,11,0,0,0.442203457170822,0.223246717634474,1,0,0.439893441109237,0.190224198913803,0,0,0.367307557077752,0.266101829485589,1,1,0.418118829781513,0.23284437755556,1,1
"20",0.236910780537208,0.221523959604423,17,1,1,0.204365561650362,0.175055687931139,1,1,0.212543302536929,0.216398239526026,1,1,0.350035080264172,0.234141140083543,1,1,0.227871247838668,0.225058905931132,1,1
"21",0.154936282603947,0.26041440672487,3,1,1,0.116687579376514,0.226522508656808,1,1,0.125633343455112,0.235136147465333,1,1,-0.0311454239723283,0.276825014024754,1,1,0.0827709456562341,0.296517942174965,1,1
"22",0.173010367720961,0.221803354699815,13,1,1,0.221625182813612,0.211899575704911,1,1,0.22472063729581,0.197587498843643,1,1,0.132964609363974,0.215286049273832,1,1,0.160952005871412,0.215081313667168,1,1
"23",0.335741402549094,0.225791950429947,5,1,1,0.359114150389028,0.210862907378154,1,1,0.346336668980971,0.214658898499556,1,1,0.324579137093853,0.227023701649191,1,1,0.36255451211823,0.233728801410292,1,1
"24",0.128463288318336,0.218876790642814,9,1,1,0.134691423668121,0.217745064867619,1,1,0.126370146898142,0.193113398987839,1,1,0.344572253336614,0.219387917827563,1,1,0.164140772639012,0.272928771570554,1,1
"25",0.115378429273098,0.213014371593104,17,1,1,0.136287653686055,0.204243029575994,1,1,0.130787815366622,0.18438902809416,1,1,0.214678336543082,0.245309493333984,1,1,0.139113913410685,0.23198378827624,1,1
"26",0.233940669942342,0.194153229590857,9,1,1,0.289792559928491,0.195947235026257,1,1,0.301906106022595,0.195816292269715,1,1,0.160244952160417,0.230120365471513,1,1,0.281074429240526,0.231198783384776,1,1
"27",0.341747992740437,0.209386508281364,9,1,1,0.309931958870453,0.198951257734374,1,1,0.314590357116837,0.186219784312793,1,1,0.316935042960207,0.227651682043649,1,1,0.344390258151192,0.201989601346768,1,1
"28",0.0657668872590752,0.227840632447943,7,1,1,0.0165784590943929,0.217000537554048,1,1,0.0285658610286707,0.204289148046074,1,1,-0.00927760542566261,0.24756395027569,1,1,-0.00787557564837155,0.244865771055099,1,1
"29",0.628743876077144,0.216820669074066,15,0,0,0.610912052340696,0.203152225256702,0,0,0.606940773988867,0.190552507658831,0,0,0.705359359126898,0.235416282375383,0,0,0.60692646739589,0.230073525073111,0,0
"30",0.59729434350918,0.244801631219785,1,0,0,0.461902723829358,0.203015162874041,0,0,0.437212997678924,0.211090283599417,1,0,0.595186468934659,0.233095318294916,0,1,0.59729434350918,0.244492921243487,0,0
"31",0.613022691005291,0.202757686694923,15,0,0,0.618690878888007,0.197854882698923,0,0,0.620933662086131,0.213824340846821,0,0,0.601841542842977,0.261091919278736,0,0,0.612712511133686,0.222234085316533,0,0
"32",0.173105789285999,0.196826666626393,15,1,1,0.188563959255825,0.168599809370911,1,1,0.187919894153913,0.189314630942859,1,1,0.158430953682629,0.215106093446449,1,1,0.183996335679784,0.201581502389189,1,1
"33",0.585452558527679,0.222316120675175,9,0,0,0.569594058870021,0.193878320008826,0,0,0.578301119105138,0.192506215500585,0,0,0.677287812773499,0.249504407181237,0,0,0.559890649229879,0.246747684675086,0,0
"34",0.237566255476042,0.204068275357195,13,1,1,0.190283685721369,0.215978294259054,1,1,0.216688167001704,0.200707395836877,1,1,0.221354739181647,0.19481114871221,1,1,0.232023940456003,0.238345387673247,1,1
"35",0.170192356478305,0.217339912235141,15,1,1,0.0775869161062575,0.230896844585512,1,1,0.0839729057741503,0.223032396608483,1,1,0.243509310435586,0.24859717831837,1,1,0.17087314086902,0.237776530646191,1,1
"36",0.227111050641153,0.20084091536251,13,1,1,0.21412949737651,0.210446717640961,1,1,0.216163348988609,0.179303398381765,1,1,0.238182537770517,0.259023593936734,1,1,0.238489480358079,0.21144679772386,1,1
"37",0.264669941493827,0.165975743555509,15,0,1,0.312129267814691,0.223344804293889,1,1,0.306963796382467,0.218925827098025,1,1,0.213698658333774,0.2426873371555,1,1,0.29997907427848,0.223507655003355,1,1
"38",0.18102739866001,0.244144215169557,17,1,1,0.123302110195283,0.228188164519887,1,1,0.144038383198986,0.229255871032583,1,1,-0.0135632931406705,0.245653863691671,1,1,0.121726071078365,0.252297384858862,1,1
"39",0.979353529300233,0.17970637641223,15,0,0,0.95108778490409,0.190216841800769,0,0,0.955095213656477,0.182671955473669,0,0,1.01911829619682,0.204427831469235,0,0,0.940397150516316,0.217227891404758,0,0
"40",0.18634292227156,0.212902834442202,17,1,1,0.210146425378655,0.186979410485143,1,1,0.213792054197978,0.189900234664607,1,1,0.232917447251474,0.237795388085336,1,1,0.22341011611247,0.227976170404786,1,1
"41",0.601210490635129,0.203902458848175,15,0,0,0.547628825790138,0.195545286418439,0,0,0.523190099076377,0.196858129786178,0,0,0.256655347008981,0.258452391261812,0,0,0.519605360851554,0.240122432903368,0,0
"42",0.227301860436547,0.24863451692907,9,1,1,0.294325231300884,0.22107523937778,1,1,0.299862613902315,0.18504341428134,1,1,0.277891472084812,0.224181360962953,1,1,0.294420796646714,0.238071952579222,1,1
"43",0.494432509965629,0.204873508919331,9,0,0,0.536518829329673,0.199722461515793,0,0,0.524106324309224,0.191986106529753,0,0,0.382232121868274,0.232987853850732,0,0,0.518634564562433,0.243017723221229,0,0
"44",0.016483784426286,0.190672862362746,13,1,1,0.0731392918795624,0.168303285635312,1,1,0.0688108768056332,0.196112850448883,1,1,0.061950997553329,0.238346730122252,1,1,0.0980017502397949,0.203802195976439,1,1
"45",0.342565911071927,0.186761388517176,19,0,1,0.354805823778004,0.196259441868181,1,1,0.356421582189197,0.209935092574076,0,1,0.461557075357873,0.232345000393649,1,1,0.355092407213467,0.218257448408027,1,1
"46",0.543736507391664,0.231132629796661,15,0,0,0.59746511206281,0.193587593739491,0,0,0.597665946518031,0.199400280860885,0,0,0.725616181789171,0.241611780647885,0,0,0.577981659052366,0.246874356242744,0,0
"47",0.280872891492964,0.214484240182628,5,1,1,0.317244617784017,0.203418187315848,1,1,0.313494119373057,0.202630590132935,1,1,0.102339713626841,0.220036312978478,1,1,0.264780157331199,0.237571153191345,1,1
"48",0.450589419538266,0.238165079768216,19,1,1,0.463394039408702,0.201280346402335,0,0,0.453014388755983,0.216079817582176,1,0,0.529467703785622,0.20368628147868,0,0,0.48737427727469,0.230037172310008,1,0
"49",0.351879040947497,0.223157642981117,19,1,1,0.366787261890431,0.19901247297293,0,1,0.346954635791135,0.185636889168602,1,1,0.334011692755324,0.237274950289531,1,1,0.332267889659422,0.219761382023493,1,1
"50",0.305528768134814,0.201198435603728,13,1,1,0.328694864481561,0.185368255156005,1,1,0.313467397109889,0.216226735003838,1,1,0.180979915358162,0.267215030114767,1,1,0.285627016949755,0.246071679085394,1,1
"51",0.171944831369207,0.183089316778376,3,1,1,0.21030322065081,0.228641160640256,1,1,0.214670069951708,0.223722947687653,1,1,0.251916470704613,0.237312283523319,1,1,0.21604230051529,0.227428070636345,1,1
"52",0.0517203179415391,0.200319188163164,5,1,1,0.0612855773645408,0.221587322408661,1,1,0.0627786271079422,0.216325436276463,1,1,-0.0759412158010756,0.227784229402768,1,1,0.0757460990828579,0.238359689250553,1,1
"53",-0.000334377078106491,0.216815273141888,17,1,1,-0.0550221608469859,0.251962016975588,1,1,-0.0566803159636876,0.204184851035479,1,1,-0.218741741554075,0.230760738904124,1,1,-0.00623483148498268,0.204674213480048,1,1
"54",0.50339285397557,0.215487369117676,17,0,0,0.495601416999087,0.184425092499818,0,0,0.494439199272891,0.216256417285489,0,0,0.380040779292234,0.206275190366269,0,0,0.464770844725087,0.21210927504399,1,0
"55",0.279991380187978,0.204009229691923,17,1,1,0.300002541283424,0.194392914248452,1,1,0.30610050031653,0.19748235698486,1,1,0.288204580233973,0.255771325082695,1,1,0.293847208871016,0.260942606768658,1,1
"56",0.384960273544893,0.219052543846608,17,1,1,0.38431842909682,0.167066903863146,0,0,0.385548377267882,0.182716817622238,0,0,0.458770133416005,0.235921295919191,1,1,0.345620572394402,0.231149107016019,1,1
"57",0.510841535083773,0.209750529802152,19,0,0,0.479835232336626,0.184813046599572,0,0,0.494782376644972,0.209610108460554,0,0,0.530635799821063,0.224060417119942,0,0,0.483743537478008,0.232749457074851,1,0
"58",0.178410882446973,0.221180544123064,13,1,1,0.1724252287959,0.211788675553291,1,1,0.189698008286772,0.18196347001777,1,1,0.217206605075675,0.246421251641431,1,1,0.198951050437712,0.250024266353341,1,1
"59",0.303056248927038,0.201512340665865,13,1,1,0.254606814261921,0.205974323410022,1,1,0.259186988022361,0.164932584033327,1,1,0.27853584387802,0.217321533078428,1,1,0.265699880838305,0.203413035174987,1,1
"60",0.0942410718843832,0.224673170462571,11,1,1,0.080496828637682,0.200810663192941,1,1,0.077014049227759,0.205094334913519,1,1,0.197751874229404,0.215558105655927,1,1,0.098856582879577,0.228502508717612,1,1
"61",0.0752460668493794,0.16819637047483,19,1,1,0.0618666391441248,0.193149693012016,1,1,0.0514853254038696,0.218029347932604,1,1,0.162555841535607,0.19648109700418,1,1,0.038064809211628,0.238249811737241,1,1
"62",0.456416824731754,0.205429850015154,13,0,0,0.435863986926634,0.188949256159532,0,0,0.453039426166834,0.214428639838633,1,0,0.375329964929516,0.21817371954672,0,0,0.422139884728344,0.274753421458338,1,1
"63",0.803876082845827,0.217830796431584,17,0,0,0.771194466134718,0.197816566462857,0,0,0.782934666536762,0.187269641126672,0,0,0.832361330860689,0.242557595782374,0,0,0.786977931537626,0.235735482420563,0,0
"64",0.531591920077281,0.208646984386342,9,0,0,0.557140290574318,0.186322926356345,0,0,0.563863072934518,0.199760038497246,0,0,0.761170289190407,0.260342858798603,0,0,0.562407293466268,0.232161966304892,0,0
"65",0.277613906201606,0.218319167332388,19,1,1,0.212333451666328,0.200756855706393,1,1,0.220042267864363,0.20731756779787,1,1,0.317888763519019,0.240614634150577,1,1,0.245847839786659,0.248942557834231,1,1
"66",0.543186271950837,0.221379818585589,9,0,0,0.544333982018918,0.207483942310348,0,0,0.542984417194238,0.214026279965729,0,0,0.390008027654738,0.259735567073965,0,0,0.559813576472029,0.251454006096644,1,0
"67",0.389210709759076,0.226335302275554,17,1,1,0.388712300267963,0.22088762032323,1,1,0.373911264734749,0.223653698107535,1,1,0.529892128721781,0.287604916626592,1,1,0.345030560011344,0.255235037265965,1,1
"68",0.125527811471008,0.228844604843041,9,1,1,0.107719319090501,0.200944864264233,1,1,0.0949123309688163,0.215237564530158,1,1,0.153316258864553,0.269687258121454,1,1,0.0684385164608393,0.235392342116196,1,1
"69",0.461398008801492,0.201044521488245,13,0,0,0.534042532607174,0.191443151458489,0,0,0.530700609041506,0.201248538497039,0,0,0.450458568851823,0.263891864532775,0,0,0.492205261421169,0.233585296788594,0,0
"70",0.619501069760913,0.203818053446312,1,0,0,0.687277202938409,0.197183492194239,0,0,0.678888773038968,0.183437101012475,0,0,0.629612841397321,0.219124526393484,0,0,0.619501069760913,0.241122620698691,0,0
"71",0.632008533273654,0.231431847711435,17,0,0,0.643328274936575,0.258062616005462,0,0,0.644938685162159,0.216428229768003,0,0,0.578237935599843,0.262645651720201,0,0,0.652496323155271,0.278468000837475,0,0
"72",0.652512256521787,0.208869283121265,1,0,0,0.693515732961709,0.187171490394305,0,0,0.687123629661741,0.193235714315149,0,0,0.656012387470263,0.227416278612876,0,0,0.652512256521787,0.227662729855076,0,0
"73",0.265974720484096,0.185638384433309,3,1,1,0.179693368650186,0.177436990856078,1,1,0.193141451985827,0.189209808924303,1,1,0.280716612588497,0.219061222889823,1,1,0.214903992480435,0.209526455359834,1,1
"74",0.177348494979202,0.19555712844533,17,1,1,0.219267366183324,0.228511273909756,1,1,0.236857038701861,0.208699277180535,1,1,-0.152643990930993,0.216409442841742,1,1,0.219356885808117,0.22062170690262,1,1
"75",0.594344795529655,0.230124472622087,3,1,0,0.487689970506612,0.244991585763968,0,0,0.506015738193155,0.225789059341392,0,0,0.610005289668273,0.240690308015831,1,0,0.516850375641382,0.2440019387401,1,0
"76",0.249436005070692,0.190300960894555,19,1,1,0.287433711218146,0.171674654304601,1,1,0.273308276057801,0.195647220545798,1,1,0.347962980621307,0.240265489303109,1,1,0.28423531271837,0.241442424278528,1,1
"77",0.115160563054752,0.2106302671409,15,1,1,0.166403411859092,0.19936783135682,1,1,0.15952166165945,0.194468233226263,1,1,0.29637358173178,0.22503287756396,1,1,0.139684260775638,0.238040511969683,1,1
"78",0.409215671928417,0.186756065332219,15,1,0,0.340283172720114,0.178544747281005,0,1,0.330174924795944,0.181100572090489,1,1,0.197736542569551,0.202539966305133,1,1,0.298224648012673,0.238798386212914,1,1
"79",0.198226763624065,0.186117692955493,7,1,1,0.121108728092677,0.194404850079467,1,1,0.11947646382234,0.204142145801104,1,1,-0.0337789066232365,0.214572006614505,1,1,0.100344433373738,0.223604830471568,1,1
"80",0.399194203304637,0.196168087034141,17,0,0,0.437909658985655,0.198911207546922,0,0,0.444385100380988,0.202175117363849,0,0,0.483418770421095,0.248318510269693,1,1,0.427008029605408,0.233307858431288,0,1
"81",0.357666480188227,0.19827603253754,7,1,1,0.379533307862328,0.178878304185336,0,0,0.370603502234568,0.194593957813672,0,1,0.361148648703175,0.209216542130933,1,1,0.365040908978086,0.230704728212887,1,1
"82",0.505589639202807,0.241986863940453,1,1,0,0.466587237019055,0.16366060976022,0,0,0.47155953900527,0.179827208615829,0,0,0.518555783556323,0.225928641214084,0,0,0.505589639202807,0.212030682818459,0,0
"83",0.349010722496011,0.232898430684524,11,1,1,0.261858224488762,0.191627310329874,1,1,0.261438079674298,0.206779917439606,1,1,0.257158337248557,0.257003854849301,1,1,0.28416770574841,0.233925316685442,1,1
"84",0.489654368795437,0.200410906168951,9,0,0,0.495996895366564,0.185330729999587,0,0,0.494252141066107,0.202876832164627,0,0,0.300836348218961,0.256859597250222,0,1,0.469933672959719,0.250446873956977,0,1
"85",0.460340747091154,0.21036904885556,13,0,0,0.542754280405945,0.178823716249198,0,0,0.530556508290264,0.199566308011404,0,0,0.467074109004955,0.20524833032227,0,0,0.467561474099415,0.259660342383799,0,1
"86",0.0133194270580261,0.24876756435859,7,1,1,0.0409483291297755,0.189978509805449,1,1,0.0145773450713982,0.207368934840912,1,1,-0.0313636603681172,0.270829930904998,1,1,-0.0359417165716891,0.255919855215801,1,1
"87",0.14427886877324,0.195319556926044,15,1,1,0.130323629332877,0.213781748119613,1,1,0.130594715234866,0.214289260544845,1,1,0.0560510840716089,0.25572237690123,1,1,0.120701420241017,0.213905380231642,1,1
"88",0.411126547663487,0.206547871355418,7,1,0,0.416600823290788,0.219724660183655,0,1,0.42945680478838,0.186043631843481,0,0,0.422789703264544,0.252975063889184,1,1,0.449991321475677,0.230943373562454,0,1
"89",0.344148600700845,0.19768108772736,11,0,1,0.357593214005206,0.173405892972126,0,0,0.344621057835045,0.204022362313225,1,1,0.186530501937809,0.249293195063385,1,1,0.342371372500188,0.198010449552366,1,1
"90",0.31775218989184,0.185769006956018,13,1,1,0.340082701389358,0.200940504379293,1,1,0.33890008174445,0.180149241233816,1,1,0.521444255833573,0.259325366423995,1,1,0.350113200487984,0.230104074486259,1,1
"91",0.235464529145326,0.22863130689996,17,1,1,0.195383822977117,0.196346099976132,1,1,0.174849819198524,0.17736529331755,1,1,0.17180583237186,0.237797894163006,1,1,0.205125311303358,0.246019878214064,1,1
"92",0.109843868999374,0.225055195658759,1,1,1,0.265179257607454,0.168961955242517,1,1,0.268172220082472,0.202790037588744,1,1,0.111766224537506,0.203979106546007,1,1,0.109843868999374,0.203726907255158,1,1
"93",0.356832810266722,0.238609283141356,9,1,1,0.383214807419915,0.216777796617554,1,1,0.370176375204305,0.190976653040444,0,1,0.417327405460149,0.258563075940656,1,1,0.30103482445047,0.219946290043918,1,1
"94",0.207615968143184,0.222233078501154,19,1,1,0.196280236909508,0.222225751168291,1,1,0.224117257542359,0.185895576000273,1,1,0.260074567802956,0.256465034997966,1,1,0.276987894207776,0.228911718749175,1,1
"95",0.341354453450666,0.207128256076026,7,1,1,0.291803266420516,0.200067310998617,1,1,0.293988215146425,0.195956005769738,1,1,0.168350674497022,0.242961989415568,1,1,0.272783212247226,0.209595870243219,1,1
"96",0.386846492509682,0.251188763303207,3,1,1,0.27216121564713,0.183165759747868,1,1,0.253624521514591,0.209027488579832,1,1,0.432931120416087,0.222208154569707,1,1,0.334116492320665,0.234112351006457,1,1
"97",0.64107022488236,0.216806205445563,9,0,0,0.636349592148206,0.203765736449018,0,0,0.64997666040226,0.21537102432015,0,0,0.565929900532567,0.229268193390511,0,0,0.636323823267981,0.236194049657518,0,0
"98",0.336838319996808,0.187245393347933,13,0,1,0.38792329814478,0.187805556222483,0,0,0.39528811771171,0.196226024967084,0,0,0.25651363195152,0.22699746270219,1,1,0.315165295307014,0.230335790212952,1,1
"99",0.49214416330585,0.275629388343984,17,1,1,0.411821857648203,0.230682765383682,0,1,0.412036681918777,0.223499932844448,0,1,0.585586164309746,0.228230905040996,1,1,0.460209051138569,0.274794340161376,1,1
"100",0.139912708721067,0.228085376067261,9,1,1,0.117962393447774,0.180856692419113,1,1,0.113087558275673,0.212928859426499,1,1,0.248083889454878,0.228668220781285,1,1,0.158555751118398,0.220828496419765,1,1
