"","V1","V2","V3","V4","V5","V6","V7","V8","V9","V10","V11","V12","V13","V14","V15","V16","V17","V18","V19","V20","V21"
"1",1.07943481813593,0.316837527038871,1,0,0,2.39255372070742,1.06755513301332,0,0,2.27065874862093,0.819870946454425,0,0,1.06994616191851,0.337977327715862,0,0,1.07943481813593,0.370182532605569,0,0
"2",0.581836406341714,0.273321587573511,5,0,0,0.778472846665509,0.271025921192981,0,0,0.820666952754769,0.252123541110111,0,0,0.620546349623387,0.292160429193243,0,0,0.619635832887681,0.309026899166109,0,0
"3",0.827276427625887,0.297195517574203,11,0,0,0.633313308635811,0.270788919402136,0,0,0.664710540822659,0.274372089389449,0,0,0.506582854506727,0.368593530870575,1,1,0.68097175205056,0.280682047488917,0,0
"4",0.867996446228687,0.21720846505203,9,0,0,0.894909331601886,0.218007896816328,0,0,0.869544008781858,0.233612329159103,0,0,1.03547265966391,0.324866191944489,0,0,0.878729917629672,0.313931196450272,0,0
"5",0.726020851844716,0.247427564976155,9,0,0,0.714234013921555,0.209581586387922,0,0,0.70942606691998,0.236076494795586,0,0,0.693466661311051,0.32183808026192,0,0,0.733160551564819,0.291444029225285,0,0
"6",0.122527776776374,0.288907735049995,19,1,1,0.371470430577303,0.247221669313857,1,1,0.339913584127123,0.222935985182432,1,1,0.550144271831343,0.413360511406243,1,1,0.152716277035172,0.355824314116917,1,1
"7",0.623176446414348,0.219518768094097,7,0,0,0.678407545265035,0.284466573855276,0,0,0.658509555552982,0.250696090017334,0,0,0.592202138708556,0.28659008669039,0,0,0.629542387758612,0.298554209286708,0,0
"8",0.0900538159658367,0.25249451186833,19,1,1,0.166783875559567,0.199945097048628,1,1,0.127101656763445,0.196556038629581,1,1,0.0190482612752899,0.245196664350965,1,1,0.143830762332033,0.228432136961558,1,1
"9",0.674489597053304,0.240559722466602,15,0,0,0.922716569036101,0.26022309361509,0,0,0.914127651986847,0.26246347758663,0,0,1.07639923225862,0.274040939884075,0,0,0.788689135607357,0.283091475291425,0,0
"10",0.598619491990079,0.230867716097114,17,0,0,0.639809809231903,0.261073024127293,0,0,0.654249402835982,0.226197765621024,0,0,0.767356257153422,0.312210248444019,0,0,0.527863905855066,0.315638958036163,0,1
"11",0.653572395598811,0.275937882955319,7,0,0,0.683005014862307,0.24797371669682,0,0,0.675374468945417,0.23053841192506,0,0,0.777008524004232,0.277625494064745,0,0,0.730750538370066,0.258690641853743,0,0
"12",0.865018771004882,0.235994060927442,1,0,0,0.986561120241401,0.243527994409967,0,0,0.946300918717516,0.19723356244408,0,0,0.884130642646583,0.265798178981514,0,0,0.865018771004882,0.228263243064521,0,0
"13",0.323336517019788,0.27149411723285,3,1,1,0.301530286267637,0.262654982022731,1,1,0.359181346167376,0.198205485860374,0,1,0.107767776039741,0.257713565639734,1,1,0.389343791995006,0.272273628390993,1,1
"14",0.805604588728687,0.265069301379697,19,0,0,0.612983645099734,0.261573937872036,0,0,0.643980000545469,0.217906794318015,0,0,0.745266420893107,0.242866426694841,0,0,0.756869438857203,0.237328266738544,0,0
"15",1.26777801937589,0.231696833494027,15,0,0,1.21110527724771,0.241673184974297,0,0,1.24001896480902,0.236199041807967,0,0,1.22586977011791,0.294073309968293,0,0,1.17823570270582,0.306324813481528,0,0
"16",0.650043231264219,0.284985085060418,5,0,0,0.615217719236349,0.216803023516657,0,0,0.589089612790684,0.246332030234897,0,0,0.625866800241848,0.273365857808726,0,0,0.529330694079734,0.261808036248898,0,0
"17",0.700646352261889,0.344857144355316,3,0,0,0.712883319250102,0.254547497255251,0,0,0.675531142989703,0.250951808401002,0,0,0.702875011015043,0.317217422508894,0,0,0.532192946463903,0.311830847817282,1,1
"18",0.669021480163948,0.219653591294376,19,0,0,0.753776365988,0.224952326367172,0,0,0.747433052699952,0.205365885790834,0,0,0.783262751415482,0.247157917769309,0,0,0.737255133161159,0.264657711847543,0,0
"19",0.661166414296633,0.230583194347082,9,0,0,0.478362391678458,0.183092475293525,0,0,0.557804024238605,0.227422643592011,0,0,0.57986954797747,0.225652501341976,1,0,0.600136838940978,0.237822515097262,0,0
"20",1.02358169255858,0.202984796948814,9,0,0,1.13844670753095,0.237319372191864,0,0,1.1230646841487,0.228474330908381,0,0,0.934415048173898,0.230029813863765,0,0,0.954940666694897,0.239846588960836,0,0
"21",0.715217992643954,0.302344674347437,19,0,0,0.670270033971374,0.312564965906343,0,0,0.637468844789958,0.311268769243495,0,0,0.751111250821184,0.408808118043226,1,1,0.780258859243127,0.378704188824703,0,0
"22",0.394335392718967,0.271249518327367,13,1,1,0.605102906072147,0.257878119472742,0,0,0.581485986408491,0.194441512009973,0,0,0.635431667170679,0.335473999284131,1,1,0.608193322396227,0.297680076459306,0,0
"23",0.655047834749525,0.216301911977011,17,0,0,0.667484215271923,0.213087438726158,0,0,0.654754790549958,0.210613329870859,0,0,0.643043601094304,0.287476513522354,0,0,0.653278087946355,0.271784965545038,0,0
"24",0.536029041772875,0.290173589862796,13,1,1,0.586118641491449,0.254065245030426,0,0,0.591715094046397,0.271799714695142,0,0,0.62222478108311,0.33409247212641,1,1,0.565703851260037,0.291122167978176,0,1
"25",0.560615189733703,0.226481175511785,19,0,0,0.689918783837066,0.202871989469448,0,0,0.664546211607631,0.187657890594897,0,0,0.710353342578532,0.23049914303333,0,0,0.607253362276124,0.265956263133832,0,0
"26",0.916421863131882,0.260171323998008,9,0,0,0.747069863817603,0.199487777377778,0,0,0.787834223396812,0.229954494079434,0,0,0.733071156400491,0.289122617911241,0,0,0.745427625499699,0.230734955104641,0,0
"27",1.09877289485941,0.264322782560512,7,0,0,0.969676971818362,0.221160521091724,0,0,0.989181799824393,0.203386160927861,0,0,0.896813926707815,0.305881324022166,0,0,0.904927632125279,0.26707754172577,0,0
"28",0.846837560021628,0.26121210120587,9,0,0,0.850770545069023,0.216342377707941,0,0,0.783463398698875,0.191202943234467,0,0,1.05200400073311,0.264520216855547,0,0,0.700708233382899,0.257321137970737,0,0
"29",0.381427249557677,0.299631593420473,11,1,1,0.423274049119333,0.287457779671664,1,1,0.428411242497212,0.290993496011811,1,1,0.346215321495358,0.312791099351382,1,1,0.519480657097972,0.326088450789358,1,1
"30",0.614824416015738,0.221474431406242,3,0,0,0.866078235180375,0.314586047599115,0,0,0.898126004441096,0.272499618938231,0,0,0.653328178823776,0.301744378386435,0,0,0.789621786068548,0.295295928424728,0,0
"31",0.89704146590912,0.29321698256434,11,0,0,1.15951786691552,0.370882468832519,0,0,1.13459336829823,0.367736375581408,0,0,0.77252019083847,0.295672341331656,0,0,0.789407580176086,0.270794875536997,0,0
"32",0.955824986461697,0.252000012891881,11,0,0,0.963257623136253,0.243992576335652,0,0,0.933895408974828,0.276351790902125,0,0,1.02176196732078,0.291851186375593,0,0,0.698949152504599,0.276640980394685,0,0
"33",0.788041975545996,0.291458763490996,5,0,0,0.706621609498721,0.20552924977361,0,0,0.6815820204741,0.241199624150288,0,0,0.684378016859523,0.338749149340018,0,0,0.692270337634965,0.333741440697566,0,0
"34",0.54445482318599,0.216863938417148,11,0,0,0.669208827547941,0.20343105219411,0,0,0.621295111832846,0.212096508635655,0,0,0.434178321234332,0.269511034580098,0,0,0.713905306803191,0.27270499247679,0,0
"35",0.871231864885942,0.230850642530618,3,0,0,0.909456834379047,0.283794220376266,0,0,0.907992878323949,0.221089082631627,0,0,0.673523302226791,0.244635603543373,0,0,0.683308703051137,0.274484748193304,0,0
"36",0.718742778994206,0.23071977633048,3,0,0,0.611259331606451,0.200082798480497,0,0,0.584772260666553,0.225321129610626,0,0,0.890334208197493,0.276739135590603,0,0,0.669731564599537,0.25318841408058,0,0
"37",0.515848443440105,0.266766730932843,13,1,1,0.436762732710005,0.238571122992469,1,1,0.400537884933224,0.25543057122772,1,1,0.519061553961141,0.312266903127161,1,1,0.467010306128723,0.298530068260451,1,1
"38",0.279169149277692,0.274601669231326,13,1,1,0.442969302655054,0.209571260796105,0,0,0.404883510609343,0.230895772760695,0,1,0.42454064944755,0.256865828276935,1,1,0.490533815376073,0.277858373921388,1,1
"39",0.382891972498842,0.266492806896782,15,1,1,0.404781825756993,0.190403109092671,0,0,0.391796158098385,0.18074313581047,0,0,0.293186864425829,0.28065089000193,1,1,0.375170956016422,0.243591432203626,1,1
"40",0.450294958800338,0.302395366956996,5,1,1,0.435891633933678,0.204820449235739,0,0,0.406297464932446,0.204179368748212,0,0,0.408586034184077,0.297048628070389,1,1,0.46911649098754,0.269227660179434,1,1
"41",1.15691721581807,0.269928835726232,5,0,0,0.855284831419849,0.204132685292915,0,0,0.847993533626455,0.186214205923678,0,0,1.20502322294951,0.253239159979786,0,0,0.843790142709251,0.276486428011478,0,0
"42",0.645311493363819,0.279131065939312,15,0,0,0.587749687816013,0.202323301655675,0,0,0.523756156905885,0.219169648360316,0,0,0.659516919545922,0.308382451228595,0,1,0.406839107933321,0.277810678353888,0,1
"43",0.649283989141518,0.266706423275117,3,0,0,0.745041229929184,0.202494086708961,0,0,0.744830906551048,0.225058846097199,0,0,0.710678371345534,0.286604299929545,0,0,0.776613274447896,0.272422929377507,0,0
"44",0.256777542128415,0.297983848618601,9,1,1,0.498471061167382,0.264712847328539,0,1,0.489823591039191,0.301832181598462,1,1,-0.249363515069174,0.414124069579013,1,1,0.637171324354894,0.412151244164234,1,1
"45",0.71789778010446,0.261167819312998,19,0,0,0.743541119786922,0.228903460349751,0,0,0.695084724178563,0.230136944648251,0,0,0.929544347714781,0.30319107345478,0,0,0.716394386583315,0.281139218506672,0,0
"46",0.354593571702684,0.219929586971677,7,1,1,0.458666774676848,0.205759649520456,0,0,0.421243260055568,0.197820680135545,0,0,0.375191566006559,0.267095539015016,0,1,0.389009528846607,0.262852273866451,1,1
"47",0.707462812603109,0.248533760243324,15,0,0,0.546667803460097,0.235101188111602,1,0,0.606503427650438,0.254630618611436,0,0,0.556530047749305,0.273405301419964,0,0,0.770174225617812,0.293176894616977,1,0
"48",1.12501732049113,0.24224395070399,15,0,0,1.2159911787368,0.223102977142617,0,0,1.17085470287823,0.210921525680887,0,0,1.31788586094768,0.266360898076572,0,0,1.05912194640609,0.277230380780574,0,0
"49",0.749427770477686,0.256001234853817,9,0,0,0.65564381915706,0.198728119542639,0,0,0.648889898492893,0.226620890929395,0,0,0.440763152492069,0.327250944001925,0,0,0.609367540321903,0.274388294299369,0,0
"50",0.320726502964452,0.242335194110863,9,1,1,0.289090179215555,0.22620489307196,1,1,0.333341294908082,0.203874840917984,1,1,0.0509743712885807,0.252717802375149,1,1,0.468329609670645,0.265648570256094,1,1
"51",0.549233251579292,0.297178476606379,3,1,1,0.452583622776275,0.243253825917634,0,1,0.48531998888503,0.264928630228664,0,1,0.701945756594463,0.306543799916821,1,1,0.516835499685405,0.354215947346994,1,1
"52",0.867769856603806,0.277362639441133,5,0,0,0.853121597881576,0.207694419795577,0,0,0.847447706450518,0.238154159018266,0,0,0.929542255276162,0.296516841874318,0,0,0.802353490537281,0.308484332302599,0,0
"53",0.423139343575171,0.239738358764909,17,0,1,0.396962770651724,0.220589118769864,1,1,0.435272606351651,0.249372903735165,1,1,0.497793190860377,0.282141777085425,1,1,0.500549289810682,0.282157488696859,1,1
"54",0.270964602730421,0.273872693009572,7,1,1,0.346893693398321,0.223515380637908,1,1,0.327381266131865,0.219320944298162,1,1,0.458928715651732,0.263289051610483,1,1,0.410692043126958,0.284268514488928,1,1
"55",0.862129734243943,0.280699957599784,15,0,0,0.837978663732165,0.210410364828194,0,0,0.882824844566189,0.221978531299767,0,0,0.923126730426201,0.34046489825054,0,0,0.810229417435432,0.427141899074555,0,1
"56",1.0997329090398,0.242546607552143,9,0,0,1.05342329609365,0.214875363782693,0,0,1.08685351505036,0.230166587785663,0,0,1.12998274742137,0.24302942406404,0,0,0.962717116753029,0.2650472299167,0,0
"57",0.949982991272912,0.236172419536952,17,0,0,1.03086298303773,0.253090376362451,0,0,1.02393711304526,0.194038730787864,0,0,0.786958378165506,0.275828733899564,0,0,0.965138921395172,0.273687207768126,0,0
"58",0.983789864844308,0.253140899440193,17,0,0,1.03088607601065,0.315126050883898,0,0,1.05837686003608,0.254568229728942,0,0,1.22449679647668,0.301212327530615,0,0,1.02216404804534,0.269223170852424,0,0
"59",0.962633020126291,0.279522867592285,17,0,0,1.03448185731349,0.235851161379232,0,0,1.09482139808567,0.220377425516633,0,0,1.31793986530532,0.326350404378251,0,0,1.06972493504083,0.28955283486451,0,0
"60",0.942607981810977,0.243683620652368,19,0,0,0.904119712947332,0.214385065961232,0,0,0.902937064593039,0.250690499551542,0,0,0.928705839039953,0.270353984180923,0,0,0.810332930774734,0.277213252464184,0,0
"61",0.993282864311026,0.201396081756148,9,0,0,1.00059354322836,0.191013397302563,0,0,0.967701625837927,0.237172964358079,0,0,0.973682709453262,0.264663854329644,0,0,0.841691215480796,0.277291654513163,0,0
"62",0.635884210437704,0.247269154308179,9,0,0,0.599915227309541,0.271251980604246,0,0,0.577793517737342,0.213298806753206,0,0,0.534808193986649,0.297750074126916,1,1,0.717271928041741,0.25871206503974,0,0
"63",0.183449432632265,0.284516315683487,5,1,1,0.20244143396313,0.204852704458527,1,1,0.153571075044762,0.246834134277447,1,1,0.0784205444825452,0.297529785378112,1,1,0.123192563441626,0.244516591738089,1,1
"64",0.503439860319294,0.272619959703311,7,1,1,0.551555822761165,0.296890714240217,1,1,0.616401598864916,0.260344609723407,0,0,0.489346640480929,0.244705799235924,0,0,0.640352070101306,0.245667689659423,0,0
"65",0.552070675443102,0.261886708909278,9,0,0,0.611162830702147,0.249049104521983,0,0,0.605324923761869,0.226019583924051,0,0,0.61670452356126,0.247874614622759,0,0,0.527358192018546,0.232974773484554,0,0
"66",0.821153629749485,0.250237085822321,17,0,0,0.891299068136527,0.240267499418867,0,0,0.874257060069268,0.226595567128178,0,0,0.892907642232958,0.294123165746942,0,0,0.820992385003171,0.300842232177156,0,0
"67",0.965404158574815,0.253738291097103,11,0,0,0.646252644457457,0.401445895916599,1,1,0.677751688580456,0.352916314948462,1,1,0.767723916993111,0.254952327582482,0,0,0.930399231336119,0.285749419239677,0,0
"68",0.681567818732757,0.230753949455607,3,0,0,0.752160510960432,0.202933577739552,0,0,0.714073570226617,0.23376597683095,0,0,0.739272637213982,0.236403415961128,0,0,0.627171020288393,0.224816128488745,0,0
"69",0.333070167097522,0.253726809143534,11,1,1,0.348858570640356,0.242392664327473,1,1,0.336376901773534,0.2301187887392,1,1,0.461427491325765,0.256783539347998,1,1,0.318089165382002,0.296445490343421,1,1
"70",0.588541890190348,0.221490253057937,19,0,0,0.549276737137297,0.23399512210869,0,0,0.558347459410923,0.230015530141772,0,0,0.396940191204425,0.267790194749577,0,0,0.642387359191954,0.2724087716146,0,0
"71",0.683574804719026,0.28039847600125,1,0,0,0.777557534220391,0.198865489240214,0,0,0.822810762560622,0.234988077353107,0,0,0.640934141915178,0.262746884335759,0,0,0.683574804719026,0.245451447379176,0,0
"72",1.01979849156912,0.257061523546827,15,0,0,0.903658405039875,0.278075520196886,0,0,0.887370208519391,0.264750336070386,0,0,0.727853273718568,0.282502877991361,0,0,0.869814266853812,0.316061829001947,0,0
"73",0.419700762920655,0.287767627046552,7,1,1,0.488684923515641,0.213991452316452,0,0,0.431186100371047,0.195541264853197,0,0,0.409335330705012,0.355065795941815,1,1,0.444170020271002,0.389208001683662,1,1
"74",0.593881874851643,0.220121149885391,11,0,0,0.551474778621049,0.238733811503764,0,0,0.552340022546734,0.233099660240271,0,0,0.593873400850659,0.286059600339603,0,1,0.54285476006541,0.245696281651783,0,0
"75",0.73829505848421,0.231822579173224,7,0,0,0.759759105895414,0.225758737748422,0,0,0.755075846462183,0.262010910147356,0,0,0.703369747955733,0.24807276208624,0,0,0.753841871657545,0.27730222171395,0,0
"76",0.664120856809281,0.283686607064002,19,0,0,0.398012577782258,0.259943974713141,1,1,0.444560768310552,0.274210711494735,1,1,0.541540773661244,0.245040039775111,0,1,0.385641169529824,0.296190571647166,1,1
"77",0.350004386936827,0.265027610132232,7,1,1,0.254766881219739,0.340181130606642,1,1,0.232693072591124,0.307138733526512,1,1,0.234757413609602,0.272474458270384,1,1,0.464365128491473,0.326645639443185,1,1
"78",0.809040675779127,0.249315042968047,15,0,0,0.813839115651528,0.175240306620464,0,0,0.786107054950484,0.16604760680258,0,0,0.755833085748649,0.242131636507761,0,0,0.739712133824236,0.25154265890264,0,0
"79",0.726009089888318,0.241960711297559,13,0,0,0.669485749432706,0.242380689590635,0,0,0.686248339974935,0.223011627647109,0,0,0.82425583880554,0.269360660677032,0,0,0.700570745272259,0.300461691786614,0,0
"80",0.807916202142956,0.228776049976448,9,0,0,0.740114060391621,0.212524004037174,0,0,0.697357085620128,0.242712611035159,0,0,0.837078648607457,0.240967666710597,0,0,0.817566454588104,0.241411031853304,0,0
"81",0.354995229566193,0.28879570005879,13,1,1,0.47143072924222,0.276559329859581,1,1,0.483022434337211,0.342279161317896,1,1,0.539652563416541,0.417714634576134,1,1,0.246788858384899,0.42325612187029,1,1
"82",0.623329818285103,0.256464848646264,13,0,0,0.658270920321721,0.206439617328887,0,0,0.673925980326012,0.213031877635893,0,0,0.551675320214063,0.320175421812689,1,0,0.615698552379279,0.296635505742449,0,0
"83",1.02514673934038,0.279096533579197,11,0,0,0.943067790057342,0.214306733459647,0,0,0.952828570016928,0.228297099778253,0,0,0.794799950636989,0.32209053648005,0,0,0.954138811001609,0.312268907191225,0,0
"84",1.00124261442287,0.270340517513007,5,0,0,0.975896461456175,0.187622011037118,0,0,1.00498166316093,0.223038228861818,0,0,1.15613437663958,0.276774135170772,0,0,0.939446872806517,0.274693659325343,0,0
"85",0.673238272217273,0.230416760751167,5,0,0,0.73409296471585,0.235940190967097,0,0,0.731464359745521,0.224844420643491,0,0,0.710998384820494,0.295231127700498,0,0,0.700882176060552,0.319175155716781,0,0
"86",0.952381346692852,0.246618613302002,13,0,0,0.920376922560601,0.203294902208648,0,0,0.935949407640579,0.202595432732819,0,0,0.746983646901046,0.269999919846306,0,0,0.814533910916944,0.317791986134361,0,0
"87",0.348008982388966,0.30178048467611,15,1,1,0.49725033598249,0.232248763953672,0,0,0.414514821772296,0.209091429040188,1,0,0.352554274567681,0.289258360760578,1,1,0.348369723930907,0.273357713813826,1,1
"88",0.442512944152431,0.260672708126218,1,0,1,0.586810262297918,0.341311138754471,1,1,0.553649762096322,0.287656534184429,0,1,0.489797158075447,0.285763998390962,0,1,0.442512944152431,0.247248407594384,0,1
"89",0.467266276130917,0.243949961309369,5,0,1,0.669307284378363,0.329253052816004,0,0,0.702896402124063,0.315070171926062,0,0,0.607916067556461,0.231731467555444,0,0,0.557144921440514,0.279469788902154,1,0
"90",0.953835047057359,0.309312724338751,15,0,0,1.05702020217533,0.225165046835688,0,0,1.09196136520677,0.239432551300698,0,0,1.25097213452689,0.289342238462604,0,0,0.94215744084579,0.315864545996819,0,0
"91",0.641635658994273,0.248656025774188,17,0,0,0.692818587735548,0.21086827014883,0,0,0.715680798809966,0.241837322423644,0,0,0.88032567815054,0.218822889089542,0,0,0.64769831210069,0.239622724974294,0,0
"92",0.736224341407437,0.27338572382634,15,0,0,0.791093325502021,0.176779901969945,0,0,0.758624839357716,0.230789712264565,0,0,0.643835715278151,0.367330148727429,0,0,0.556971147037881,0.387014758255108,1,1
"93",0.42977291353419,0.340082093710248,3,1,1,0.665545905296342,0.227747642168532,0,0,0.682609347708608,0.242603757137076,0,0,0.0335410700930311,0.387256361665497,1,1,0.540568268507691,0.406407877035442,1,1
"94",0.435999575550827,0.26392212879689,13,1,1,0.55842346750154,0.257633912182934,0,0,0.558360814309677,0.267137721950106,0,0,0.523602207680888,0.323309301866529,1,1,0.585560175714048,0.310284406723628,1,1
"95",0.523973736964505,0.245812999214923,13,1,0,0.43736268476493,0.267626892450983,1,1,0.451087612666586,0.236067901861818,1,1,0.869350443914655,0.352809831063613,1,1,0.581238585547661,0.310216569679999,1,1
"96",0.354897457151188,0.287183409927024,11,1,1,0.375604971421424,0.215766035367733,1,1,0.355534474821717,0.214159589795058,1,1,0.271461968340937,0.423209320308281,1,1,0.448051199044537,0.379243174507938,1,1
"97",0.549020203081813,0.280301702677342,3,0,1,0.479970878347031,0.274463536887029,1,1,0.470541266521662,0.244585652765504,0,1,0.243736044466023,0.278498779921718,0,1,0.423465732678904,0.300545361358256,1,1
"98",0.957339985744871,0.198380155377405,9,0,0,0.867596419680302,0.231146238063241,0,0,0.832833566019867,0.249899049383706,0,0,1.10387043239476,0.222977202336536,0,0,0.912448408665729,0.245375122004673,0,0
"99",0.321837850008301,0.297977865096438,7,1,1,0.276349481215246,0.238936205889538,1,1,0.277736839547057,0.240717024323428,1,1,0.211087304214402,0.305591660427982,1,1,0.328000329911044,0.274226243242368,1,1
"100",0.86971090137774,0.183321691340765,9,0,0,0.894274353295199,0.21228415458734,0,0,0.874072469878956,0.224423385935202,0,0,1.00334648952466,0.257174768687236,0,0,0.910967493586123,0.246952318747075,0,0
