"","V1","V2","V3","V4","V5","V6","V7","V8","V9","V10","V11","V12","V13","V14","V15","V16","V17","V18","V19","V20","V21"
"1",0.534029014794317,0.255627210974202,13,0,0,0.62192973175644,0.220510761703548,0,0,0.654154066274892,0.22133919440037,0,0,0.670439845162856,0.24964991764477,0,0,1,1,1,1
"2",0.919915193087693,0.283348024715838,17,0,0,0.792934726081144,0.245868751303981,0,0,0.866696859259864,0.302982862967025,0,0,0.797928651837388,0.304460776224857,0,0,1,1,1,1
"3",0.415062525552629,0.270721228097777,3,1,1,0.257120732380468,0.229837512826943,1,1,0.363491689584398,0.226830339155251,1,1,0.42345702152688,0.299674334226554,1,1,1,1,1,1
"4",0.971800181947962,0.220023917478161,7,0,0,0.854785155171803,0.272538385045039,0,0,0.861618306373879,0.272611289575846,0,0,1.01855294783261,0.240847150862084,0,0,1,1,1,1
"5",0.120889070855629,0.255219255167609,15,1,1,-0.269509605966011,0.391693768802059,1,1,-0.226534133782932,0.311140190998619,1,1,0.137793581710557,0.273981373428017,1,1,1,1,1,1
"6",0.537002120964789,0.269804776177658,3,0,0,0.632082952217625,0.22097476479546,0,0,0.650907143705494,0.211661459761026,0,0,0.402745766560592,0.286756742385565,1,0,1,1,1,1
"7",0.596712994255488,0.253992692105087,17,0,0,0.619090489658531,0.171178411792218,0,0,0.577482475585458,0.222854826677178,0,0,-0.0527259113630687,0.30001848282161,1,1,1,1,1,1
"8",0.625511656045237,0.238053464847428,17,0,0,0.675915024570334,0.205607803098577,0,0,0.7158949663578,0.233936557110624,0,0,0.553300833141692,0.275081354335479,0,0,1,1,1,1
"9",0.789892715193426,0.247445353111347,3,0,0,0.521835476925154,0.280577490686988,1,1,0.515692128894607,0.255944809898981,0,0,0.614422807652341,0.290017217576306,0,1,1,1,1,1
"10",0.287412109188815,0.276047033290927,19,1,1,0.39874398917087,0.31848699508222,1,1,0.434035711533298,0.239360689702519,0,1,0.473575826188791,0.276022642882842,1,1,1,1,1,1
"11",0.610184173605394,0.243631207541091,17,0,0,0.558450756862518,0.196147293787751,0,0,0.566431525403873,0.20593693558693,0,0,0.461900355138966,0.294738967025863,1,1,1,1,1,1
"12",0.863638888463874,0.258932784868857,13,0,0,0.885191622465212,0.295006721175722,0,0,0.859327558237883,0.25521978612995,0,0,0.92411655488805,0.309044762328121,0,0,1,1,1,1
"13",0.799105054609289,0.275401351290992,13,0,0,0.819213985754774,0.226515791444925,0,0,0.833931707717704,0.178575586843442,0,0,1.04085605340913,0.263507771163985,0,0,1,1,1,1
"14",0.474376054452887,0.256820852378329,9,0,1,0.403794870712887,0.29336708269803,1,1,0.385357069753194,0.303232384238833,1,1,0.393510188774962,0.290627613959882,1,1,1,1,1,1
"15",0.711271696510901,0.320294914306962,13,0,0,0.989539018811842,0.561735280873139,0,1,1.04506168052835,0.535094177192301,0,1,0.969272594332898,0.386673396808247,1,0,1,1,1,1
"16",0.599791339518848,0.227059229380267,13,0,0,0.723159537919845,0.258101996675541,0,0,0.677635313094863,0.210452997923787,0,0,0.571856986239559,0.257966325814515,0,0,1,1,1,1
"17",0.320457446807075,0.255097736091501,3,1,1,0.313867963508227,0.193812304690798,1,1,0.245276066362182,0.210974471597964,1,1,0.237357106447379,0.287540959270247,1,1,1,1,1,1
"18",0.685797736956725,0.258759355265219,3,0,0,0.790810390412621,0.198842284427897,0,0,0.775620891806367,0.237489041155733,0,0,0.729602101504135,0.224555947548918,0,0,1,1,1,1
"19",0.3324337669609,0.246826801929635,17,1,1,0.482630280467052,0.236531680346684,0,0,0.448251008509007,0.193472063475889,0,0,0.41613473919207,0.246478469103262,0,1,1,1,1,1
"20",0.775241434462344,0.247394871488047,3,0,0,0.779502565195613,0.243702348340027,0,0,0.800882718563776,0.219722136304811,0,0,0.705886777892405,0.252096377782533,0,0,1,1,1,1
"21",0.834790153962488,0.222671561143608,11,0,0,0.935087164054952,0.215239335125012,0,0,0.870965444235709,0.261241453939978,0,0,0.869097160821996,0.289873976159552,0,0,1,1,1,1
"22",0.75112960397956,0.32978129173795,15,0,0,0.885609709303882,0.340694665575452,0,0,0.919812211184275,0.315942281680497,0,0,0.711779152144314,0.376563509735063,1,0,1,1,1,1
"23",1.03567468819747,0.300472780141496,11,0,0,1.08456466391819,0.202087978059092,0,0,1.04618255991692,0.257116317443982,0,0,1.15984446471719,0.307806263908835,0,0,1,1,1,1
"24",0.309579444946124,0.208006722058201,7,1,1,0.305801561913223,0.218157070664482,1,1,0.295794238858774,0.237481451241326,1,1,0.286731104133766,0.252993051221759,1,1,1,1,1,1
"25",0.261487813291187,0.261154520874328,7,1,1,0.317953691905786,0.215181374070745,1,1,0.317118051786467,0.207701549947689,1,1,0.109624489527803,0.290272749434885,1,1,1,1,1,1
"26",0.756909871581647,0.279690464891904,15,0,0,0.717432688698409,0.256110039015394,0,0,0.739474355933434,0.255234639109225,0,0,0.724511860863682,0.288142578033626,0,0,1,1,1,1
"27",0.542783112233869,0.262893562121787,15,0,0,0.568383417224464,0.217909713270776,0,0,0.556051621605364,0.20880307147632,0,0,0.778468435771319,0.36117292256858,1,1,1,1,1,1
"28",0.342104564691104,0.277625396938002,15,1,1,0.49263435541003,0.225228545564155,0,0,0.495852527138853,0.268141111622863,0,1,0.655150345827359,0.364089708867178,1,1,1,1,1,1
"29",0.971194004916665,0.300972748269638,11,0,0,0.853067402718068,0.27250519221242,0,0,0.833194292600636,0.258870159585711,0,0,0.744557365901437,0.362238531958823,0,0,1,1,1,1
"30",0.70994747648379,0.228214940165977,17,0,0,0.764074594876855,0.20085836792674,0,0,0.795057612795992,0.208721838851272,0,0,0.488755250275496,0.274763789546398,0,0,1,1,1,1
"31",0.405743385522138,0.237446083208964,15,1,1,0.68361353531533,0.280850379361271,0,0,0.726753351149793,0.311288855808459,0,0,0.666430442299515,0.360794821528721,0,0,1,1,1,1
"32",1.12531315879828,0.238311195296943,11,0,0,0.956544900625073,0.205111762391546,0,0,0.991886461301644,0.195477445494535,0,0,1.4454731305384,0.277158567401042,0,0,1,1,1,1
"33",0.745060437592788,0.230503490398548,15,0,0,0.749234422757557,0.220108359044617,0,0,0.744663856884007,0.214038723015855,0,0,0.810398964029707,0.31076714446346,0,0,1,1,1,1
"34",0.366055897478362,0.259768414370895,13,0,1,0.554169613925687,0.179357938944895,0,0,0.525183341617089,0.198074376399416,0,0,0.345937545406716,0.300071465418258,1,1,1,1,1,1
"35",0.639533888591895,0.248066009878919,15,0,0,0.756380563694831,0.272948028255036,0,0,0.776678890051683,0.253671357504066,0,0,0.585668067328878,0.350390968311131,0,0,1,1,1,1
"36",0.656534826304057,0.232632663626375,19,0,0,0.738654503399679,0.22190767673054,0,0,0.738107991390139,0.23910968311668,0,0,0.853250459108784,0.257440472313108,0,0,1,1,1,1
"37",0.481405282803149,0.197172835237055,15,0,0,0.474902110628652,0.211880473501503,0,0,0.477014432709142,0.170100807770854,0,0,0.434409324367255,0.22886691421323,0,0,1,1,1,1
"38",0.593867587162551,0.257848965776611,11,0,0,0.815567837146801,0.211591456723073,0,0,0.826245802780465,0.210785158589117,0,0,0.782485348552903,0.247907362025677,0,0,1,1,1,1
"39",0.742054723434425,0.25347831052679,11,0,0,0.769539730046718,0.22874463801981,0,0,0.77846516238091,0.22037274811723,0,0,1.08255988923558,0.258703430493588,0,0,1,1,1,1
"40",0.655893833431082,0.260260052952181,15,0,0,0.621835278134811,0.223050702925626,0,0,0.641854025876463,0.259381300982007,0,0,0.805479646542183,0.337868354193532,1,1,1,1,1,1
"41",1.03790036925553,0.260466400068333,9,0,0,1.031377137948,0.181008191560716,0,0,0.998176207506054,0.216648336043114,0,0,1.41704268829924,0.298933906812603,0,0,1,1,1,1
"42",0.952533176821237,0.301249210949866,17,0,0,0.904961027505421,0.219555432319452,0,0,0.976024374012923,0.255782501330446,0,0,1.05204182939052,0.311575717690762,0,0,1,1,1,1
"43",0.596017502582957,0.2190286665003,17,0,0,0.432767717681259,0.275942260851133,1,1,0.431013936173411,0.278684023123142,1,1,0.537886170676518,0.252880655948905,0,1,1,1,1,1
"44",0.986948538096712,0.306195869971954,1,0,0,0.86179860177843,0.258106915299417,0,0,0.887413104629215,0.221824221602945,0,0,0.92344444390497,0.298166739231604,0,0,1,1,1,1
"45",0.583481060276423,0.206859239981997,11,0,0,0.470300187778626,0.242078317198279,1,1,0.479871559003365,0.21788344056638,0,0,0.531516150496641,0.263688140623674,1,1,1,1,1,1
"46",0.661964467198955,0.223558451096623,11,0,0,0.595186517896375,0.241429728642208,0,0,0.551904353090761,0.256557313915858,0,0,0.670376829934906,0.310422899223317,0,1,1,1,1,1
"47",0.945063539740713,0.225591871041257,19,0,0,0.944993212814639,0.222086438379359,0,0,0.972399094400878,0.193104498779251,0,0,0.912541083129923,0.247606041556651,0,0,1,1,1,1
"48",1.0639573728929,0.250978013860573,15,0,0,0.850359751129107,0.350446855479788,0,0,0.912520901713549,0.304967701620221,0,0,0.946607085664767,0.379795943604259,0,0,1,1,1,1
"49",1.28994664308636,0.263079885794026,7,0,0,1.15413923585593,0.200509788175982,0,0,1.12422322208005,0.232000040731072,0,0,1.23714601682665,0.297189814666782,0,0,1,1,1,1
"50",0.632391728130394,0.249716972258441,7,0,0,0.547007679261548,0.222758537533753,0,0,0.495678111238452,0.249383329746117,0,0,0.46817657906095,0.296376867244707,1,1,1,1,1,1
"51",0.386464595610987,0.273734555302876,5,0,1,0.51061333948433,0.194342291478434,0,0,0.454889011757901,0.239939380703517,0,1,0.776547935972943,0.273871825467016,0,1,1,1,1,1
"52",1.38993462037763,0.253243699275871,19,0,0,1.32406091405717,0.205996343684966,0,0,1.35789402123537,0.214990000168118,0,0,1.542014268646,0.275921809439316,0,0,1,1,1,1
"53",0.754352501791762,0.220055611668808,13,0,0,0.643404464344509,0.173596456207965,0,0,0.640952541956256,0.19670087957729,0,0,0.638075229387636,0.240817191478687,0,0,1,1,1,1
"54",1.04320926227893,0.267864765499857,5,0,0,1.11476892080603,0.215371197606028,0,0,1.08825197550873,0.241281243958697,0,0,1.1962102118973,0.283379150310287,0,0,1,1,1,1
"55",0.382671453649446,0.282250963270417,7,1,1,0.543733295701195,0.253944255998432,0,0,0.524097763864095,0.249325878218178,1,0,0.354788053379088,0.263133781555021,1,0,1,1,1,1
"56",0.376477210915587,0.24854866431218,7,0,1,0.683134238433702,0.191707043542821,0,0,0.594165337025763,0.219936405013299,0,0,0.398751546586547,0.196032513191488,0,0,1,1,1,1
"57",0.680204397090069,0.264274977765661,15,0,0,0.836862113721006,0.196812882328156,0,0,0.755455906431482,0.206032912561755,0,0,1.17225577230743,0.288984439251653,0,0,1,1,1,1
"58",0.890383212365617,0.25040724228153,11,0,0,0.786722019789975,0.287873010146404,0,0,0.798465336256748,0.28312249244494,0,0,0.767601218943803,0.287079850124629,0,0,1,1,1,1
"59",0.725603065138354,0.236226434562113,9,0,0,0.732643952105611,0.221650953018834,0,0,0.747137433784244,0.22998259598341,0,0,0.915166202573497,0.298756983003864,0,0,1,1,1,1
"60",0.822386849650297,0.250681162111708,3,0,0,0.897931098417913,0.224957651603169,0,0,0.897216788190633,0.236302501452672,0,0,1.12168328028858,0.307953743137078,0,0,1,1,1,1
"61",0.597843449215523,0.209884763509117,19,0,0,0.785895753294233,0.268080528429874,0,0,0.762246984650901,0.246207503916443,0,0,0.857503677791469,0.291813515776503,0,0,1,1,1,1
"62",0.933178778940468,0.272821908305165,11,0,0,0.698561395007044,0.301975327255888,0,0,0.665672870781815,0.245444822142696,0,0,1.01365900973565,0.310939580535696,0,0,1,1,1,1
"63",0.383248709956456,0.225349431045852,11,1,1,0.506550475490758,0.202192939969081,0,0,0.490297138537039,0.207620547350672,0,0,0.504470794884345,0.262791839231951,1,1,1,1,1,1
"64",0.805678062836668,0.210781832076855,19,0,0,0.963990870434243,0.221131759757141,0,0,0.945501034386944,0.216873413550059,0,0,1.14585109869218,0.267702920433939,0,0,1,1,1,1
"65",0.802963264671735,0.246636731891646,7,0,0,0.731523523807981,0.286499717253532,0,0,0.737852233723374,0.241833325961129,0,0,0.75800127900144,0.265261263139998,0,0,1,1,1,1
"66",1.01188162335739,0.287159086894543,5,0,0,0.931627356581136,0.210537704181323,0,0,0.919925611517445,0.215099972486668,0,0,1.09125275630041,0.300949967108425,0,0,1,1,1,1
"67",1.01479079482024,0.266355260531986,3,0,0,1.1521921088293,0.258294980741936,0,0,1.13992308502046,0.233565035646228,0,0,1.01375325553872,0.257275437735662,0,0,1,1,1,1
"68",0.572644872180741,0.260226465606755,13,0,0,0.771001450743013,0.206532155435107,0,0,0.774277925285034,0.233302730600468,0,0,1.19266767323482,0.361832723273813,0,0,1,1,1,1
"69",0.378100820169395,0.295285806591846,3,1,1,0.520726928141334,0.228056187268388,0,0,0.445552117404636,0.234416952401089,0,1,0.74767542085029,0.341090832623977,1,1,1,1,1,1
"70",0.697915850658629,0.312304087778287,3,1,0,0.501196548459145,0.241969187116772,0,0,0.487407680410445,0.246920204906516,0,0,0.732706385759106,0.269455806233457,0,1,1,1,1,1
"71",0.221941388853033,0.209915037146791,13,1,1,-0.340788598993657,0.499809146783446,1,1,-0.148029911814056,0.416159688428607,1,1,0.107973746308931,0.253621419526653,1,1,1,1,1,1
"72",0.575537628713818,0.261834815522073,7,0,0,0.555806551997239,0.264831379865629,0,0,0.544783365301529,0.229379617383332,0,0,0.564193435164024,0.254594068312484,0,0,1,1,1,1
"73",0.529507179716375,0.259570200542493,19,0,0,0.466495009052426,0.248253242976597,0,1,0.514560643355821,0.238965535088903,0,0,0.264874543324137,0.340529627500743,1,1,1,1,1,1
"74",0.127904760094395,0.239395416082011,17,1,1,0.330621264952707,0.237534171225358,1,1,0.283185540077775,0.233707845680654,1,1,0.575529426982055,0.314851056031752,1,1,1,1,1,1
"75",0.447784777409627,0.279953995495878,11,1,1,0.483881102765293,0.210339291209198,0,0,0.452360736175611,0.254195793104954,1,1,0.63999621334403,0.304384108147896,1,1,1,1,1,1
"76",0.719361639888653,0.250630923536154,15,0,0,0.793146498005304,0.19764038733087,0,0,0.733618921277186,0.246128647621767,0,0,0.768113663872695,0.29657423901749,0,0,1,1,1,1
"77",0.492194686243727,0.292334290772786,3,1,1,0.516677486925082,0.194499160295396,0,0,0.495737022620887,0.226559889441562,0,0,0.665528808891231,0.295698025885881,0,1,1,1,1,1
"78",1.00687236447173,0.245550713580352,7,0,0,0.984436812927212,0.183892056244232,0,0,0.99940505855244,0.217436458996993,0,0,1.25516439697841,0.234899144511781,0,0,1,1,1,1
"79",0.677052786520104,0.239983358137014,15,0,0,0.721054280214675,0.222880668865874,0,0,0.672668143217713,0.240932090320138,0,0,0.754684531784226,0.271679010092103,0,0,1,1,1,1
"80",0.496500273460593,0.240594074445809,19,0,0,0.631601057208364,0.235769639980916,0,0,0.606565084344416,0.22213942197317,0,0,0.723978412373999,0.316890950348219,1,1,1,1,1,1
"81",0.911841861972686,0.266709098848604,11,0,0,0.753580258020355,0.209374935002372,0,0,0.786281703230465,0.218347352151864,0,0,0.752256024550678,0.248383523692699,0,0,1,1,1,1
"82",0.438944305830071,0.243507558892033,15,1,1,0.46350255185673,0.275737594697413,1,1,0.44459325453682,0.269160708319464,1,1,0.0671653218625002,0.348850007138425,1,1,1,1,1,1
"83",0.024653010172989,0.317738176358002,1,1,1,0.416331303985212,0.206792528798017,1,0,0.340583977792372,0.199003830831348,0,1,0.0675090553524989,0.276428727492178,1,1,1,1,1,1
"84",0.810390594346455,0.233497059326987,13,0,0,0.729708612674322,0.233588405281487,0,0,0.708399055094827,0.222692920028483,0,0,0.375894553198403,0.311037844637002,0,0,1,1,1,1
"85",0.704737149328177,0.276919055242471,19,0,0,0.706188805522253,0.2931564582767,0,0,0.685779949307299,0.278480868941278,0,0,0.761096734190889,0.401403636916101,1,1,1,1,1,1
"86",1.18655779118456,0.247745712809555,3,0,0,1.14766748529966,0.208613228650927,0,0,1.11644009043323,0.221589937172782,0,0,1.13736120267679,0.254710900257954,0,0,1,1,1,1
"87",0.928208006030596,0.278311354990968,19,0,0,0.96446470135658,0.235930506375195,0,0,1.00659174833521,0.273574319887444,0,0,0.984642068043746,0.428522353776269,0,0,1,1,1,1
"88",0.956560826002618,0.319221612324634,5,0,0,0.959837307624407,0.291039272959499,0,0,0.937762004403535,0.281504537118839,0,0,1.13796098657301,0.322278081024005,0,0,1,1,1,1
"89",0.888788732830156,0.221456603136685,15,0,0,1.0260852810413,0.223806335577291,0,0,1.02035538287958,0.218410753594435,0,0,1.10883932446404,0.28438421487264,0,0,1,1,1,1
"90",0.543699334480724,0.240035837802648,13,0,0,0.549047987626512,0.238339276855892,0,0,0.609526331940944,0.223092136470289,0,0,0.480685184857158,0.245829879944701,0,0,1,1,1,1
"91",0.644645104730364,0.269458597658513,15,0,0,0.594866943586973,0.489271338563343,1,1,0.745233740509786,0.305697789653846,0,0,0.993155641217619,0.330393181777187,0,0,1,1,1,1
"92",0.613021937781576,0.278732429251782,9,0,0,0.543963537777264,0.267939787438897,1,0,0.490216850329131,0.269040757122963,0,1,0.555106218475146,0.340069050354912,1,1,1,1,1,1
"93",0.740528491907553,0.264950906147427,19,0,0,0.870519964291082,0.216037035323214,0,0,0.857099136482479,0.238255783574791,0,0,0.591214961390694,0.298285120991358,0,0,1,1,1,1
"94",0.184612031161236,0.242887200097684,15,1,1,0.196165430298901,0.254284759996387,1,1,0.27166665693306,0.236230003974598,1,1,0.174762843544914,0.274968787715685,1,1,1,1,1,1
"95",1.07939809583992,0.321693544174914,15,0,0,1.32691819384703,0.235381556617945,0,0,1.33183982739434,0.282473345744178,0,0,1.26264698471172,0.290343655764036,0,0,1,1,1,1
"96",0.533505811289603,0.254610486904881,7,0,0,0.617250826208836,0.20009636031984,0,0,0.631740711603057,0.197567503854822,0,0,0.617821164485884,0.282399788398031,1,0,1,1,1,1
"97",0.448871648768309,0.292187380740438,13,1,1,0.553016039196951,0.234486507508451,0,0,0.51545165608043,0.254117260597169,0,0,0.889164698611557,0.295725105463062,1,1,1,1,1,1
"98",0.798604740114301,0.216627958825575,9,0,0,0.798500369228095,0.211977799224131,0,0,0.80271170147681,0.250864135619646,0,0,0.838914160569403,0.247038050199052,0,0,1,1,1,1
"99",0.64421999817103,0.227126465499248,15,0,0,0.567971816528372,0.179267228516349,0,0,0.611191414140605,0.197215093091634,0,0,0.386353570913369,0.240619725169894,0,0,1,1,1,1
"100",0.866805860099452,0.275861351618013,3,0,0,0.895867762027538,0.264834774373243,0,0,0.885709917114064,0.257272911179443,0,0,0.962934456922169,0.286044516205494,0,0,1,1,1,1
