"","V1","V2","V3","V4","V5","V6","V7","V8","V9","V10","V11","V12","V13","V14","V15","V16","V17","V18","V19","V20","V21"
"1",-0.484072368371169,0.474606568930188,3,1,1,-0.5245644115944,0.58583405312972,1,1,-0.407875324991374,0.523563160716688,1,1,-1.25421612348913,0.617872383387667,1,1,0.0415206611899589,0.632283105147639,1,1
"2",0.176792092730579,0.359213302937965,7,1,1,-0.133947948762089,0.738394421186796,1,1,-0.170699481831784,0.764147618377006,1,1,-0.0734538538619492,0.489074029200029,1,1,0.781830441854322,0.505419153474779,1,1
"3",0.376480236092118,0.254365786886084,11,1,1,0.335266193065554,0.24108218302539,1,1,0.433988024867086,0.269887205803885,1,1,-0.109000471178874,0.484350568505527,1,1,1.00369140582378,0.47281636940024,1,0
"4",0.190147472551107,0.530842476282479,9,1,1,-0.158011475291086,1.20086811701838,1,1,0.116679033553953,1.21788384209247,1,1,-0.224870310816256,0.841066170855609,1,1,0.304089745280421,0.888260063703403,1,1
"5",0.239260006954297,0.285547891701662,13,1,1,0.484091195018761,0.20984389082773,0,0,0.336073978462938,0.235908559241259,1,1,0.0218719094709781,0.435143207549856,1,1,0.48076218371644,0.506517605657924,1,1
"6",0.819311119982434,0.427694038376348,19,1,1,-0.961080846389016,0.914769881802282,1,1,-0.996620039715286,1.09965940076222,1,1,-0.336332251915407,0.636953765899468,1,1,0.484117995519745,0.532471203092734,1,1
"7",0.0604679544480106,0.289979489208466,19,1,1,0.763949195846957,1.14263520108451,1,1,0.710557192776037,1.08764954726346,1,1,0.080325922562828,0.415312902857537,1,1,0.541740101704241,0.455232436554319,1,1
"8",1.01641628383109,0.312948013896067,7,0,0,0.602223107759206,0.238654255425909,0,0,0.699931059754639,0.242212560271972,0,0,0.487533133544191,0.497616404782596,1,1,0.603207936024169,0.479337339597053,0,1
"9",0.558530128503015,0.322237530144314,19,1,1,-0.287632949510112,0.697737645885003,1,1,-0.151095431151729,0.654513771214071,1,1,0.463888173809551,0.730683432003945,1,1,0.860388337980417,0.636291996975869,1,1
"10",-0.502624788167233,0.506068195019194,11,1,1,-0.446888565883709,0.450522936556682,1,1,-0.396837882419462,0.427298853789903,1,1,-0.6445909408983,0.5574217646973,1,1,0.393629210623958,0.630498699237724,1,1
"11",0.783926204243248,0.400663442053382,17,0,1,0.480063932592636,0.319491590703817,1,1,0.555992618392655,0.315970758145086,1,1,-0.140071535295853,0.637310613207145,1,1,0.698514604135207,0.628700506838724,1,1
"12",0.307683538139135,0.441529218612368,13,1,1,0.575315656286578,0.600419915833781,1,1,0.53936094120712,0.614068583669632,1,1,0.357412514252364,0.72333558122954,1,1,0.844700301728733,0.779114836277396,1,1
"13",0.322939226494153,0.390107062666153,17,1,1,0.578132453374085,0.223370707243121,0,0,0.572827379561581,0.266386431165555,0,0,0.999708527897347,0.61195000552855,1,1,0.642413116288798,0.670724885247637,1,1
"14",0.472527387720209,0.48503871763111,5,1,1,0.386012535151925,0.36027686319051,1,1,0.506571927683092,0.359915226874235,1,1,0.404562722568483,0.609398325577303,1,1,0.93597182172728,0.575023525759374,1,1
"15",0.308608980658061,0.342312700027499,19,1,1,0.272735142820192,0.396539432347153,1,1,0.280382685701125,0.370686888514857,1,1,-0.832012371488122,0.77891336430651,1,1,0.817841009975432,0.740286963845118,1,1
"16",-0.773136075260429,0.38109132938619,7,0,0,-0.570343041220265,0.318226458497133,1,1,-0.631224760576011,0.355739396912949,1,1,-1.13856024310561,0.352758775525495,0,1,0.205473403167896,0.436177346100038,1,1
"17",0.60182322236375,0.369572392678001,19,1,1,0.138279815341269,0.460140186663412,1,1,0.0907017255984419,0.519220669133893,1,1,0.380012112215961,0.539279642006646,1,1,0.60671262335184,0.519789353429443,1,1
"18",-0.877913935489625,0.404522274074852,11,1,0,-0.240385904146818,0.314980175297095,1,1,-0.36599482426921,0.304535842598814,1,1,-0.0341896976379791,0.720009371669512,1,1,0.296136334813803,0.634563584836885,1,1
"19",0.0748720185050598,0.451704639059191,7,1,1,-0.0921186269459952,0.486745481787191,1,1,-0.0743264267494237,0.435643631512492,1,1,-1.47366435096958,1.11094090805286,1,1,0.194073018195401,1.09018196619092,1,1
"20",0.59411237888667,0.399838145441704,15,1,1,1.20849774690013,0.852129621215135,1,1,0.706637041278754,0.647491718699459,1,1,0.768414815437555,0.604855725734193,1,1,0.877995560104982,0.679494995505375,1,1
"21",0.0548548473091814,0.337464710187036,15,1,1,0.634745426210952,0.925771273165597,1,1,0.771670753252919,0.868708678462964,1,1,0.326905871544151,0.43991393008263,1,1,0.42439877684419,0.433963557848795,1,1
"22",0.142147348407146,0.413402077860273,11,1,1,0.781502614121856,1.0019235809405,1,1,0.693897881295437,1.04975822179526,1,1,0.761510928045957,0.632411255697424,1,1,0.560612718833067,0.618719247163211,1,1
"23",0.337941256577644,0.313319322034546,11,1,1,-0.308831519869218,0.894826656173025,1,1,-0.0359364137108206,0.713088608718268,1,1,-0.310391959376515,0.568147887413668,1,1,0.478081028280414,0.570838269069205,1,1
"24",0.284489246584267,0.363245000170083,13,1,1,0.202579459368994,0.263827253883234,1,1,0.300717607302197,0.277575721248349,1,1,-0.182686948827702,0.478808684495181,1,1,0.843050710674322,0.487819300575066,1,1
"25",0.577779002651537,0.429163791400803,9,1,1,0.465886623373115,0.318260986840894,1,1,0.434843731729578,0.346397582988779,1,1,0.116424377896478,0.615745616492143,1,1,0.311673151723647,0.661712205360136,1,1
"26",-0.155213110066773,0.35084453348289,15,1,1,0.187061910869262,0.267908517726071,1,1,0.206058035648448,0.307899054608725,1,1,0.301244618653046,0.377096401610445,1,1,0.576664081780992,0.416469179868386,1,1
"27",-0.733826103493108,0.340122315834388,1,1,0,-0.163212005279919,0.264387482099953,1,1,-0.255349069454089,0.29758973322404,1,1,-0.606829153990941,0.350417478328465,1,1,-0.733826103493108,0.343873438780501,1,0
"28",0.608317853308692,0.460414999880159,11,1,1,0.163676900096277,0.43209664741041,1,1,0.184434810753625,0.440696668105746,1,1,0.0686540840169227,0.637977418704574,1,1,0.536968030818824,0.635143589248767,1,1
"29",-0.00307624441754119,0.40964344144527,9,1,1,-1.04540180414736,1.25787271694565,1,1,-1.13264382829868,1.20003775178926,1,1,-0.308019448443851,0.499325470882028,1,0,0.696046724589145,0.524642241190779,1,1
"30",0.17933463236597,0.346840744504794,19,1,1,0.3263408996043,0.316680405217917,1,1,0.277515788743117,0.379608469564261,1,1,-0.234232375491668,0.426849193208124,1,1,0.630464250588864,0.458969427933605,1,1
"31",0.500199813179577,0.441842691690347,11,1,1,0.865464509426627,0.355249229667522,0,0,0.861690865514548,0.376950732156211,0,0,1.39180554501389,0.585669848453588,1,1,0.855933491523004,0.560962681988656,1,1
"32",0.487859673119392,0.423615234680948,13,1,1,0.287615002080167,0.509122311258797,1,1,0.260305465828467,0.470728959933943,1,1,0.618734045346964,1.05220892996546,1,1,0.777201071489914,0.931240444335808,1,1
"33",-0.173866284920832,0.342735154101067,17,1,1,-0.0419045197999771,0.333910104993773,1,1,-0.192386003109052,0.365053304174352,1,1,-0.138604145273997,0.358620840665914,1,1,0.519894756963454,0.405700021422781,1,1
"34",-0.136253962787101,0.328799781546032,13,1,1,0.110987803023585,0.229477543761209,1,1,0.089127307172892,0.243794257434871,1,1,0.288176118027582,0.416097815229625,1,1,0.573481891981722,0.386936085636955,1,1
"35",0.565966224607872,0.34175351206397,17,1,1,1.06566367870888,0.541016469514469,0,0,1.17853805788183,0.640063838722924,0,1,1.01230938687492,0.337193845802132,0,0,0.700913809861661,0.412468102016955,0,1
"36",-0.0967467884041549,0.453978288702673,15,1,1,-0.245176145286782,0.417103180851405,1,1,-0.237634946525415,0.422796232018427,1,1,-0.106071254315392,0.606534041767408,1,1,0.5677611753847,0.572320314379716,1,1
"37",-0.0930789743613018,0.338749019439855,19,1,1,0.122710312954463,0.367923362791019,1,1,0.120540512502481,0.35927818340708,1,1,0.510317590119281,0.726352130826545,1,1,0.56985795149743,0.665976325402934,1,1
"38",0.955972342421983,0.43704677461195,9,1,0,0.57669201345617,0.264630541229472,0,0,0.522419834086749,0.279311983539577,1,1,0.471893745271464,0.439624265168819,1,1,0.570277377767208,0.464410505591232,1,1
"39",0.596991859426427,0.547974215334928,13,1,1,0.674189671110422,0.523476216072349,1,1,0.654126456238793,0.539433684037616,1,1,1.67251956908314,1.08679401600529,1,1,0.907805648799908,1.15976098571631,1,1
"40",-0.0994700082931896,0.406531146825396,17,1,1,1.04007297483326,1.61500921673869,1,1,0.907308922976567,1.63774162627837,1,1,0.112621373334696,0.439387779971449,1,0,0.57330765521553,0.443583871701286,1,1
"41",0.732754028494385,0.271735680197362,17,0,0,1.85857924976117,1.38166753907271,0,1,1.9127193836327,1.48063708661453,0,1,0.954733802828488,0.470119808555172,1,0,0.611448991290764,0.457504128974404,1,1
"42",-0.199626561160268,0.576282478776863,7,1,1,-5.02038664505977,4.56400344330001,1,1,-4.76972100661499,3.65557283609675,1,1,-0.831940773588466,0.620694170877601,1,0,0.611700597029828,0.673501257337753,1,1
"43",-0.344963859006655,0.447503902805354,13,1,1,0.0372351999456473,0.27096869268607,1,1,-0.0372647320273148,0.313819927518163,1,1,-0.89571520081125,0.690966045168891,1,1,0.506141517026214,0.774637098855819,1,1
"44",0.39771145659234,0.310823552758514,19,1,1,0.836850239457831,0.301052468974928,0,0,0.816882477644645,0.264444357842885,0,0,0.750773954615598,0.377484317219283,1,0,1.10098808776147,0.347350746496875,1,0
"45",-0.109094883488418,0.298030176585166,15,1,1,0.682978725967092,0.768968744840979,1,1,0.659387881468129,0.738287257830889,1,1,0.419447976120454,0.587827169321513,1,1,0.61927876155981,0.57051228910869,1,1
"46",0.693647353846801,0.338694355266695,17,0,0,0.303466206482014,0.306710171274891,1,1,0.280236923724959,0.292702733180927,1,1,-0.00601219075281006,0.303679421348094,1,1,0.541919731198534,0.333707796185817,1,1
"47",0.442149498743167,0.386135786254966,7,1,1,0.325193210101602,0.278694317350758,1,1,0.288125718009211,0.324133816125688,1,1,0.043511753362981,0.548577354002634,1,1,0.638269314651632,0.556381893437989,1,1
"48",0.0953329214093744,0.31238687305585,13,1,1,0.438730056384147,0.203081010198708,0,0,0.441113565808995,0.215498042498868,0,0,0.32395412183204,0.328174513829521,1,1,0.831831170061753,0.3564152963957,1,0
"49",0.837428451029018,0.386206048690477,17,1,0,0.59395601271637,0.92134414254979,1,1,0.420240056055518,0.824764312191108,1,1,1.27150496863453,0.712382066198477,1,1,0.563271274490727,0.647421523475908,1,1
"50",-0.305835281206627,0.450181806273271,17,1,1,-0.244788735897638,0.384725865713754,1,1,-0.297044256027654,0.410250898664329,1,1,-0.172502442475542,0.435311482383536,1,1,0.755647139790265,0.513494404683395,1,1
"51",-0.313108253867285,0.301083503077392,15,1,1,-0.277810622846073,0.272088137684775,1,1,-0.30475743300273,0.285607826602507,1,1,-0.225792490460053,0.337524596565632,1,1,0.259045825833123,0.382178424441729,1,1
"52",0.432684310216925,0.405010686122245,15,1,1,0.458310025186058,0.282155356911015,1,1,0.503527203864992,0.311001884569482,1,1,0.194424046318651,0.592982941152925,1,1,0.890073819283586,0.607695065850606,1,1
"53",0.218669617894116,0.331820544452483,19,1,1,0.0404574886337173,0.788620729144378,1,1,-0.0336832200414044,0.685189462238753,1,1,-1.10630700737895,1.08631099747824,1,1,0.482176032285927,1.00953262611979,1,1
"54",-0.10006771773559,0.396058978325486,11,1,1,0.161346402500377,0.215630943442283,1,1,0.0952394163762127,0.257431899082224,1,1,-0.37014516225298,0.878734655127296,1,1,0.499949897977577,0.956690483822947,1,1
"55",0.0539634944497641,0.335646893378048,17,1,1,0.0496303486897281,0.283836249270218,1,1,0.0809001313660235,0.31136628713749,1,1,0.395555671848145,0.601124723779979,1,1,0.61469623467308,0.621909655610787,1,1
"56",0.139834867115496,0.365429571079928,19,1,1,0.48560159563677,0.391453552190781,1,1,0.561005227830059,0.435481038737355,1,1,-1.08158899416862,0.701592560346149,1,1,0.683397782427766,0.685424217672677,1,1
"57",0.250260351194915,0.360355884423175,19,1,1,-1.6524319582311,2.24030155945614,1,1,-1.56545974696519,2.09750308567014,1,1,0.0905997294769199,0.443494408409421,1,0,0.703557158302738,0.446959128867814,1,1
"58",-0.427272371229405,0.486374461437962,9,1,1,-0.510667900395356,0.432691158393136,1,1,-0.447653274229525,0.458322419656165,1,1,-0.39774472062208,0.555290110584733,1,1,0.3916942591681,0.6905413400469,1,1
"59",-1.05702507868426,0.400947562200097,19,0,0,-0.335940513401963,0.346359497696005,1,1,-0.192362801496279,0.531969532389282,1,1,-0.576119148204437,0.473814468646028,1,1,0.205036532277334,0.468097616107732,1,1
"60",-0.150204786883577,0.343560381013132,15,1,1,-0.0534961698492423,0.396901280380716,1,1,0.0319006943576014,0.380560211304453,1,1,-0.485173206522842,0.392694406235331,1,1,0.761930229961562,0.396248079072402,1,1
"61",0.247303544309197,0.295226379732007,11,1,1,-0.409941919607654,0.629256867072874,1,1,-0.290287922948714,0.576692791799102,1,1,-0.362562154502586,0.562313200093536,1,1,0.601012479661471,0.519913772712297,1,1
"62",0.176158965420985,0.335696092501127,15,1,1,0.138231164266826,0.377137636165541,1,1,0.195209450449194,0.349326550493014,1,1,0.276496778587826,0.39551707210223,1,1,0.663722478227631,0.383855911321999,1,1
"63",-0.382310158564033,0.357003804043957,7,1,1,-1.75496560401173,1.27968097356819,1,1,-1.61412381799808,1.11407537794009,1,1,-1.63577202287394,0.730439031905101,1,0,0.330760680925199,0.714657090743702,1,1
"64",-0.234318527321424,0.417283713094214,13,1,1,-0.0857692129663312,0.586658380149215,1,1,-0.0172649582387941,0.515357456211859,1,1,0.946141776781972,1.09564312598427,1,1,0.359744313877734,0.978593349790065,1,1
"65",0.0609333785997916,0.413433708829022,11,1,1,0.298786306231304,0.347384045568646,1,1,0.226683642961674,0.40802438179967,1,1,0.507972280960226,0.618747951641461,1,1,0.87703423435091,0.600818188905347,1,1
"66",0.0670591384153991,0.352541977390422,9,1,1,0.0605349815910596,0.446711279482595,1,1,0.0129880399945764,0.447312314862691,1,1,0.301566591943816,0.544075833043844,1,1,0.348575613806402,0.497909244659217,1,1
"67",-0.100229356813951,0.337455428390794,19,1,1,-2.89438396371757,2.41081635069613,1,1,-2.70916959844605,2.39882520626212,1,1,-0.840286742060763,0.495218146202732,1,0,0.297408654791198,0.497126389265776,1,1
"68",0.299081398320137,0.352463789560368,17,1,1,0.221204847833779,0.335673434430225,1,1,0.30967134936181,0.331635350764161,1,1,0.398889719308064,0.512991248480889,1,1,0.784175244304129,0.558563774814807,1,1
"69",0.302340203676365,0.329021651464985,7,1,1,0.587468827025929,0.234168543042425,0,0,0.507656456401131,0.265872188987042,1,1,0.18268635422923,0.364185931409901,1,1,0.45036877994297,0.407839869222175,1,1
"70",-0.748187157040634,0.544415556537599,5,1,1,-0.13869072691247,0.44257548928771,1,1,-0.202622640061932,0.455083323411884,1,1,-1.10341441973705,0.943426452951578,1,1,0.225900425898598,0.968640648298502,1,1
"71",-0.143397432081739,0.357390650065309,13,1,1,0.387077765799037,0.361492546504727,1,1,0.379801016809245,0.421747013940051,1,1,0.783132983715922,0.554908094788505,1,1,0.480599947441666,0.613477060374599,1,1
"72",-0.206892341061485,0.33316368118789,13,1,1,-0.501514781387182,0.433014667669149,1,1,-0.503416228686851,0.443037734201395,1,1,-0.112908757929489,0.368622996256471,1,1,0.265334831524895,0.358095786660722,1,1
"73",-0.0375950871397265,0.424199995789143,11,1,1,-0.362175094540232,0.681821850455207,1,1,-0.410260639159901,0.620631602627007,1,1,-0.474127266200023,0.543048143370612,1,1,0.634649844849,0.630551847295046,1,1
"74",-0.113670508951375,0.441295275686828,15,1,1,-0.728660652611027,1.31341885023032,1,1,-0.64558939676761,1.1982797693871,1,1,-0.770071941612559,0.740449983100275,1,1,0.44652753667639,0.70174108643865,1,1
"75",0.315490183538963,0.391406920228435,17,1,1,0.581555489536696,0.345156062481355,1,1,0.691224630074116,0.373271412656178,0,1,0.724897736010272,0.606679891371485,1,1,0.86758585516519,0.63069990241966,1,1
"76",-0.0477945233960246,0.311657327536708,19,1,1,-0.260246304898778,0.395617700118827,1,1,0.00863335722980391,0.422085114349508,1,1,-0.128007847492703,0.336672170023086,1,1,0.659190642741903,0.362442607423534,1,1
"77",-0.18031406166209,0.440187958055701,15,1,1,0.00201102515899489,0.26253257162567,1,1,-0.0888020802401392,0.312079112227213,1,1,-0.339822339964351,0.69993728076777,1,1,0.437564929256921,0.77014587752018,1,1
"78",1.12751153654815,0.380739085563019,15,0,0,0.470917725236633,0.390183463658528,1,1,0.475399384770806,0.401444131653794,1,1,-1.14061321379076,1.01923618695209,1,1,0.522454318363211,0.907027610513905,1,1
"79",0.0620201901637915,0.421871347505608,13,1,1,-1.95466220821151,3.0269096310608,1,1,-1.51910698259624,2.1461594019118,1,1,-0.409252195177477,0.538872425697813,1,0,0.658776326052955,0.52120547131901,1,1
"80",-0.0555998185078745,0.392572862431091,19,1,1,0.0616895672845207,0.401412705899475,1,1,0.114808801112956,0.406910972000345,1,1,0.288618308377501,0.507271406369512,1,1,0.501029983711614,0.459068685754738,1,1
"81",0.647017859527642,0.359207549150581,15,1,1,0.606568174833401,0.202840048732862,0,0,0.689386732696311,0.221698861514988,0,0,0.940763402997979,0.330438807762689,0,0,0.907933230222906,0.377015237103739,1,0
"82",0.538557117192653,0.336717291588619,19,1,1,0.0815408600102814,0.788285358622656,1,1,0.201177809453676,0.716437988744434,1,1,0.0680279810041726,0.572889210251088,1,1,0.84633663076463,0.568418884345113,1,1
"83",0.3962370798584,0.344968126424288,15,1,1,-0.105557404364604,0.592800699520095,1,1,-0.275129250518126,0.678055736102667,1,1,0.213650275812603,0.454712381275009,1,1,0.925307084330162,0.468716296019772,1,0
"84",0.426574829524712,0.353118914131327,17,1,1,0.296786119886533,0.263990282389804,1,1,0.37859197867217,0.283513555393008,1,1,-0.058765209329799,0.396522654850106,1,1,0.714593453792402,0.44714428036261,1,1
"85",0.0571660301455463,0.378876155641463,19,1,1,-0.0452508035048034,0.319746363660613,1,1,-0.0534632862383675,0.347101431172198,1,1,0.686943082309751,0.608395473022423,1,1,0.551251274961264,0.627167629472415,1,1
"86",0.153339776936618,0.390225380759242,11,1,1,0.345007953054562,0.325001541386983,1,1,0.37297450727407,0.360874935059589,1,1,0.637014669402161,0.593061297591676,1,1,0.907348004092565,0.603748836816377,1,1
"87",-0.00886828015662895,0.375706776156962,13,1,1,0.282793573729762,0.230567433342781,1,1,0.226816763432626,0.267151891978791,1,1,-0.16549956260476,0.408815819058277,1,1,0.819906586791214,0.472143016959446,1,1
"88",0.376695174506971,0.3599335743047,17,1,1,0.480931128919033,0.258354922591511,1,1,0.419033006158725,0.303404488784253,1,1,1.65889178617876,0.881223770013771,1,1,0.825106233222944,0.92087673982543,1,1
"89",0.573834017310131,0.390155596337839,9,1,1,0.470516047608164,0.628510996785363,1,1,0.597046106052699,0.619648724461988,1,1,0.45508489347276,0.625803212687319,1,1,0.781242531260551,0.652871222392945,1,1
"90",0.114628472908689,0.358254101556012,13,1,1,0.502810075633125,1.17033008172123,1,1,0.238020371316038,0.944838978755876,1,1,-0.406098160579056,0.570554623337322,1,1,0.419326525401944,0.641451700936102,1,1
"91",0.0627399574626759,0.399411955515823,9,1,1,0.114847540084606,0.361957868351838,1,1,0.135014462352156,0.353624732629342,1,1,0.445117698030208,0.688712633264979,1,1,0.69146914121917,0.644358649618461,1,1
"92",0.902203038833488,0.431484290466395,19,0,0,0.948426076824229,0.606600724467667,1,1,0.976376778990406,0.708044115331316,1,1,1.0268270024351,0.664586186638629,1,1,0.954147012807668,0.68113853334895,1,1
"93",0.0109798674248936,0.390835578347254,17,1,1,-0.0541642153118402,0.409183686337969,1,1,-0.122882522822156,0.383989109829069,1,1,0.208389684489787,0.745877739725993,1,1,0.577056088817134,0.687890791922465,1,1
"94",0.180221030046568,0.422985697549318,5,1,1,0.72182513035679,0.666640281542573,1,1,0.935615214213119,1.12541519314162,1,1,0.57886770007883,0.36731978905338,1,0,0.863145518495586,0.385403030684298,1,0
"95",-0.186008364769602,0.397248158986911,17,1,1,-0.30854072524466,0.51819705659289,1,1,-0.401298038714479,0.604144232964442,1,1,-0.661973685919864,0.657852006133872,1,1,0.47633745792297,0.646589626528918,1,1
"96",-0.559014885185648,0.562833888805129,1,1,1,-0.0794814984353306,0.459280420921493,1,1,-0.113505214916428,0.453235109723498,1,1,-0.505321332422886,0.484929762762749,1,1,-0.559014885185648,0.503761493290767,1,1
"97",0.104030798244597,0.481409091744184,11,1,1,0.173993331738236,0.253609200777352,1,1,0.249824294101529,0.303695753782258,1,1,0.242393217139134,0.562613318615548,1,1,0.874937395002555,0.592162633674881,1,1
"98",0.157787987702645,0.353375000546527,15,1,1,-0.0182535330119413,0.422748771043639,1,1,0.154256666779415,0.337956778871046,1,1,-0.438942947909552,0.629052668665978,1,1,0.658954158160447,0.635542756860066,1,1
"99",-0.369997072770621,0.332956372657382,17,1,1,-0.759798362139875,1.04775959950985,1,1,-0.769767333085732,0.965248533175697,1,1,0.253729987191482,0.533450687475401,1,1,0.351545452416024,0.579018299937388,1,1
"100",-0.256257691196306,0.49420271522158,3,1,1,-0.13272801377795,0.34422122772689,1,1,-0.154905496960003,0.369740099821124,1,1,-0.210498388738278,0.471543922734691,1,1,0.319996583535225,0.472613968078559,1,1
