"","V1","V2","V3","V4","V5","V6","V7","V8","V9","V10","V11","V12","V13","V14","V15","V16","V17","V18","V19","V20","V21"
"1",-0.25388462202428,0.381215194174325,19,1,1,0.353632423416918,0.28152763251233,1,1,0.32812301830972,0.587043251982774,1,1,-0.387886799857114,1.12591440093443,1,1,-0.0548150946326029,1.05061848286275,1,1
"2",0.202818404644192,0.417296735311238,15,1,1,0.150325995866155,0.821148301493687,1,1,0.0473995498665296,0.648357954308646,1,1,-0.418683337387854,1.0562840219103,1,1,0.330379932353006,1.04989080725873,1,1
"3",1.13405823293153,0.402478913077115,11,0,0,0.982844135480456,0.323258232293612,0,0,0.950904508447421,0.290525905738858,0,0,0.794263835129179,0.642633158020938,0,1,0.635412503353712,0.465957239904765,0,1
"4",-0.262117833197927,0.357068968882506,17,1,1,-0.706792981735281,0.995486334367338,1,1,-0.687451811990746,0.600717437536514,1,1,-1.04728853743701,0.620100843017654,1,1,-0.120896971269472,0.477574365522857,1,1
"5",-0.398010357901846,0.408324482451047,11,1,1,0.154148827193629,0.329683090147694,1,1,-0.0524446187592103,0.372435242661052,1,1,0.575603748099936,0.529768937044167,1,1,0.131477547281746,0.454422842906248,1,1
"6",-1.0415140260264,0.449875027010451,3,1,0,-1.49768523711196,1.0331712858753,0,1,-1.2511600964463,0.706752588181339,0,1,-1.3991893120846,0.405704856791134,0,0,-0.624093662329282,0.484590361289967,0,1
"7",0.134826055019281,0.462074882476448,11,1,1,0.186108514375695,0.387285855812811,1,1,0.254423902282623,0.436553489888494,1,1,0.506105754341194,0.571867713927111,1,1,0.225842942953637,0.627539282079846,1,1
"8",0.0960477159745779,0.448798779327281,9,1,1,0.682626871858001,0.393492932890201,1,1,0.322623568910787,0.642004592694722,1,1,0.610847932030935,0.667145456999874,1,1,-0.612769416871625,0.506334437446148,1,1
"9",-0.288178311586641,0.312746388664251,17,1,1,-0.00515873895834949,0.405042325597284,1,1,-0.28760036496464,0.442277939429152,1,1,-0.0491802807210918,0.606787415294758,1,1,-0.162741861724588,0.626239399478802,1,1
"10",0.500136530120573,0.328293945835476,19,1,1,0.574273220722498,0.253895895210827,0,0,0.408609560957646,0.267840163310058,1,1,0.663141601338619,0.314422071725019,1,1,0.369498804279315,0.319316438112495,1,1
"11",-0.403648022370742,0.422286448102259,3,1,1,-0.730991213385177,0.395978821265082,1,1,-0.831465677792505,0.460349461873593,0,1,-0.454146206527334,0.419153883261633,1,0,-0.375987091952392,0.42118129874828,1,1
"12",0.226759840205161,0.496498434025271,17,1,1,0.514670436633324,0.908838366419505,1,1,0.237648123421714,0.842399512371333,1,1,0.470493447670079,0.752488568344195,1,1,0.236235751027176,0.717981416590285,1,1
"13",0.0361452123746604,0.443758101046025,19,1,1,-1.18939833030384,1.31291345635259,1,1,-1.19582205239232,1.48236465632088,1,1,-0.828379362947431,0.651698441545637,1,1,0.027809514052888,0.624368303621623,1,1
"14",0.198437636058662,0.33445828366262,19,1,1,-0.56418871836321,0.85442343310675,1,1,-0.709592615622207,1.04001402676382,1,1,-0.641765554627712,0.591951196958775,1,1,0.162685917685174,0.722672378215567,1,1
"15",-0.0077286636478969,0.451778478545664,17,1,1,0.0251174718475858,0.65441637729386,1,1,-0.0207948817736911,0.485039314374765,1,1,0.142925804984977,0.760510850399972,1,1,-0.0378484671047886,0.782239497332236,1,1
"16",0.674662433936565,0.384289163892541,17,1,1,1.01063444543624,0.656833517209177,1,1,0.821503825166677,0.678341879455493,1,1,0.681702988081391,0.604058190342994,1,1,0.171802357999855,0.618427855063154,1,1
"17",0.495838117130362,0.411553803107005,13,1,1,0.364123518253904,0.3294315291344,1,1,0.254084669800392,0.497214589129726,1,1,-0.204950266479721,0.614674041263745,1,1,0.443893814480492,0.664456144855742,1,1
"18",-0.0884630648400058,0.362721150391777,15,1,1,-0.133368671741138,1.46289688024092,1,1,-0.0260357082485442,0.962886612530869,1,1,0.382416889568078,0.653849910790687,1,1,-0.0678033968780892,0.623097584161258,1,1
"19",-0.461350939666664,0.396066188032818,1,1,1,0.273481209358922,0.308782439889231,1,1,0.0185009420185258,0.32359998933058,1,1,-0.331554033148387,0.514702088866072,1,1,-0.461350939666664,0.486864744918048,1,1
"20",0.400778302388789,0.380330772571493,17,1,1,0.672377169772733,0.201974713272599,0,0,0.626561719830908,0.301518842974533,0,0,1.80722441136862,0.404764620025918,0,1,0.588965161132841,0.513176545687136,0,1
"21",-0.125422174831575,0.346567045744397,5,1,1,0.424502599780304,0.430035967430392,1,1,0.127371083933637,0.365548249024924,1,1,-0.00183333337915453,0.494588059119828,1,1,-0.123976450607657,0.468455139473891,1,1
"22",-1.02531131363006,0.401975271310734,15,1,0,1.18836602805297,2.18160231733179,1,1,1.53137121853753,2.32641813904979,1,1,0.369171469835684,0.565079181514763,1,0,-0.131365570746536,0.745287734947489,1,1
"23",-0.108556005707383,0.384769485491203,19,1,1,0.447394282246696,0.412808742366684,1,1,0.31811453960546,0.490575732569337,1,1,0.981065128924263,0.639025320568707,1,1,-0.0498730122321346,0.736305853142364,1,1
"24",-0.895586202943412,0.451171609343919,7,1,0,-0.0617666868068214,0.240988318036159,1,1,-0.617349470301165,0.268673718242913,0,0,-1.03170433940387,0.72941321107429,1,1,-0.53384763298844,0.819362935689522,1,1
"25",0.591188015921252,0.26988453777413,11,1,0,0.637472651864671,0.192047294556122,0,0,0.645970480678711,0.303274577201936,0,0,0.91622325119931,0.338896877172639,0,1,0.589208187279236,0.440409126353938,1,1
"26",-0.14019619412054,0.498136079947114,5,1,1,-0.0418081861406799,0.355777673621402,1,1,-0.113750931536238,0.359495184041711,1,1,-0.522860310386228,0.541444411112466,1,1,0.0247391074523624,0.532489278240193,1,1
"27",-0.295831972527574,0.310445402187851,17,1,1,0.257641239358639,0.260232354430563,1,1,-0.104899119855683,0.294471234809702,1,1,0.441038727452846,0.500805978185077,1,1,-0.0816665787667223,0.508091291243194,1,1
"28",-0.358265213733938,0.514122166921874,5,1,1,-0.769382688380763,1.00536545638822,1,1,-0.936046999408855,0.920453311442274,1,1,-0.237687830770266,0.456786661631364,1,0,-0.240051266651106,0.457423249466747,1,1
"29",0.543180410888997,0.411610103654602,17,1,1,-0.867680910306293,1.31053789086459,1,1,-0.599403542309673,1.24061365796032,1,1,-0.784004768679267,0.706809199141833,1,1,0.278040225516747,0.585717053931335,1,1
"30",0.366806989849397,0.405085755061979,15,1,1,-0.26437215525002,0.849872051716979,1,1,0.552995159965961,0.397939544363535,1,1,0.964578108882745,0.76605382443789,1,1,0.427709164514576,0.706536886447498,1,1
"31",0.0339829215305611,0.387466291228292,17,1,1,0.252023282716076,0.294278043661234,1,1,0.141845427893803,0.345212093015507,1,1,0.0643147279836062,0.709842223454298,1,1,0.109234940464446,0.653780970750813,1,1
"32",0.0565286151995207,0.501447419548466,7,1,1,-3.01989297713779,3.23533986213062,1,1,-2.02241903984152,2.46535827604426,1,1,-0.730268035743317,0.537111954690155,1,0,0.132132564415059,0.427233197672139,1,1
"33",-0.426350056403317,0.339867236703093,19,1,1,-0.494491937826315,0.544119387394429,1,1,-0.350571370956304,0.419369684747955,1,1,-0.385480507874593,0.441265922851624,1,1,-0.306942256056578,0.444268167174725,1,1
"34",-0.359546326294515,0.357504125716112,7,1,1,-0.61361854447789,0.746958107516097,1,1,-0.664443680043854,0.808603708855633,1,1,-0.152274119921363,0.40976183873023,1,1,0.0534036332465127,0.454600147374306,1,1
"35",0.963046287254274,0.517787262599432,7,1,1,0.842108401923664,0.249977022986257,0,0,0.620559839091313,0.298769836391382,0,0,0.392659086795507,0.881130821224641,1,1,0.346852158675375,0.945756030498524,1,1
"36",-0.239249250001737,0.419874409315091,11,1,1,-1.34978707665583,1.67025062322858,1,1,-1.56384252604781,2.30272282261365,1,1,-0.901936757751631,0.773084732540651,1,0,-0.17870687997257,0.845191008341395,1,1
"37",-0.073700863564883,0.403169245416891,13,1,1,1.71128176434556,1.71887542185669,1,1,1.60432865944424,1.39938805103951,1,1,0.891772833597421,0.662165316859989,1,0,0.384606910619697,0.703884634476439,1,1
"38",0.671706288499088,0.386301940831412,19,1,1,0.262332843625451,0.312546878866271,1,1,0.165190098269291,0.342581050373378,1,1,0.0519337005566634,0.493346499087041,1,1,0.255680606436203,0.520179800148591,1,1
"39",0.0183822585923439,0.441333651873904,19,1,1,-0.0877644338657464,0.674841143167758,1,1,-0.0855715837673369,0.526271261110182,1,1,0.433181305871331,0.621202545136027,1,1,-0.0297172756661586,0.650673799269215,1,1
"40",-0.0382748057191246,0.391662609230112,7,1,1,0.366237511342699,0.324725877931476,1,1,0.19577839066662,0.346543681579526,1,1,1.08491049965428,0.685553393661901,1,1,0.283696656453482,0.732351417050505,1,1
"41",-0.665807189196041,0.39577456923958,9,1,1,-0.372594433822969,0.393230224542083,1,1,-0.353247255572793,0.510291988044635,1,1,0.419016608102122,0.611825704750742,1,1,-0.320650742350722,0.628002098883189,1,1
"42",-0.483778495541014,0.375913773631451,1,1,1,-0.418358770463425,0.765785800934422,1,1,0.00994920682363046,0.322774523495262,1,1,-0.290953575004768,0.31054712567021,1,1,-0.483778495541014,0.453038777759702,1,1
"43",-0.252050977814488,0.294817019985052,15,1,1,-0.292851938454039,0.54148191612004,1,1,-0.457345472518938,0.467909136268302,1,1,-0.103569101396118,0.39841402368564,1,1,-0.152560820862906,0.372810824631173,1,1
"44",-0.0105062493684147,0.456269437021227,15,1,1,1.49077390124444,1.59970444187549,1,1,1.63662903915379,1.80209655242225,1,1,0.430207062412756,0.509441783440713,1,0,0.189044377043551,0.572272037167031,1,1
"45",-0.152835009485022,0.319157338238381,13,1,1,0.300020832033412,0.253918754245098,1,1,-0.0891442305698383,0.335270316170213,1,1,-0.858743010991036,0.939585914960721,1,1,-0.30334935705438,0.833565364197155,1,1
"46",-0.550668386138318,0.401454133118273,15,1,1,-0.0151934638710495,0.231358574780638,1,1,-0.506416807232623,0.309190094054466,1,1,-0.938661857880897,0.879241407195643,1,1,-0.469039536894711,0.727692400319938,1,1
"47",0.16018002476753,0.460463254142396,17,1,1,-0.906523811232425,0.649816758083108,1,1,-0.841204756390943,0.713213456401117,1,1,-0.60711778952058,0.31172311466664,1,0,-0.208998715564665,0.454216606112059,1,1
"48",0.0545950262676142,0.422834978869465,9,1,1,0.610403021211046,0.366795779444529,0,1,0.304718071204096,0.369488767696159,1,1,0.654018925583996,0.550312477258748,1,1,0.0382929582559612,0.575258919802181,1,1
"49",0.0378026732328908,0.428149928749159,17,1,1,0.0684325115186681,0.287311328934007,1,1,-0.101500325724132,0.342731637198975,1,1,0.129035227676753,0.674513342068924,1,1,-0.163350555712458,0.590922940359582,1,1
"50",0.100072548467985,0.270751265228959,17,1,1,0.534802709476173,0.231591873063094,0,0,0.307935815684851,0.278800146334991,1,1,0.600720117250824,0.291597207127868,0,1,0.339922517761961,0.395614062922111,1,1
"51",0.123234839229997,0.356763095326607,13,1,1,0.148927877089613,0.377480146682581,1,1,0.14906885954821,0.357911164558636,1,1,0.39079044227992,0.414659187780317,1,1,0.114886318009979,0.480727108828658,1,1
"52",-0.143765060683824,0.316941691936187,1,1,1,0.143447934120075,0.254182158890847,1,1,-0.035894528027896,0.214633815071098,1,1,-0.0888451613276516,0.318801271682959,1,1,-0.143765060683824,0.343685227037096,1,1
"53",0.521988907169091,0.340990891949044,19,1,1,0.0034654242279449,0.451139409960036,1,1,-0.13375261624619,0.401370132295379,1,1,-0.0494137486989791,0.365368988073261,1,1,-0.0154875892689651,0.378829034538342,1,1
"54",-0.34990792881535,0.419586656039387,13,1,1,-0.00604863095285455,0.264349976805993,1,1,-0.0817157076709394,0.366964185254336,1,1,-0.12839373997624,0.314694303213838,1,1,0.405119751643108,0.320411552214498,1,1
"55",-0.253598365092983,0.366973506998403,19,1,1,-0.0760094296701669,0.342345123841403,1,1,-0.415642105710033,0.381914047363958,1,1,-1.49162589847556,1.16234645694809,1,1,-0.206452809418588,1.0200702864663,1,1
"56",0.910124730389873,0.404452541248897,11,1,0,0.604955149159494,0.678344536919896,1,1,0.846547618199458,0.904430098273497,1,1,0.136364704420153,0.562979105979499,1,1,0.0369543889764612,0.51383628436405,1,1
"57",-0.495738445561148,0.359873652458766,19,1,1,-0.315440502591444,0.344789561633628,1,1,-0.696418995386401,0.350881550256813,0,0,-0.920758064688861,0.474710587322841,1,1,-0.537918793921901,0.598105389950148,1,1
"58",0.397501299461228,0.44058084876799,9,1,1,0.649372511374417,0.255299854879738,0,0,0.353860533523671,0.297748507135747,1,1,0.819154094818619,0.569321540816227,1,1,0.179479633528754,0.562116938084036,1,1
"59",0.0769643559019423,0.346994805748724,19,1,1,-0.0310364061230454,0.326570481992309,1,1,-0.0694077890414831,0.355081909605348,1,1,-0.612217803412529,0.489308599965623,1,1,0.0836861336123913,0.500157171785033,1,1
"60",0.0855984678549822,0.386913490929161,17,1,1,-1.02563258317444,1.37661072793257,1,1,-1.32105341283591,1.35002429556346,1,1,-0.687536245905113,0.653447087435508,1,0,0.191546906415957,0.768013723189377,1,1
"61",-0.274732666567322,0.532660692311516,5,1,1,-0.339315138920072,0.568398912893632,1,1,-0.565550716617797,0.445317185480181,1,1,-0.285498679518001,0.752508735456203,1,1,-0.115844970462215,0.543986138869981,1,1
"62",0.480695769349175,0.521334725589771,7,1,1,0.800575886102473,0.289032898512449,0,0,0.675975479627447,0.409791482300638,1,1,0.691322419667656,0.649634215755168,1,1,0.546776755123686,0.725570746980679,1,1
"63",-0.520681958391794,0.47477202979872,15,1,1,0.188286682169152,0.275242119308462,1,1,-0.0840769508246084,0.33294981024734,1,1,-0.369722099851359,0.732691080520054,1,1,-0.00886263391850349,0.791215110906076,1,1
"64",-0.575723952736165,0.394870164257291,15,1,1,0.204177524559849,0.181050487537614,1,1,-0.359315821526199,0.295907355180954,1,1,-0.22458286124186,0.3933891086204,1,1,-0.298435589111009,0.531307532505838,1,1
"65",-0.393135679925522,0.345123234628575,19,1,1,0.288040961911208,0.428550459400161,1,1,0.108131910161964,0.368209741961667,1,1,0.443988592073064,0.493291085481099,1,1,-0.0247971443890709,0.431579649836897,1,1
"66",-1.35829293854652,0.438891827499311,3,0,0,-0.317551855127983,0.298085152146561,1,1,-0.632862545002682,0.311250525936528,1,0,-0.90795100466624,0.411128276360634,0,1,-0.52179131934608,0.441019714503643,0,1
"67",0.0269030057094953,0.39665914905022,7,1,1,0.137234838756232,0.451399011904917,1,1,-0.0773819044380998,0.339672848791828,1,1,-0.5903242661675,0.827712277508362,1,1,-0.184529678598534,0.665542241691965,1,1
"68",-0.130676955514042,0.36709128265063,5,1,1,0.0761317558620985,0.400642785087299,1,1,-0.0647435666370505,0.350308732706984,1,1,-0.0967229645858849,0.43442070518904,1,1,0.149962340854446,0.437852595207851,1,1
"69",0.953283996638825,0.37966721739154,3,0,0,0.778435745486576,0.274300853612721,0,0,0.805569423603762,0.362533030631344,0,0,1.02903234562038,0.370126588741039,0,0,0.365063038362046,0.399408472225764,0,1
"70",-0.0261472945982024,0.28275095716289,15,1,1,0.0490422039775234,0.808995172847098,1,1,0.51273380255316,1.68232468158067,1,1,-0.502939248826559,0.63207539349211,1,1,-0.114173212105149,0.666607530266029,1,1
"71",0.690784083265665,0.428940068616564,1,1,1,0.641134390364914,0.284121790947216,0,0,0.47046443440472,0.332676819105296,1,1,0.738987881980469,0.477040668462196,1,1,0.690784083265665,0.455057325677481,1,1
"72",-0.257741468582328,0.468941852422257,15,1,1,0.372243680556255,0.368860166206215,1,1,0.175687752573916,0.324800449328766,1,1,0.924009280132107,0.829841911956687,1,1,0.0829129119888356,0.641990080114653,1,1
"73",-0.386179619080262,0.481473733894395,9,1,1,3.24730258280589,4.00397277730101,1,1,4.02833770196722,6.07212027160503,1,1,-0.0716952196665119,0.707140034307747,1,0,-0.36702977577256,0.806565546725567,1,1
"74",-0.835218643377178,0.364851329347122,5,1,0,0.0457894661721561,0.496798225205084,1,1,-0.311775187080751,0.505621157869423,1,1,-0.203548611324099,0.533768637007761,1,1,-0.48066806817526,0.487101971794226,1,1
"75",-0.0712707992494551,0.430439186577508,17,1,1,0.366594682801846,0.301977483853929,1,1,0.0479834449599361,0.34537225217094,1,1,0.0135026589841322,0.613312795349216,1,1,0.0948141180215945,0.570072676910035,1,1
"76",-0.383298875632599,0.410868241082238,9,1,1,-0.43169181859844,0.370475483853653,1,1,-0.733903223495947,0.320301954345003,1,0,-0.391821397676015,0.326097775159469,0,0,-0.424235213017071,0.360886300047076,0,1
"77",-0.8867722517102,0.446775997674558,11,1,0,0.0310095448159916,0.270563886899592,1,1,-0.526379409478517,0.306178079874326,1,1,-0.592983378171231,0.528095645116014,1,1,-0.647488586340509,0.584738616573188,1,1
"78",0.275547537266479,0.567140501832157,7,1,1,0.235447874166286,0.261885698779521,1,1,-0.0806290991736402,0.379219785908581,1,1,0.0483050734074949,0.616343551223242,1,1,-0.276597813394112,0.685031265132398,1,1
"79",0.252593232793459,0.327489414545781,19,1,1,0.804978193464187,0.302580388850212,0,0,0.594905454397586,0.304537085634977,1,1,0.495953694307653,0.673380690776788,1,1,0.197848762815534,0.637279493755977,1,1
"80",-0.0188236077668396,0.441030752536707,15,1,1,0.220302354909052,0.279271616960943,1,1,0.102191835805079,0.313540360826192,1,1,0.116604679810104,0.454883067792493,1,1,0.250924905713131,0.471094685957825,1,1
"81",0.41932714253299,0.412608615042615,13,1,1,0.934802811950156,0.617547665241783,1,1,0.864768411899594,0.664742001900635,1,1,0.410669891465686,0.436594418114244,1,0,0.570487858180255,0.492356828432725,1,1
"82",-0.0950389900224784,0.367289419136572,19,1,1,-0.715635725378752,1.09302260723412,1,1,-0.197373006902335,0.534829760599325,1,1,0.713457036017079,0.743808139018239,1,1,0.0801140993867903,0.763821080336912,1,1
"83",0.343768500195781,0.383443199613055,13,1,1,0.650002331198942,0.424519451851341,1,1,0.309030666320736,0.464004075563471,1,1,1.16621768658195,0.920679590437604,1,1,0.0866528059830866,0.841627715718669,1,1
"84",0.247315124897839,0.344836304400043,19,1,1,0.892813207523485,0.465030064298218,0,1,0.657618882681296,0.492729292476803,1,1,1.82428434969517,0.704264654779059,1,1,0.303010115466534,0.676365710271607,1,1
"85",0.06698897910965,0.35508714797751,17,1,1,0.970622313404868,0.582093507497189,0,1,0.941586404327049,0.677658945080713,1,1,0.96716256961571,0.619800915001974,1,1,0.218780684124739,0.540730191478902,1,1
"86",0.188013198285281,0.40723299707829,11,1,1,0.48763718173043,0.267518460389905,1,1,0.313526317816022,0.402524687120215,1,1,0.355446342796251,0.348948681466744,1,1,-0.049353605977803,0.414413872740464,1,1
"87",-0.347553365987302,0.366482809904174,19,1,1,-0.545357043367034,0.59089613476856,1,1,-0.813168492988605,0.412576583336071,0,0,-0.730010971289278,0.475877312224948,1,1,-0.519892286130054,0.586324250125563,1,1
"88",-0.135494447116478,0.360414963762648,19,1,1,-0.150615117689683,0.602613883529359,1,1,-0.173738190304324,0.563371214329182,1,1,-0.0838960726952804,0.531005337087348,1,1,-0.00730194863915822,0.556822441312336,1,1
"89",0.0502072131822555,0.378229274965268,13,1,1,0.631925334075957,0.491670389446264,1,1,0.498686878984087,0.517604827116999,1,1,0.92123037246317,0.455771413692678,1,1,0.285089165707083,0.556625809379691,1,1
"90",0.0519312948157617,0.287515418239797,11,1,1,0.378681500909351,0.1689737399523,0,0,0.198496227060535,0.242421115502292,1,1,0.89358220226563,0.565889154423001,1,1,0.14331805002433,0.457010824448577,1,1
"91",-0.194973631400404,0.346691834115102,11,1,1,0.167680767625541,0.282278374964717,1,1,-0.244626523609552,0.278845083531756,1,1,-0.197724686607557,0.525690179890468,1,1,-0.309048490441276,0.556814448782974,1,1
"92",0.83129422910547,0.33507355635992,11,1,0,0.724936295214378,0.212923967934009,0,0,0.484341460810004,0.26433827679227,1,1,0.619582341532129,0.384858195696018,0,1,0.1802032935826,0.413088917633738,1,1
"93",-1.85626126925182,0.77760815270772,1,1,0,-0.15625442888238,0.335967604195793,1,1,-0.641258415916427,0.375256916091133,1,1,-1.56500655660185,0.788975249828393,1,1,-1.85626126925182,0.667133024289958,1,0
"94",-0.270348735581393,0.388356009903017,13,1,1,-0.105639088686799,0.304015968875732,1,1,-0.481333973013426,0.262810819040798,1,1,-0.487822789502238,0.460333370178661,1,1,-0.301414922826348,0.459819559576376,1,1
"95",-0.214786394754735,0.399199949365983,11,1,1,-0.00545377977655127,0.336406054402221,1,1,-0.196985260822514,0.31448792256655,1,1,-0.482410677046148,0.556811435835755,1,1,-0.0228023058522332,0.575009198991747,1,1
"96",-0.0645622381427002,0.411035697401444,19,1,1,-0.177095365396986,0.891421074529341,1,1,0.147130186494226,0.762458057216638,1,1,0.296874444639177,0.561568908105785,1,1,0.181894241304748,0.603271348643239,1,1
"97",-0.0716720680812614,0.429609180003036,7,1,1,0.12825550029482,0.44178130991852,1,1,-0.183665886336732,0.436016963039496,1,1,0.360599939865352,0.579110210799626,1,1,0.146875940304317,0.443690674178267,1,1
"98",0.38272618272635,0.400327414511034,7,1,1,0.703035693519084,0.19718285591646,0,0,0.561867332935687,0.270049917525006,0,0,0.982634458782107,0.553912139946788,1,1,0.604885175506431,0.424309905317316,1,1
"99",0.287814655449013,0.283750893013944,13,1,1,0.399511712870931,0.278082117220215,1,1,0.314569844085526,0.279086200570591,1,1,0.341862067349056,0.573013953550392,1,1,0.0140278415858547,0.541775418127859,1,1
"100",-0.419285218040329,0.363498513567449,19,1,1,-0.147884800360651,0.281034138076128,1,1,-0.280971821803235,0.420424031797961,1,1,-1.04895706059754,0.765273463952608,1,1,-0.530958607273535,0.82704824802382,1,1
