"","V1","V2","V3","V4","V5","V6","V7","V8","V9","V10","V11","V12","V13","V14","V15","V16","V17","V18","V19","V20","V21"
"1",-0.0768611802616651,0.339700666438711,11,1,1,0.706989815835514,0.224920398865178,0,0,0.00909042136626387,0.302642747796956,1,1,0.85419593680033,0.30730636637414,0,1,0.0710426509900395,0.371744740152876,1,1
"2",-0.0230745250434179,0.27389492027064,15,1,1,0.687307483163292,0.211030377994874,0,0,-0.00488382648200225,0.244653023697613,1,1,0.608989545047819,0.250875535063798,0,1,-0.00908772728330293,0.295235410169585,1,1
"3",-0.151309570227148,0.338088239157783,15,1,1,0.76447614895417,0.257200446820333,0,0,-0.0211614301521441,0.321570325877147,1,1,0.75073334038721,0.320655820830803,0,1,-0.116255307592575,0.317881428481077,1,1
"4",0.142790692574194,0.288686120573369,19,1,1,0.7963787238644,0.255512959572511,0,0,0.204876893384,0.325541724159276,1,1,0.617268644668523,0.271836325513676,0,1,0.16914401582403,0.290313623156184,1,1
"5",0.168879617408173,0.291638393115594,9,1,1,0.5052090056477,0.219458843574159,0,0,0.0238423632727261,0.24068750825268,1,1,0.470470434599937,0.273178716466343,1,1,0.125975915135602,0.29534277737133,1,1
"6",0.3482952259005,0.333227269443621,7,1,1,0.81199996183244,0.229100460724349,0,0,0.314982808915785,0.29872294502701,1,1,0.477222935543027,0.334820074612459,0,1,0.201896589017202,0.407263251605667,1,1
"7",0.605163709511045,0.322995562913499,7,0,1,1.06822899675424,0.213781014178166,0,0,0.643207891568825,0.239569963090467,0,0,1.16819905082571,0.25044072876061,0,0,0.588791718881367,0.283220565741026,0,0
"8",-0.175811563288582,0.263081936027015,11,1,1,0.622290844845716,0.263389115252196,0,0,-0.225024350486893,0.297412257210503,1,1,0.564866597186972,0.260398295938571,0,1,-0.176388792739785,0.281968369204128,1,1
"9",-0.438380667537112,0.296644341291641,13,0,1,0.407205433320583,0.216527054521284,0,1,-0.506015578551873,0.265685103833277,1,1,0.16274480090256,0.278320239469217,1,1,-0.497343604474931,0.316697566837586,1,1
"10",-0.189726780850448,0.288007817499381,13,1,1,0.481703929688024,0.238421424801994,0,0,-0.0858083343536835,0.282097728165058,1,1,0.545958095423742,0.325416022750388,1,1,-0.0279830401081506,0.352158595119485,1,1
"11",0.157487182993857,0.311225585781057,7,1,1,0.715180360510368,0.248907670846049,0,0,-0.0286857372607155,0.273072108015943,1,1,0.964724055863631,0.284451803250355,0,1,0.0479693605889691,0.347103875726242,1,1
"12",-0.600106536516949,0.287340019904105,17,1,0,0.680803815094734,0.263104582167447,0,0,-0.352010809553707,0.319395236206083,1,1,0.81458156204882,0.360892378741913,1,1,-0.334442483648949,0.369995090450136,1,1
"13",0.387261483362176,0.279714930851498,13,1,1,0.922995285071872,0.164959393080356,0,0,0.398423283564859,0.226166177599172,1,1,0.883656986645726,0.276773209445956,0,1,0.382344297894846,0.271654660808732,1,1
"14",0.597803719611229,0.30605201961778,17,0,1,1.05965547313317,0.232960847891758,0,0,0.663747277010045,0.351303856041226,1,1,1.08134538481087,0.304166092510566,0,0,0.657822295017876,0.370321297963084,1,1
"15",0.136979101341988,0.281706921445671,5,1,1,0.719539462419773,0.194430920206577,0,0,0.176605481117496,0.228037555687268,1,1,0.910294337099138,0.273379128739236,0,1,0.159193218184953,0.301023149541588,1,1
"16",-0.39782659060583,0.325246050247371,15,1,1,0.501666615013899,0.213925136938466,0,0,-0.257673754699144,0.305962994540628,1,1,0.265474039537853,0.326600455871806,1,1,-0.0953713080311188,0.317468609401943,1,1
"17",-0.128939719096735,0.300195752688988,7,1,1,0.474636817512155,0.182536173411859,0,0,-0.183455009626861,0.234421591193149,1,1,0.342257087571405,0.285560469114213,1,1,-0.23467014123989,0.340076514173139,1,1
"18",-0.142936314320646,0.340284770609644,13,1,1,0.512120704308581,0.26660138608696,1,1,-0.0956758483492533,0.343901029511272,1,1,0.627613995626405,0.352760034146195,1,1,-0.236183277883575,0.40971286599761,1,1
"19",-0.265797633631494,0.279544368360239,19,1,1,0.309774060089706,0.256012681925439,1,1,-0.393331649561203,0.338650602031307,1,1,0.257854217912913,0.28466400101102,1,1,-0.16199578232385,0.348867386585769,1,1
"20",-0.34681686345529,0.292239739007382,15,1,1,0.512058617114774,0.236521775109141,0,0,-0.378263144700943,0.279616685014085,1,1,0.300046668980692,0.345662361551541,1,1,-0.403369955845232,0.3528496886578,1,1
"21",0.267337789836557,0.321813292251485,13,1,1,0.849261207005907,0.204371878760379,0,0,0.24913805737386,0.287102454341551,1,1,0.948652714365794,0.290531628663685,0,1,0.369590704017542,0.314389226124692,1,1
"22",0.370108225950746,0.287015061145938,13,1,1,0.831097981187725,0.189093079241964,0,0,0.344252042240668,0.280910043271191,1,1,0.65452501016649,0.2722367005956,0,1,0.242447168634558,0.332486769742566,1,1
"23",-0.0667033379470382,0.333980256360865,19,1,1,0.883547638320864,0.335426529202337,0,0,0.241810261664683,0.382122912405965,1,1,0.865448809061035,0.293671045612166,0,1,-0.00132273921671816,0.390367315163845,1,1
"24",-0.329096770360474,0.276837561801276,5,1,1,0.527147710261972,0.206866218916734,0,0,-0.363716291154815,0.252998830015797,1,1,0.478955480993497,0.258078461200541,0,1,-0.362666236104588,0.302109450856791,1,1
"25",0.309707684039,0.35048215297362,7,1,1,0.62948148985421,0.24835221907439,0,0,-0.0217135779121239,0.297593998045026,1,1,0.604837161583998,0.266679437930271,0,1,-0.00775503159726929,0.381517532199124,1,1
"26",0.204896946309745,0.281670109440943,19,1,1,0.997605171779413,0.218188681021336,0,0,0.170247788832457,0.285021527879537,1,1,0.982420327995558,0.256122674303176,0,1,0.138124697060602,0.341108783141813,1,1
"27",-0.300963346056164,0.26492887450368,5,1,1,0.504936843944032,0.214765458758443,0,0,-0.364627802826486,0.242897974693138,1,1,0.456658997122243,0.261133105027683,0,1,-0.275395233809319,0.291056362463734,1,1
"28",-0.4676409596965,0.318384960242487,19,1,1,0.421624732877256,0.245732128273714,0,1,-0.487599945878245,0.289465723051284,1,1,0.551101872890469,0.233709680925581,1,0,-0.387084971575631,0.327505600261263,1,1
"29",0.294809059639298,0.290132887040174,19,1,1,0.987704064390639,0.291111905161439,0,0,0.528312911314424,0.38443380151472,1,1,1.12350345465286,0.282170536436537,0,1,0.22246829464281,0.313143918461298,1,1
"30",0.157800327587311,0.315437393664397,7,1,1,0.734292939454085,0.187006358938851,0,0,0.176304236534931,0.288887911129645,1,1,0.910023306174858,0.304176252437576,0,1,0.177237103791373,0.289818866385695,1,1
"31",-0.18386138772333,0.381357444235547,19,1,1,0.813525204854486,0.228233332319409,0,0,-0.13234346958443,0.307735445411898,1,1,0.735283310033899,0.260312416865801,0,1,-0.122091083681271,0.342250350204962,1,1
"32",-0.0589832793429502,0.275022242850032,7,1,1,0.641610911893208,0.236082165833642,0,0,-0.0989071516882354,0.250287362331268,1,1,0.486580071086324,0.285228058077411,1,1,-0.0448060497655501,0.320345617086952,1,1
"33",0.034100958902559,0.316547883445139,9,1,1,0.562564522669929,0.226732605543227,0,0,0.0685485308511375,0.287100444521676,1,1,0.393032706085094,0.30124299473733,1,1,0.0899073551083877,0.364336513133386,1,1
"34",-0.456227024356181,0.299982836362423,13,1,1,0.26384793466363,0.241050643381799,1,1,-0.390158751959854,0.275534053582108,1,1,0.289640032891682,0.285476445904511,1,1,-0.452146057189219,0.352122763560356,1,1
"35",-0.203407769649298,0.258994856433643,19,1,1,0.602486250356225,0.20781285949562,0,0,-0.134322018611807,0.275690804612528,1,1,0.681269934846069,0.281522852339471,0,1,-0.287314665452667,0.283570997104266,1,1
"36",-0.15413326304261,0.316468314127354,1,1,1,0.678693915309864,0.193760768205797,0,0,-0.233995046996326,0.273942517302453,1,1,0.77263376123976,0.242878398834582,0,1,-0.15413326304261,0.326044436873291,1,1
"37",0.14699104963123,0.381158765444267,7,1,1,0.606797784698478,0.229400065267586,0,0,0.0246157928147365,0.299623317149721,1,1,0.681799414304937,0.31303635353651,0,1,-0.0138658839608538,0.344364055947401,1,1
"38",-0.0659855399410347,0.324415389594352,19,1,1,0.531372809574826,0.247627414053823,0,0,-0.100368298991996,0.322859143291476,1,1,0.36774903359478,0.424842824380865,1,1,0.00206088380868356,0.431066486029225,1,1
"39",-0.084099917132788,0.262727948858654,17,1,1,0.58406150981435,0.208925506419338,0,0,-0.105689692458067,0.249561082331529,1,1,0.703374159298974,0.238298539611013,0,1,-0.062614099078006,0.280702429424584,1,1
"40",-0.283838708853523,0.323346198691328,19,1,1,0.813687630769971,0.307463585906159,0,0,0.0559191250442548,0.451157645935263,1,1,0.352394725528158,0.362689677762745,1,1,-0.111925084124503,0.37440843201299,1,1
"41",0.377810223382681,0.316483100044638,19,1,1,0.747814638841841,0.178837382128402,0,0,0.239955005181026,0.295886576947186,1,1,0.557976434476161,0.347083778768208,1,1,0.296799243461984,0.40347747727176,1,1
"42",0.839116924082744,0.300412473084577,17,0,0,0.874273380131704,0.235941191381645,0,0,0.745331648349216,0.236455968418087,0,0,0.712462409994478,0.310235452569134,0,0,0.829529106014522,0.302067953339465,0,0
"43",0.338328164763304,0.306946572354629,9,1,1,0.667805587209136,0.233503624047053,0,0,0.271239589232014,0.242876491485164,1,1,0.633543582981157,0.268765612593067,0,1,0.227850895734833,0.293278833993934,1,1
"44",0.114141608076293,0.337137545198366,5,1,1,0.908258466425967,0.272949338825585,0,0,0.141419367883927,0.289366236623639,1,1,1.06852342014182,0.35006073830169,0,1,0.0185360984748061,0.368127196152906,1,1
"45",-0.109336167086708,0.304302807600682,19,1,1,0.478772359127903,0.230702891378905,0,0,-0.0819659129246868,0.27978010085346,1,1,0.776561421904332,0.305016073016152,1,1,-0.102255873969706,0.376222793737351,1,1
"46",0.0106106216248563,0.347444809748832,1,1,1,0.885490849829259,0.281930856728257,0,0,-0.0523535905779401,0.304106031677195,1,1,0.994131617228249,0.287938120927083,0,1,0.0106106216248563,0.322665267227289,1,1
"47",-0.18593376733792,0.262435590808825,17,1,1,0.529109469973067,0.291575500279978,0,1,-0.31596081839969,0.321428119300652,1,1,0.319315359658074,0.293450949412976,0,1,-0.168118955050597,0.346002130512863,1,1
"48",0.292516428633987,0.29104376088033,19,1,1,0.74652202264599,0.216078350796596,0,0,0.373393443972115,0.231057848308642,1,1,0.714604711286367,0.268962755158142,0,1,0.234024933880257,0.304657901908708,1,1
"49",-0.469805071657485,0.352551751031909,13,1,1,0.606100623783462,0.240543867764806,0,0,-0.490735672933816,0.295675167573618,1,1,0.50814185944873,0.280543115484446,0,1,-0.63627641188843,0.320905747171668,1,0
"50",0.00794794374319558,0.330612554510707,3,1,1,0.455596893906378,0.248651193611861,1,1,-0.0880479756563547,0.316279606725028,1,1,0.343829059495346,0.283200900207489,1,1,0.100042672583003,0.333803997563137,1,1
"51",0.532367520131886,0.318057156708067,1,1,1,1.0206386911441,0.212046314144033,0,0,0.473316949495434,0.33501106789884,1,1,1.11477971093218,0.296223167642764,0,1,0.532367520131886,0.311896774099969,1,1
"52",0.466862875841865,0.375069178950619,5,1,1,0.840595574101561,0.264251465839368,0,0,0.454475669783356,0.353635953511904,1,1,0.432609262623608,0.427950442282452,1,1,0.37684693795095,0.474514897484072,1,1
"53",-0.342148121625095,0.321004451394102,7,1,1,0.567334446280459,0.20651108314781,0,0,-0.286529413272384,0.279655348681679,1,1,0.596904466497223,0.250565073731429,0,1,-0.202084495203625,0.308610976970909,1,1
"54",-0.0785267768147329,0.324529012143825,5,1,1,0.508331389068313,0.206420132597092,0,0,-0.0719756674749342,0.286323330317667,1,1,0.427503289793693,0.259358287689603,0,1,0.0247549619018133,0.342394486244716,1,1
"55",0.274519572836691,0.314802151531203,17,1,1,0.855918677863581,0.205161969732584,0,0,0.126396997554637,0.272688407407107,1,1,1.17584731553624,0.320855713014078,0,1,0.235745352715836,0.344123364572021,1,1
"56",-0.00463146382373423,0.243289129866318,15,1,1,0.726205133257267,0.177860703750429,0,0,-0.0494388312267703,0.236947145286741,1,1,0.892399510665244,0.229645692506567,0,1,-0.153305775331766,0.334355713248655,1,1
"57",0.0430997656875633,0.306323489376549,7,1,1,0.600991638344673,0.1836198185821,0,0,0.0482140175603637,0.2531596079564,1,1,0.42016605725673,0.242731363800779,0,1,0.0878325346050925,0.29266557870378,1,1
"58",0.429040506928155,0.323449662127512,9,1,1,0.961904707345059,0.239135204702197,0,0,0.391047277422861,0.312301365873359,1,1,1.42900779830094,0.292545088281919,0,1,0.359684344727088,0.31866043375829,1,1
"59",-0.222459291883798,0.381325236504533,7,1,1,0.507470816372138,0.315365957627024,1,1,-0.275544613904877,0.370250229325683,1,1,0.575442614129742,0.342069116327224,1,1,-0.113477762389522,0.388098189385578,1,1
"60",-0.327431397192271,0.310365972228621,19,1,1,0.0773034463190504,0.297938789496504,1,1,-0.436630786364103,0.269918416248884,1,1,0.301408711184241,0.25234212168175,1,1,-0.257944148258897,0.307847129635453,1,1
"61",-0.0424235564416058,0.241177335895499,19,1,1,0.689080934017199,0.197511218031461,0,0,-0.0671393936364819,0.278671164634294,1,1,0.932545898211097,0.268952249895146,0,1,-0.240564837135081,0.288834117778248,1,1
"62",0.00601795229826039,0.312892197093478,19,1,1,0.622722904871532,0.240709318743067,0,0,-0.0628748120244974,0.278783385442474,1,1,0.370349068031945,0.289410556302351,0,1,0.0100359640956337,0.350382404023949,1,1
"63",0.104304168724826,0.291349968251703,15,1,1,0.279369805052004,0.391045633019602,1,1,-0.404664272069927,0.394908415540107,1,1,0.793794332200984,0.284819683535315,0,1,-0.128480554811811,0.343275252787833,1,1
"64",0.00649752784098546,0.307548867596162,9,1,1,0.701116782981682,0.170770225273899,0,0,0.0322853469390465,0.253683413579231,1,1,0.612343887673745,0.224584441890285,0,1,-0.0478877568978721,0.248900503553101,1,1
"65",0.0134757694804539,0.308798895174956,15,1,1,0.770620539988047,0.243329420650837,0,0,-0.11267761863361,0.285511143806252,1,1,1.05708807015181,0.266762580598652,0,1,0.0504394100869049,0.302303721365841,1,1
"66",0.427341621770759,0.290487842501169,5,1,1,1.06966763946,0.222826377160476,0,0,0.531713760734207,0.319511083933484,1,1,1.1972783262968,0.303607176576296,0,1,0.616249916130987,0.333190064451163,1,1
"67",-0.314141051570297,0.347972789031258,13,1,1,0.641975503195632,0.200053687762939,0,0,-0.423028847152796,0.327513463693492,1,1,0.465706907821508,0.289924747056909,0,1,-0.257798410082463,0.338214744743908,1,1
"68",-0.372125349038592,0.290956289769688,17,1,1,0.522149657436804,0.230977181983837,0,0,-0.241699992618837,0.308668872350783,1,1,0.513184300030464,0.273781714087433,1,1,-0.00111836055517543,0.328189878913289,1,1
"69",-0.35410580013782,0.27749403412215,17,1,1,0.350704185283887,0.221739557577937,1,1,-0.432190795353395,0.26951096363807,1,1,0.334338322103746,0.233985684674724,1,1,-0.339390391260901,0.345855940145216,1,1
"70",0.238215261725287,0.355920594589001,11,1,1,0.881818480748862,0.245317845266817,0,0,0.280182074484197,0.335507450840114,1,1,1.17835594738443,0.27846286349471,0,1,0.313756460136404,0.384378125104485,1,1
"71",-0.379119528011567,0.32152692678038,17,1,1,0.304371147508247,0.219482762654209,1,1,-0.362338322921515,0.27949697877383,1,1,0.183847362135182,0.277701226709827,1,1,-0.346521404185869,0.351118036251009,1,1
"72",-0.0228318594114936,0.282553666698938,9,1,1,0.823969974563442,0.233983330932776,0,0,0.0363988930643138,0.356584971832663,1,1,0.865645109603967,0.279376997826849,0,1,-0.0166844321004798,0.363994568885694,1,1
"73",0.040651031755423,0.30046876536589,15,1,1,0.625294676678156,0.196932133246969,0,0,0.0348368437725273,0.238777003866088,1,1,0.932386168271038,0.283522873107634,0,1,0.12588506543811,0.282412036930395,1,1
"74",-0.194650680566225,0.285305141139071,17,1,1,0.352238871594819,0.203125418556871,1,1,-0.148062973786209,0.24151250815008,1,1,-0.0332722025178943,0.216709587707335,0,1,-0.124146096571025,0.27799957839779,1,1
"75",-0.697096825261457,0.309607888426676,15,0,0,0.466947429786643,0.217572428965862,0,0,-0.527578346194336,0.288455949511907,0,1,0.631672489225828,0.372970114550944,1,1,-0.559248520445274,0.433271753677918,1,1
"76",-0.175950804437957,0.261861148627724,19,1,1,0.4539195099355,0.208428767837264,0,0,-0.195224418878024,0.249165605455416,1,1,0.227913195787541,0.261683002454628,1,1,-0.19988105782666,0.329113426300375,1,1
"77",0.407081931142589,0.311104906334212,9,1,1,1.07037627282743,0.211457098311345,0,0,0.372864319073255,0.300452198436241,1,1,0.96462653104638,0.251858459741449,0,1,0.51364935493408,0.285247586930923,1,1
"78",0.584731799193024,0.301165356731559,5,0,1,0.778955551320572,0.241046940706749,0,0,0.564030548399424,0.315364121436211,0,1,0.881091694536253,0.279782594379838,0,0,0.734275424629757,0.305963888613742,0,0
"79",0.126433700264145,0.330458245446369,17,1,1,0.880304857964709,0.238801558201488,0,0,0.0321693211597859,0.311419610100565,1,1,0.908437095874903,0.309293619571378,0,1,0.0159873246763443,0.300175523572928,1,1
"80",-0.0256656136597556,0.250686597178031,17,1,1,0.54939584446875,0.261870143611084,0,0,0.0650783460228853,0.277384321799641,1,1,0.458093309342066,0.246465408115773,0,1,0.0913024642880697,0.316043832432542,1,1
"81",0.219474273710272,0.330642023851081,5,1,1,1.05302821349138,0.250461665265155,0,0,0.361091118590601,0.325581499815929,1,1,0.838230318411902,0.312434132844565,0,1,0.342450563345665,0.366510255441789,1,1
"82",-0.0303321652819646,0.402681235156343,11,1,1,0.513441400378187,0.229060584903179,0,0,-0.13145756165152,0.350787326083063,1,1,0.202994675986561,0.456350706997869,1,1,-0.0761968623764068,0.452568985516111,1,1
"83",0.164428429648045,0.344966064638084,7,1,1,0.931066947554874,0.243869652448173,0,0,0.177055845222399,0.311164039480788,1,1,0.865813446915911,0.321312740610452,0,1,0.0862604807795873,0.349310604595475,1,1
"84",-0.75753744703669,0.296081390144231,15,0,0,0.202913201984843,0.211517906301261,1,1,-0.678124763021225,0.315789184858104,0,0,-0.446503136065281,0.380390215943256,1,1,-0.667588334546044,0.467738402053314,1,1
"85",0.183844062592294,0.326016530344672,1,1,1,0.83110844445708,0.211239779706079,0,0,0.125685606185349,0.279234977632609,1,1,0.881109127459326,0.262583899513465,0,1,0.183844062592294,0.30538700943821,1,1
"86",-0.0909891330602844,0.295779803192073,15,1,1,0.674321715747196,0.236286319782722,0,0,-0.10027749432979,0.325419247436725,1,1,0.657460394215049,0.341697086793497,1,1,-0.054427719203256,0.336081742977903,1,1
"87",-0.280085910082996,0.302117734516056,5,1,1,0.678059550663579,0.192259046171319,0,0,-0.178947700233542,0.261647168480012,1,1,0.69925892170108,0.24568780200654,0,1,-0.165822193463933,0.296866463060543,1,1
"88",0.239980475046605,0.29105539711952,15,1,1,0.913662999305754,0.215750472411647,0,0,0.310403795954176,0.31760919309799,1,1,0.908740655982125,0.284305218340273,0,1,0.213023281701937,0.310233462846164,1,1
"89",0.282656313113416,0.249194183332976,11,1,1,0.749654942534391,0.191461439589263,0,0,0.310194387182198,0.25688893136896,1,1,0.707318540624622,0.274199661939585,0,1,0.331949260447099,0.303575922015852,1,1
"90",-0.362283114464645,0.360647902333,5,1,1,0.358520256110165,0.225186001149779,1,1,-0.21931850334499,0.289922727399581,1,1,0.209124657430155,0.357871887849636,1,1,-0.22786340695123,0.395543809179907,1,1
"91",-0.196727554576234,0.31139279147685,3,1,1,0.653033852826948,0.191537284022487,0,0,-0.248253890195672,0.288155089201965,1,1,0.615480526657203,0.245522410325796,0,1,-0.315133020348129,0.285874082123444,1,1
"92",-0.234397386781893,0.31568665388384,5,1,1,0.615920253391346,0.188275603277158,0,0,-0.226912769367222,0.271289859405913,1,1,0.76117632713401,0.240486866412644,0,1,-0.243007105416532,0.302193687079186,1,1
"93",0.0242914670709238,0.269894605758349,17,1,1,0.6357285599791,0.185809904911737,0,0,0.0946182234184882,0.2017541073583,1,1,0.487467992964196,0.240871452178269,0,1,0.198053828699752,0.28389835377056,1,1
"94",-0.296758820146153,0.323359198645975,9,1,1,0.283468619722811,0.206500994772322,1,1,-0.305605334078305,0.281673199469147,1,1,0.360796395613539,0.315057889648338,1,1,-0.294616163966184,0.429317451346915,1,1
"95",0.00114119819493956,0.269969003113911,7,1,1,1.01545429628046,0.198375642421767,0,0,-0.0198191444651763,0.257673143892701,1,1,1.4569329908174,0.320899545121675,0,1,-0.049226238540382,0.32807213891156,1,1
"96",-0.314431583370765,0.290367218591881,7,1,1,0.503341716321444,0.173895002374359,0,0,-0.224506255084075,0.232521614945993,1,1,0.389987733215164,0.21270079253206,0,1,-0.142972691478764,0.273494787620463,1,1
"97",-0.343311589717791,0.36079723818982,13,1,1,0.49546657894949,0.254835107695956,1,1,-0.204104879695142,0.3248938179727,1,1,0.430474856959609,0.377425244942425,1,1,-0.293091050681436,0.415216950634855,1,1
"98",-0.296586375544442,0.294029633157486,5,1,1,0.335090599715804,0.233745729410147,1,1,-0.435236364844783,0.256929867253816,1,1,0.368351460179988,0.326102100152046,1,1,-0.516449806187735,0.330914209882624,1,1
"99",-0.190172937737266,0.319363537897479,11,1,1,0.254626319258788,0.345620375015414,1,1,-0.385044166501585,0.329938773543942,1,1,0.39952611860389,0.279209985640815,1,1,-0.293890975081015,0.33060117973001,1,1
"100",-0.194857870513077,0.318704520549054,7,1,1,0.597884500925762,0.216367039653439,0,0,-0.223327075938586,0.275113263461421,1,1,0.511009789336604,0.249939051768911,0,1,-0.224807469156196,0.333653880860965,1,1
