"","V1","V2","V3","V4","V5","V6","V7","V8","V9","V10","V11","V12","V13","V14","V15","V16","V17","V18","V19","V20","V21"
"1",0.831684293495998,0.223123385474679,19,0,0,0.846653837583873,0.234151378433233,0,0,0.853482879428771,0.244746113478041,0,0,0.779324739911926,0.255723159916531,0,0,1,1,1,1
"2",0.370356774760014,0.249850614840452,5,1,1,0.377393149106442,0.227442439287497,1,1,0.402798692762512,0.240936858998474,1,1,0.415994658787671,0.236661484040519,1,1,1,1,1,1
"3",1.13210741958681,0.245231947323012,7,0,0,1.17491782193909,0.246265396823636,0,0,1.16563764986869,0.21925833207804,0,0,1.25309060448391,0.292146538199368,0,0,1,1,1,1
"4",0.831230765702509,0.245672061787971,13,0,0,0.644458655776992,0.250672152134608,0,0,0.692010151085225,0.218051426865135,0,0,0.420182904361129,0.34412865984619,0,0,1,1,1,1
"5",0.764298635259489,0.26783314864624,19,0,0,0.607142869239798,0.245091895172291,0,0,0.639650152533954,0.222548438036094,0,0,0.544304348390837,0.337156613488574,0,1,1,1,1,1
"6",0.672564990201007,0.226346131007117,17,0,0,0.7471990446323,0.283869177326483,0,0,0.798678696738637,0.241123461594229,0,0,0.680515444338554,0.335623121141289,0,0,1,1,1,1
"7",0.796989974984685,0.247585443767511,9,0,0,0.738724272216548,0.228050914505189,0,0,0.71320380165162,0.208165687073443,0,0,0.411115381985972,0.253675973138769,0,0,1,1,1,1
"8",0.493627591537422,0.229050708301871,3,0,0,0.589379431561393,0.22940586603508,0,0,0.642225122229126,0.203391373032454,0,0,0.609559525028765,0.279572645263529,0,0,1,1,1,1
"9",0.777202340279305,0.275476253347171,15,0,0,0.82279105796507,0.259207218411617,0,0,0.828174378410261,0.251426314725785,0,0,1.15809027956174,0.284472059508096,0,0,1,1,1,1
"10",0.486656307836941,0.23315098250524,19,0,0,0.597966333928662,0.216003103802433,0,0,0.594224873911401,0.229789823715933,0,0,0.359013077434065,0.352268660189651,1,1,1,1,1,1
"11",0.504040106072813,0.248736036256271,13,0,0,0.712869265794665,0.278027389399191,0,0,0.703498029733406,0.286094636155494,0,0,0.756271500592329,0.354732859696194,0,0,1,1,1,1
"12",0.582048115291913,0.268529026041536,1,0,0,0.919385799732294,0.308181323598217,0,0,0.968492341709685,0.293033679192208,0,0,0.557574435046554,0.27090985703764,0,0,1,1,1,1
"13",0.801265031008667,0.242463922590761,15,0,0,0.888596348846261,0.231509533003773,0,0,0.876850286792718,0.218914353198662,0,0,0.740277978909433,0.22078857251741,0,0,1,1,1,1
"14",0.878964434912046,0.273894409427763,19,0,0,0.66798687504809,0.286750987759859,0,0,0.650343188710448,0.277349189402612,0,0,0.656543620599483,0.407092467364185,1,1,1,1,1,1
"15",0.768776623794998,0.287335578906082,9,0,0,0.706610829068176,0.283233926318933,0,0,0.653236591451705,0.357089551527725,1,1,0.800240687198001,0.285772477762489,0,0,1,1,1,1
"16",0.845235517908946,0.250944890907982,9,0,0,0.918501931375724,0.212295193465752,0,0,0.917509486243958,0.225260648144212,0,0,0.82317512401193,0.264978263104776,0,0,1,1,1,1
"17",0.822432026700084,0.290971375915323,17,0,0,0.893623048149877,0.272083319592939,0,0,0.907501723483744,0.319654505592303,0,0,1.1066462551587,0.356389164874099,0,0,1,1,1,1
"18",0.785019372818407,0.259171207935796,7,0,0,0.862766972076264,0.216237577421987,0,0,0.834960128405448,0.211960365766393,0,0,1.07021504674395,0.26961209850179,0,0,1,1,1,1
"19",0.627352259207007,0.249160717197213,19,0,0,0.603623563364637,0.204174630803904,0,0,0.595105192966343,0.249886387054494,0,0,0.675065593272509,0.264498723068263,0,0,1,1,1,1
"20",0.824893661053115,0.225465170421819,15,0,0,0.748489876259372,0.194647671085453,0,0,0.775147610657795,0.210285025387724,0,0,0.632324744082629,0.275317933814968,0,0,1,1,1,1
"21",0.805891726486687,0.262164768772984,17,0,0,0.898863142613015,0.225911565861457,0,0,0.854494452021778,0.249133289567784,0,0,1.18828545426995,0.431175407455737,0,0,1,1,1,1
"22",0.406967761782083,0.212261050908725,19,0,1,0.540665269149953,0.190450405432363,0,0,0.504522567621114,0.235831458388935,0,0,0.325326267604178,0.353829176476984,1,1,1,1,1,1
"23",0.410279634067436,0.246009234899724,15,0,1,0.531263447838621,0.204151426696561,0,0,0.49528048734943,0.244124140181695,1,0,0.0956806323759439,0.399915972500389,1,1,1,1,1,1
"24",0.807661828993906,0.22194716339622,9,0,0,0.687144666120503,0.188705465628491,0,0,0.704372998957489,0.189190117772953,0,0,0.80496290474945,0.254006424435347,0,0,1,1,1,1
"25",0.578288239222763,0.295920590875971,9,0,1,0.635529479761448,0.227400321376023,0,0,0.678962331214396,0.24275565665311,0,0,0.576777887278444,0.35981187071245,1,1,1,1,1,1
"26",0.548750987017184,0.265582085649726,1,0,0,0.752859995719597,0.232559080828525,0,0,0.720570948686258,0.223001695520897,0,0,0.625284724104464,0.239693655115348,0,0,1,1,1,1
"27",0.449236192180026,0.240270592103006,3,0,1,0.594792936888011,0.237523267999992,0,0,0.582057102802646,0.234662971209938,0,0,0.389544900163214,0.25881458224918,0,0,1,1,1,1
"28",0.590948142713172,0.285072561139241,7,0,0,0.720045302628853,0.222718123193958,0,0,0.691602199740031,0.202829199694504,0,0,0.423358068958225,0.274657860278732,0,0,1,1,1,1
"29",1.00891964094556,0.233777165406065,5,0,0,1.07272043332729,0.21369985243961,0,0,1.06476241342992,0.219823498001045,0,0,1.00257886774161,0.263171586316941,0,0,1,1,1,1
"30",0.922622559982823,0.271557508389169,11,0,0,0.969147218805233,0.223675062215627,0,0,1.01115062342758,0.208154395669412,0,0,0.765947209399622,0.243488978651851,0,0,1,1,1,1
"31",0.303070273387315,0.248344718472129,15,1,1,0.401280066794269,0.220633971400423,0,1,0.328146437520981,0.24557197291215,1,1,0.398224938187155,0.349771725031903,1,1,1,1,1,1
"32",0.783623041286174,0.23629325890283,11,0,0,0.800182564788478,0.212817482199202,0,0,0.798745483773083,0.228473828092245,0,0,0.630096986348905,0.27606704404404,0,0,1,1,1,1
"33",0.588797328172105,0.252840736257103,19,0,0,0.679883278324299,0.180266967002418,0,0,0.636309206386019,0.195440024102582,0,0,0.650153052957944,0.284101007088548,0,0,1,1,1,1
"34",0.573613038341283,0.265516557348295,9,0,0,0.604216823097691,0.216109870955768,0,0,0.565055741443663,0.232479676166779,0,0,0.815077429374865,0.24771650873184,0,0,1,1,1,1
"35",0.267144419877834,0.258191511280994,7,1,1,0.244662069903064,0.229540022905512,1,1,0.277570210542774,0.24921869092562,1,1,0.173248093028884,0.291812342581183,1,1,1,1,1,1
"36",0.46563148417935,0.254778630293533,17,0,1,0.601891798094332,0.198765661127766,0,0,0.603959821045214,0.237387595890952,0,0,0.473142222364354,0.313530472635637,1,1,1,1,1,1
"37",0.161161276188048,0.212503623890836,15,1,1,0.301479788086031,0.182833732005323,1,1,0.286218081977792,0.242200829809983,1,1,0.285265151949944,0.298122590586766,1,1,1,1,1,1
"38",0.811549751308398,0.232070272414675,7,0,0,0.672944654667425,0.237025132934135,0,0,0.683695591498828,0.202919172957322,0,0,0.670214336669986,0.298580656598009,0,0,1,1,1,1
"39",0.751428032898252,0.245070904798763,5,0,0,0.707451125585399,0.224965744896187,0,0,0.725966424658645,0.218173611619776,0,0,0.826943087236366,0.251193129131165,0,0,1,1,1,1
"40",1.05755211594962,0.254529958951999,13,0,0,1.10249538419483,0.289531061739947,0,0,1.12277669402845,0.229423837668143,0,0,0.913075560581242,0.37187170509416,0,0,1,1,1,1
"41",0.603674535199572,0.318764958128118,15,1,1,0.576852151843848,0.247908369876733,0,0,0.553623793693971,0.234251489813833,0,0,0.815037878087399,0.329750261901818,1,1,1,1,1,1
"42",0.54702260638128,0.30013569333118,5,1,1,0.391625890276393,0.278751164793302,1,1,0.41643548540226,0.286058841015681,1,1,0.275578003202239,0.316700934524788,1,1,1,1,1,1
"43",0.76412946466295,0.239314238881217,13,0,0,0.850768077404024,0.245036372760981,0,0,0.839906682332997,0.217066751472824,0,0,0.699717721584564,0.26066870460801,0,0,1,1,1,1
"44",0.762925450309268,0.283814354919911,7,0,0,0.82343123643764,0.230116192735497,0,0,0.816141793320958,0.217758993459504,0,0,1.00009889869755,0.420228629445015,1,1,1,1,1,1
"45",1.11404518953422,0.243037780458864,17,0,0,1.03864943512942,0.210859577707266,0,0,1.05933925621584,0.265409376463756,0,0,1.06090901751752,0.320909685389368,0,0,1,1,1,1
"46",0.592096320850917,0.266245871955709,17,0,0,0.751314717361085,0.221604134317155,0,0,0.747427377085681,0.239153238701187,0,0,0.69691402933737,0.324849218871985,0,0,1,1,1,1
"47",0.152296170715118,0.230861102844607,9,1,1,0.39394770403909,0.23417058024335,0,1,0.373997751451626,0.227383142752486,1,1,0.208457804732128,0.283145229558285,1,1,1,1,1,1
"48",0.348991826893935,0.230965533660877,17,1,1,0.339781349718618,0.225263234260596,0,1,0.308853374737723,0.222833562938426,1,1,0.216180329472428,0.231030439484224,1,1,1,1,1,1
"49",0.816481290894602,0.205786360316335,19,0,0,0.904521575595298,0.20972664058193,0,0,0.88840108105875,0.211580173158537,0,0,0.814345116383632,0.2234851512015,0,0,1,1,1,1
"50",0.772637343942606,0.278631293592352,5,0,0,0.838566662594171,0.228917245489851,0,0,0.880901473694688,0.277497829957277,0,0,0.862228010473717,0.290694798356907,0,0,1,1,1,1
"51",0.516455836352898,0.220023626341396,15,0,0,0.444061985150488,0.22384415447368,1,0,0.44737398001241,0.268221193548067,1,1,0.667134720218342,0.297444745155606,0,1,1,1,1,1
"52",0.85010652655863,0.315526062842719,11,0,0,0.851745768735294,0.230905940574985,0,0,0.809118109054698,0.252253995378526,0,0,1.29936944237063,0.45514007258599,1,1,1,1,1,1
"53",0.929401666152186,0.26423404901638,15,0,0,0.923632036473952,0.22215700124383,0,0,0.916948996997352,0.222188543682345,0,0,0.914655625054359,0.243452616534214,0,0,1,1,1,1
"54",0.402717215493272,0.222258132129797,19,1,1,0.433251769400788,0.179063835314648,0,0,0.411219490629331,0.183423229162383,0,0,0.408664785451647,0.227407326631943,1,1,1,1,1,1
"55",0.23624251464539,0.22813904518421,19,1,1,0.236047620031996,0.197002015412304,1,1,0.167478144279942,0.219215893100821,1,1,0.766278787409814,0.339021497802392,1,1,1,1,1,1
"56",0.436141504481282,0.214884623424779,13,0,0,0.444780062774042,0.197286435376762,0,0,0.418072334870704,0.220496414109575,0,1,0.401771911460711,0.24286549379851,0,1,1,1,1,1
"57",0.337911743706902,0.301793106903619,19,1,1,0.453764239173221,0.294353335101238,1,1,0.419221179259402,0.309406108928028,1,1,0.39720051509783,0.341746323884265,1,1,1,1,1,1
"58",1.15690244746917,0.212297883778854,7,0,0,1.03116011435467,0.218520573651559,0,0,1.03531576835984,0.194565188795059,0,0,1.15600313555017,0.25950076491727,0,0,1,1,1,1
"59",0.890728838414035,0.224884987499195,11,0,0,0.689717560962118,0.266046005871684,0,0,0.71064870144183,0.261449236421846,0,0,0.811300760657116,0.249312384368414,0,0,1,1,1,1
"60",0.458554229619405,0.234021620769679,13,1,1,0.464192102598822,0.224098676688923,0,0,0.42979790591216,0.225891802987642,0,1,0.858712137544731,0.332367408140295,0,1,1,1,1,1
"61",0.693194283509271,0.266777949299691,13,0,0,0.718844996512878,0.21241076347757,0,0,0.723394549222997,0.22832456985587,0,0,0.760719024815721,0.310798255596429,0,0,1,1,1,1
"62",0.242424249387143,0.348590297472661,3,1,1,0.186677902700035,0.200549515590058,1,1,0.128283308667056,0.225257235055025,1,1,0.37440240625203,0.299505079508102,1,1,1,1,1,1
"63",1.08229317527782,0.313217958907593,9,0,0,0.956254127299993,0.268583055979885,0,0,0.953703098429018,0.25297802815376,0,0,1.06067320666489,0.338618928879312,0,0,1,1,1,1
"64",0.438057855000129,0.273607982294796,5,1,1,0.506708946353536,0.197672238828125,0,0,0.519711037825841,0.213788494176324,0,0,0.492243200398181,0.289698856207673,1,1,1,1,1,1
"65",0.663904129637008,0.201448849126281,17,0,0,0.586357845772439,0.212333287837086,0,0,0.583539481321311,0.232405015282292,0,0,0.695504307409514,0.260004053610484,0,0,1,1,1,1
"66",1.07624123223484,0.303497003516497,9,0,0,0.861173613982296,0.275992865690675,0,0,0.830762993268958,0.282536835302951,0,0,0.728897496375847,0.309278619382823,0,0,1,1,1,1
"67",0.657017914141482,0.320213411798273,7,0,0,0.805864371907375,0.228497464686326,0,0,0.805511684191391,0.236223731213596,0,0,0.90660374939353,0.322586975314684,0,0,1,1,1,1
"68",0.858208031062925,0.204140535621361,5,0,0,0.845509440511923,0.213387847611722,0,0,0.851027542422715,0.207974900712144,0,0,0.712735003199459,0.245481478538514,0,0,1,1,1,1
"69",0.31294639235473,0.229034307020287,13,1,1,0.484600082123759,0.20640781823067,0,0,0.483880327951242,0.219968587970767,0,0,0.417049186839655,0.261530338549919,1,1,1,1,1,1
"70",0.927985974742044,0.280485388627749,7,0,0,0.8765750105157,0.250871225547177,0,0,0.91358647659242,0.24648899525076,0,0,1.2550150142442,0.376185863080598,0,0,1,1,1,1
"71",0.675799395052699,0.236178902093846,13,0,0,0.659098746734571,0.221042192944913,0,0,0.674391249878491,0.223659405210098,0,0,0.705190364887472,0.313017963735061,0,0,1,1,1,1
"72",0.208819254944283,0.212847667447915,17,1,1,0.208549152926592,0.209203628913417,1,1,0.259818399256049,0.214278300046136,1,1,0.0161916792236684,0.253491797446589,1,1,1,1,1,1
"73",1.02097474760878,0.265778307476045,5,0,0,0.96550717139004,0.239083487254857,0,0,0.991044419552325,0.223890647258901,0,0,0.820764062808242,0.24949461552199,0,0,1,1,1,1
"74",0.559534208220924,0.27377257411856,9,0,0,0.510611587290521,0.193592232902063,0,0,0.501369954594677,0.213886926970298,0,0,0.5297512969094,0.29935968898952,1,1,1,1,1,1
"75",0.639427741544499,0.230924905787303,15,0,0,0.568636067077328,0.209646415151658,0,0,0.541284513020422,0.217539837296003,0,0,0.490757543171279,0.251370033610853,0,0,1,1,1,1
"76",0.553398238177897,0.242606879328428,7,0,0,0.586528946054066,0.200678776386433,0,0,0.586077151677883,0.252044479820557,0,0,0.187966100803808,0.344128185021233,1,1,1,1,1,1
"77",0.629739789191717,0.266826078789225,7,0,0,0.399348979186101,0.290255449967118,1,1,0.406928891464107,0.295747333774728,1,1,0.515393400975592,0.287881219008663,1,1,1,1,1,1
"78",0.748459733560817,0.279593729426533,19,0,0,0.757704637529061,0.226771890083229,0,0,0.729661389404185,0.19794397309156,0,0,0.637221417139826,0.240695459000925,0,0,1,1,1,1
"79",0.419399473800385,0.293682917772646,9,1,1,0.600367517261066,0.198420482817953,0,0,0.585292445207083,0.237676460571555,0,0,1.01834285923806,0.412497244335269,1,1,1,1,1,1
"80",0.945796113957986,0.221881819581462,19,0,0,0.907682690367057,0.209658818530998,0,0,0.937929736092252,0.20951849416277,0,0,0.818094353892304,0.236891070290515,0,0,1,1,1,1
"81",0.888140481877882,0.24834948436497,17,0,0,0.765718207164848,0.355696592784366,1,0,0.69470826284844,0.368225235142209,1,1,0.869957726197016,0.240044368904036,0,0,1,1,1,1
"82",0.668854694459893,0.29224858997866,3,0,0,0.663132499482747,0.235106320899915,0,0,0.68359386879179,0.22973047931014,0,0,0.733892259982536,0.257985809209312,0,0,1,1,1,1
"83",0.575314179109751,0.261863177005495,7,0,0,0.503496406396914,0.250859764776994,0,0,0.533298070623091,0.229850893891937,0,0,0.854956702786854,0.29036898391682,0,1,1,1,1,1
"84",0.847456042067743,0.244424637742909,17,0,0,0.866339363392541,0.236332324142958,0,0,0.825325607956554,0.23814248084342,0,0,0.920150270215221,0.341322985189108,0,0,1,1,1,1
"85",0.572680012616181,0.219323995165406,5,0,0,0.647874935327951,0.172588312246506,0,0,0.662906470205593,0.191500737971549,0,0,0.68780786015668,0.25151016923674,0,0,1,1,1,1
"86",0.64702812487644,0.212869371504047,13,0,0,0.734023682274959,0.221224765983565,0,0,0.716921814864309,0.226868665096055,0,0,0.668478907290508,0.267922320216824,0,0,1,1,1,1
"87",0.885389483112135,0.282077066505229,17,0,0,0.846350478561724,0.219270922421261,0,0,0.871898496279245,0.245781004623121,0,0,1.06972666454558,0.2620045751746,0,0,1,1,1,1
"88",0.27507697424134,0.254403499547978,17,1,1,0.477997711531165,0.256329365494621,1,1,0.482746640848901,0.267842717694167,1,1,0.352898145393962,0.273355230745094,1,1,1,1,1,1
"89",0.34245289647374,0.243877670374932,7,1,1,0.344163591393747,0.224744610867265,1,1,0.386114902735808,0.245992938486026,1,1,0.375196559515113,0.251197221138541,1,1,1,1,1,1
"90",0.705244323113399,0.253927978904323,5,0,0,0.533409620647161,0.231828528602602,0,0,0.554686425489331,0.22493179714641,0,0,0.92666572406836,0.271660026553299,0,0,1,1,1,1
"91",1.04515372149695,0.244872850979984,7,0,0,1.0688405772876,0.291658170348773,0,0,1.09569262270002,0.310345700852746,0,0,1.45441530797689,0.381200240101576,0,0,1,1,1,1
"92",1.05806619223209,0.231062802827034,19,0,0,1.20151748797383,0.25899778450168,0,0,1.16636688827403,0.234132707520549,0,0,1.13829855852642,0.272857488310285,0,0,1,1,1,1
"93",0.697901161667405,0.238568784703718,13,0,0,0.59502157250214,0.250067736169715,0,0,0.582147654865074,0.230451918497333,0,0,0.539036314190464,0.297831201224341,0,1,1,1,1,1
"94",0.655517941754407,0.229567341475486,13,0,0,0.8061340652286,0.315039514451522,0,0,0.820898615129589,0.274087523211133,0,0,0.734219557878029,0.307037272175464,0,0,1,1,1,1
"95",0.3111737300697,0.2659048905985,11,1,1,0.230087903066269,0.252634051928261,1,1,0.232151714913383,0.247527503396076,1,1,0.081277144361535,0.251963845420939,1,1,1,1,1,1
"96",0.542365313874385,0.231045027308447,9,0,0,0.568255421907713,0.226772548719118,0,0,0.567975995669396,0.22734237140168,0,0,0.6475726362715,0.274538049995128,0,0,1,1,1,1
"97",0.989258053807207,0.188303812850049,7,0,0,0.987402308080615,0.169146696467285,0,0,1.06114908822729,0.184506085707661,0,0,1.20906821010828,0.231310655127371,0,0,1,1,1,1
"98",1.10629483849415,0.278888948589431,17,0,0,1.0216663534087,0.218459329510923,0,0,1.01498517269065,0.201629145630582,0,0,0.987877042158096,0.321912899703362,0,0,1,1,1,1
"99",0.94590049739672,0.270287998337609,5,0,0,0.906986960669821,0.191725102452253,0,0,0.913458396531908,0.251197372046138,0,0,0.740283411596527,0.263230730275447,0,0,1,1,1,1
"100",0.589377536979205,0.223189692459748,13,0,0,0.640701328480157,0.26012914931198,0,0,0.656279734203377,0.240226179374904,0,0,0.692714651132406,0.271089258517112,0,0,1,1,1,1
