"","V1","V2","V3","V4","V5","V6","V7","V8","V9","V10","V11","V12","V13","V14","V15","V16","V17","V18","V19","V20","V21"
"1",0.0213259102667154,0.338060155506719,17,1,1,-0.491048383715592,0.832891406363154,1,1,-0.355866584030287,0.822532265270565,1,1,0.602922583748815,0.668780631385499,1,1,0.558970961339225,0.699810383412038,1,1
"2",0.121785940338211,0.309599637880259,7,1,1,0.348654738567493,0.550472371917966,1,1,-0.0676505501675003,0.546671461158122,1,1,0.363510096364515,0.404415569261118,1,1,0.951548276724653,0.411212202602903,1,0
"3",0.144798981836741,0.328880630383723,13,1,1,-1.45183600905746,1.50607686347948,1,1,-1.5349437820138,1.65454587020696,1,1,-0.144375497761381,0.481324997591829,1,0,0.432607712847496,0.438481519137347,1,1
"4",0.164970173993212,0.409802884377489,15,1,1,-0.32106303843968,0.75384999936512,1,1,-0.303916055759461,0.811227592655857,1,1,-0.688574072029765,0.770504143071075,1,1,0.786124074860511,0.780267879270873,1,1
"5",1.12869374635123,0.50435264652616,15,1,0,0.856200728865712,0.375842029644295,0,0,0.82393145954063,0.397285585541747,0,0,0.7420533872981,0.895247210726097,1,1,0.592781729773924,0.978179989024611,1,1
"6",0.348025895562281,0.305025195961824,9,1,1,1.44005946998342,1.45425971446968,1,1,1.82260687440598,2.3794231733748,1,1,0.512190289338133,0.303890646235772,1,0,0.652960730982672,0.377914253912942,1,1
"7",0.384020445557234,0.423292006899345,7,1,1,0.679996576883214,0.378925493591351,1,1,0.699086005477362,0.406444023718064,1,1,0.561655419021444,0.457469054071822,1,1,0.658077629115177,0.504321543739637,1,1
"8",0.591161256474415,0.338379521865188,13,1,1,2.14192090261973,2.03288358965301,1,1,2.07916432554834,2.02496254666484,1,1,1.69387883662459,0.75435764778096,1,0,0.853340744562648,0.659116471957533,1,1
"9",0.0317692961898613,0.367411223650742,15,1,1,0.389279483018788,0.256719275213777,1,1,0.424540844126376,0.26215666642949,1,1,0.663387888544121,0.497565319395104,1,1,0.693873601151225,0.550468966430552,1,1
"10",-0.0596540830845265,0.36935215576302,19,1,1,0.473204423728585,0.362547427526137,1,1,0.405272407066255,0.383410985222776,1,1,0.43795678390229,0.429863315681556,1,1,0.634824813618763,0.452432007617306,1,1
"11",0.476395358059143,0.413156819695654,15,1,1,0.511980960741722,0.29659064868494,1,1,0.553443727807625,0.313905355614061,1,1,0.952038794242367,0.771370580979141,1,1,1.13164089649396,0.627058587428913,1,1
"12",0.118999802107046,0.364909875911861,17,1,1,-0.280522232530457,0.917517168245933,1,1,-0.387689657720065,0.995966993188004,1,1,0.197426274702976,0.624023939251661,1,1,0.703860549059422,0.603561073745687,1,1
"13",0.114553447800017,0.353298616122716,17,1,1,-0.0487872703808659,0.362527205719462,1,1,-0.10643162752265,0.393199288672998,1,1,-0.29277112231304,0.56029879053264,1,1,0.531475987332718,0.536544792065866,1,1
"14",-0.591396801525813,0.440591168437228,5,1,1,-0.990133558653148,0.864836638037801,1,1,-0.926746654661638,0.788389310222856,1,1,-0.742642494830229,0.455583461181111,1,0,0.196693478291781,0.473501848220841,1,1
"15",0.451893198689587,0.378448075909139,15,1,1,0.336716866388589,0.362048084438629,1,1,0.41564020249731,0.399430913644969,1,1,0.216142252194578,0.581858814942472,1,1,0.56263319085779,0.655576722859451,1,1
"16",0.485783258773018,0.427410524272624,19,1,1,-0.0223725112610618,0.438988384988251,1,1,-0.0504201884615879,0.513884426755443,1,1,-0.724674962392591,1.11506824514834,1,1,0.50158286449509,1.15272245605304,1,1
"17",0.353573559261663,0.418602372552479,11,1,1,0.436668401259969,0.298847072703494,1,1,0.482986845178809,0.317709930438114,1,1,-0.0748189085635947,0.577531178932323,1,1,0.823125864203834,0.583694715604242,1,1
"18",-0.251151370782417,0.347293991671683,13,1,1,-0.109391812477537,0.418653518613488,1,1,-0.164384790996925,0.445724561514646,1,1,-1.09034135712935,0.660407867013956,1,1,0.389298967511097,0.604726782564076,1,1
"19",0.540338057351425,0.46698032906114,9,1,1,0.325233638894589,0.278277622584454,1,1,0.418636352828975,0.358096283984965,1,1,0.38755391309805,0.582459005675701,1,1,0.61553988056946,0.752549566717651,1,1
"20",-0.179546596870301,0.343957299840091,13,1,1,-0.498337573439367,0.683616236147339,1,1,-0.523074785853332,0.646302861560439,1,1,0.205565451542317,0.565962726764955,1,1,0.405092213129265,0.519998328772423,1,1
"21",0.317983713260957,0.399730210150892,17,1,1,-1.41025094552588,2.31622577346627,1,1,-0.726078215686493,2.56515182265575,1,1,0.242192468136348,0.698287741995558,1,1,0.431264550673307,0.651090200951173,1,1
"22",0.186525343135763,0.39544971278122,11,1,1,0.187412801485629,0.482119009542693,1,1,0.191573905735399,0.506884167136285,1,1,0.426220079671803,0.626207455380778,1,1,0.657719762981318,0.629317516175876,1,1
"23",0.322846908621904,0.538679482486067,7,1,1,0.206024315681671,0.485656607399711,1,1,0.292215483508248,0.487542893890889,1,1,0.787774684036091,0.823780266930678,1,1,0.860360649090629,0.772816956939371,1,1
"24",-0.010775318772038,0.336572959469566,13,1,1,0.606751988788846,0.385318371227013,1,1,0.56880643086226,0.44966414707784,1,1,1.01416729533813,0.557474883279466,1,1,0.680546375751939,0.628443199379653,1,1
"25",0.410793594745971,0.380272003865415,13,1,1,0.193328823745379,0.44907948715306,1,1,0.530661151074254,0.413208384360736,1,1,-1.04853878795661,1.25751722913131,1,1,0.807730363170273,1.18833785300801,1,1
"26",0.145394636798341,0.430163182148479,11,1,1,0.0732227204557936,0.415855206647903,1,1,0.110571554510752,0.439545862031599,1,1,-0.478607861892563,0.692267666149837,1,1,0.567089859935588,0.7459197609072,1,1
"27",-0.00613997855533984,0.413571941070859,13,1,1,1.35848801141608,1.56539767508773,1,1,1.38148916644842,1.70244006489025,1,1,0.622789774640617,0.765533528666278,1,1,0.460448515936408,0.798949915706853,1,1
"28",0.334844586149901,0.501859410654961,7,1,1,0.528016059407143,0.481367015896795,1,1,0.481097226711837,0.497514348436045,1,1,0.312385759629608,0.945900103615534,1,1,0.492635121868936,0.888964877696558,1,1
"29",0.0601710374244695,0.361890560943425,11,1,1,-0.618037855699796,1.17878433611588,1,1,-0.433991040802979,0.949897566268208,1,1,-0.25151052508355,0.5339348089185,1,1,0.63904800289007,0.526611415759359,1,1
"30",-0.190737453360227,0.430916645137843,7,1,1,-0.204847076746228,0.473115372283075,1,1,-0.0789712992809832,0.485463052411092,1,1,-0.994303406759106,0.753405902557033,1,1,0.553309189330777,0.746866400324792,1,1
"31",-0.0577279739201477,0.692971336261884,7,1,1,0.559819276967421,0.378793133870154,1,1,0.539955853779459,0.397119040905751,1,1,1.93119647638459,1.10014337678485,1,1,0.842779838510684,1.25690745543815,1,1
"32",0.53280085129421,0.319783166550289,15,1,1,0.569998332368073,0.212488861122736,0,0,0.672297778937934,0.224229132022013,0,0,0.444060213571414,0.413459975579514,1,1,0.808955849972741,0.332777635821026,1,0
"33",-0.457705828713204,0.453271195283694,15,1,1,-0.0558213259381303,0.278254633856341,1,1,-0.147000602331689,0.321323307238538,1,1,-0.412915483147275,0.75733573229216,1,1,0.362647661814937,0.78788154047289,1,1
"34",0.803829226152952,0.371826808324826,13,0,0,0.563402727698206,0.239450924618518,0,0,0.637605603907374,0.281549249557168,0,0,0.332255782816203,0.710526741970144,1,1,0.89266572481201,0.753987849917841,1,1
"35",0.303923957337365,0.374599407292355,11,1,1,0.724059932034414,0.439304007755357,0,1,0.696408810494413,0.364053870051442,0,1,0.714049118661413,0.369269735750893,1,1,0.678588842558156,0.382240867365478,1,1
"36",-0.829039280228613,0.451685129478029,7,1,1,-0.157242656400235,0.38731522630479,1,1,-0.111859005152774,0.547142327035847,1,1,-0.0239759346545022,0.584227468937116,1,1,0.257005218982124,0.614816893826142,1,1
"37",0.53533607062092,0.509085814795003,9,1,1,0.174025284925516,0.325738355980849,1,1,0.368142744474193,0.391555237158071,1,1,-0.38790835465328,1.00003296182896,1,1,0.670428514304145,1.10711006127004,1,1
"38",-0.253576066966062,0.377611493058522,11,1,1,0.0684918419566767,0.261798569008617,1,1,-0.0541194505846191,0.298358441298657,1,1,-0.500530458737653,0.520831138339379,1,1,0.237021205105851,0.509904437886577,1,1
"39",0.0593276276619266,0.481691162383278,15,1,1,0.0778580422681456,0.286002147853942,1,1,0.073036526173927,0.326544709030154,1,1,-0.228000497996134,0.603295741778594,1,1,0.504842031697407,0.610999724447478,1,1
"40",1.22262814594683,0.324475438049588,15,0,0,0.969051202890037,0.209078175374693,0,0,1.0911647519194,0.237226577622185,0,0,0.922355923965633,0.548790145509714,0,0,1.1101862746671,0.535434495880763,0,0
"41",0.644316402113411,0.374926021311102,19,1,1,-0.268845447491361,0.73196482852882,1,1,-0.264854578877863,0.772860634215543,1,1,-0.421107713579957,0.552013681034709,1,1,0.682875456652579,0.562431437651115,1,1
"42",0.439896084656377,0.327489742461438,19,1,1,0.023261260353628,0.935903802384177,1,1,0.10833809104281,0.801579227424283,1,1,0.302619276818361,0.691295172533712,1,1,0.639902987133961,0.6078526251954,1,1
"43",-0.289080914043859,0.363098757907673,19,1,1,-0.60586119640912,0.67082673487131,1,1,-0.757754433388927,0.719785640347304,1,1,-1.69146733896334,0.766479023165501,1,1,0.204157444525053,0.817496810967741,1,1
"44",-0.368946771419149,0.361392258188731,5,1,1,-0.787321234713233,0.558887665082236,1,1,-0.782261322250147,0.597872425138581,1,1,-0.472518651277412,0.395691551666372,1,0,0.255739443000252,0.433807697779686,1,1
"45",0.866550096339186,0.381275505805892,15,0,0,0.704075661313088,0.326181083568167,0,0,0.737303432129174,0.349055882543691,1,0,-0.327183167760144,0.922023665983704,1,1,0.926644652728545,0.920331133735279,1,1
"46",-0.681099505479146,0.508489072744346,3,1,1,0.145223625815882,0.570858531891323,1,1,-0.108420175719399,0.628324342213811,1,1,-0.494570258446587,0.56258084551061,1,1,0.303236077946706,0.535712735398532,1,1
"47",-0.245350868129101,0.438423837580804,9,1,1,0.277461629836816,0.287207835177215,1,1,0.254308386123419,0.324015564273965,1,1,0.476893523333006,0.719102739099776,1,1,0.676605985231232,0.749528050449161,1,1
"48",0.162636724751339,0.357660807055636,17,1,1,0.267294498169968,0.344659254115979,1,1,0.494838630204499,0.342352199359141,1,1,-0.507750836613903,0.8364600669724,1,1,0.747097621396122,0.761532914393184,1,1
"49",0.0257437238001006,0.363528260823479,17,1,1,-0.623775421564336,0.88634901855907,1,1,-0.518656396498191,0.754188484446207,1,1,-0.364300815482237,0.69526026760114,1,1,0.484101521945812,0.651107064232476,1,1
"50",0.226262625933229,0.499287580315198,13,1,1,0.312488520940392,0.270388851560463,1,1,0.269116061033224,0.322861158340521,1,1,-0.397508490059002,0.953372686891946,1,1,0.583528583581191,1.01105904993734,1,1
"51",0.170242105836267,0.360698159982529,19,1,1,0.304082437634703,0.390560716708004,1,1,0.391545135120723,0.452431961143761,1,1,0.225459075223351,0.478238403851373,1,1,0.709730109432655,0.520538272765461,1,1
"52",-0.840504765248443,0.509897228882085,1,1,1,-0.890354733535527,0.607453270149619,1,1,-1.00773343760464,0.629858882945908,1,1,-0.713850476114409,0.54682778882537,1,1,-0.840504765248443,0.531071091589867,1,1
"53",0.477920475015588,0.417167607499699,7,1,1,-0.449871253611095,0.883012635573465,1,1,-0.307930215615517,0.729488752821203,1,1,0.247241621373743,0.541713137472501,1,1,0.446645968972962,0.535819355694855,1,1
"54",-0.160577039740126,0.348752602531812,13,1,1,-0.500418947272929,0.337381581175949,1,1,-0.568511424324313,0.333926619330931,1,1,-0.224565770023586,0.426164417321742,1,1,0.331554569236199,0.391585265222413,1,1
"55",0.702633999972191,0.335599905682295,19,1,0,0.0932025608671276,0.83257655503523,1,1,-0.0117248461574691,0.875810908782303,1,1,-0.00429814202806341,0.557036420168029,1,1,0.619718309618271,0.54538052684207,1,1
"56",0.244922665427809,0.412107348862627,15,1,1,0.240849627725577,0.36304805375378,1,1,0.157658824289875,0.415725338112149,1,1,-0.770295359676132,0.71611152000008,1,1,0.497333097058315,0.727561070506934,1,1
"57",0.508728066776155,0.349068479457684,3,1,1,0.62655239993423,0.251057995340923,0,0,0.527062819722058,0.268529158335847,1,0,0.941565824416859,0.351668203276618,1,1,0.724144702486418,0.380180935881881,1,1
"58",-0.130305529475213,0.322081003813196,11,1,1,-0.731492488642023,1.11534567592055,1,1,-0.578398956895507,0.927130330743626,1,1,-0.919834666126318,0.380661627796033,1,1,0.629182845488562,0.408322643934103,1,1
"59",0.394563760875414,0.397746955725532,15,1,1,0.15670391067718,0.28280871279247,1,1,0.0765583815357155,0.314731611769181,1,1,-0.708038838296222,0.493513171612327,1,1,0.451702636276291,0.527798104343285,1,1
"60",0.195577572329095,0.392097695656603,11,1,1,0.330950836701711,0.353589291350306,1,1,0.474011402487068,0.360248526792888,1,1,0.366670439165493,0.547461962006895,1,1,0.520749549608648,0.56715764915143,1,1
"61",-0.204768380579394,0.363644066206507,11,1,1,-0.269860367610301,0.305357782872026,1,1,-0.376743167919909,0.356918027950576,1,1,-0.576669099896943,0.416253213495801,1,1,0.425956059923676,0.511882519222297,1,1
"62",0.163571511842201,0.340542358118523,19,1,1,-0.481189603961943,0.915772039554634,1,1,-0.368520672748612,0.788870736154147,1,1,-0.326761482588295,0.747187490101736,1,1,0.510486445125371,0.757097165151724,1,1
"63",0.675403622146034,0.364074418504735,13,1,1,0.593967911782806,0.294503375512156,0,0,0.654447283303126,0.323566618034138,0,0,0.566603852195109,0.604668645846591,1,1,0.949817447089278,0.590035518379381,1,1
"64",0.101777135141321,0.424914464605944,3,1,1,-0.435974177107053,0.7909116759782,1,1,-0.285972819164534,0.713802789873843,1,1,-0.173965138021035,0.437748806649261,1,1,0.569512576229314,0.474888651645875,1,1
"65",0.75750268429389,0.446579171833953,13,1,1,0.777310836081835,0.288608931528685,0,0,0.83718766477842,0.30141531848024,0,0,0.907010830466404,0.731314641750785,1,1,1.01216571285908,0.67100429640081,1,1
"66",-0.273114716946827,0.374892669355937,19,1,1,-0.322115224622147,0.813975266707796,1,1,-0.307153354674796,0.77643475110811,1,1,-0.418908670498921,0.755303929356607,1,1,0.822340744236925,0.804656984559551,1,1
"67",-0.00292313670650577,0.352605603467836,15,1,1,-0.137996354611222,0.36752509763882,1,1,-0.069418228758271,0.434134227991174,1,1,0.163958212334489,0.640523670941913,1,1,0.639470981023738,0.555380764980313,1,1
"68",0.779898981240047,0.380698401506237,17,0,0,0.601550868607605,0.276277019665067,0,0,0.542176320844222,0.324554605731445,1,1,0.0514945938927584,0.672219280688509,1,1,0.814589107270855,0.590262961522346,1,1
"69",-0.361578749501249,0.416467330745339,9,1,1,-0.18545684191015,0.490796150413284,1,1,-0.092963296936447,0.470471166114367,1,1,-1.60304079379249,0.930133389268318,1,1,0.52207014153275,0.930317251059079,1,1
"70",-0.0104528471540113,0.409955214546105,17,1,1,0.117198105426135,0.445616432964216,1,1,-0.0767359428854318,0.633155804665609,1,1,0.699808241599432,0.785537078596026,1,1,0.692161822544867,0.785647314767771,1,1
"71",0.515465840054235,0.406491022204875,17,1,1,0.394827851339471,0.418399277406349,1,1,0.500389251834724,0.421690817124745,1,1,0.236810988836139,1.14309299214308,1,1,0.919353190944671,1.05980511954915,1,1
"72",-0.111112587277994,0.431774027147567,5,1,1,-0.689475652936698,0.912714480570279,1,1,-0.689702616096448,1.01867084938454,1,1,-0.265365667795624,0.397542684054527,1,1,0.539565216995343,0.432679307708911,1,1
"73",0.249621757837498,0.476614660740262,3,1,1,0.432894061506328,0.322824873343642,1,1,0.386188899792022,0.344720377476766,1,1,0.57537716266991,0.438245989083226,1,1,0.62228867158284,0.482313036961737,1,1
"74",-0.350242160550237,0.392466398553581,19,1,1,0.107542427381553,0.323142861975301,1,1,-0.0121725496896098,0.348911629048908,1,1,-0.520957300880845,0.784987662395736,1,1,0.431838048670142,0.761091619922118,1,1
"75",-0.631028203655169,0.352108033004659,17,1,1,-0.4000665877052,0.317474196506679,1,1,-0.508606404966445,0.33022312357618,1,1,-1.15108381776781,0.501357839170303,1,1,0.230047299234236,0.587978161372186,1,1
"76",0.016185248440429,0.279850727805007,7,1,1,0.234812054533206,0.252818919231073,1,1,0.348618329120328,0.221872364206482,1,1,-0.243284695943275,0.363218072975855,1,1,0.724555130676531,0.355762908346092,1,0
"77",0.240175378104157,0.428654239239733,17,1,1,1.3479290435434,1.09695592908233,0,1,1.23508898102413,0.850254972862097,0,1,0.92035272906635,0.645942212846337,1,1,1.00383104090416,0.545999751956407,1,1
"78",-0.435269989125402,0.372388528981367,5,1,1,-0.371305144568848,0.378070160044627,1,1,-0.328310560374776,0.361743963334523,1,1,-0.256706112195805,0.444595853774702,1,1,0.444985556560055,0.431331394946825,1,1
"79",0.448243528509632,0.478226594097612,11,1,1,-0.231483352395594,0.620928239515067,1,1,-0.238975038359196,0.651071900187547,1,1,-0.737207553746026,0.703763777134742,1,1,0.694949731668847,0.730496828088891,1,1
"80",0.737198237261325,0.391235316160455,9,0,1,0.588790244933607,0.380088897100975,1,1,0.464239918666735,0.380676255692445,1,1,0.537450479632623,0.384993269340202,1,1,0.640189430858537,0.384853861838246,1,1
"81",0.335840187965418,0.497518822843455,11,1,1,0.332240897353241,0.210541748622817,1,1,0.396261827927677,0.275755890542698,1,1,0.993306590776819,1.05096644516147,1,1,0.747418350486502,1.14168246738891,1,1
"82",-0.593157697051562,0.402831886639273,3,1,1,-0.649494956693544,0.591756503978321,1,1,-0.608810176069667,0.585963889497491,1,1,-0.53522798128852,0.39107520793989,1,1,0.125485044190262,0.38836369119363,1,1
"83",-0.441623448508898,0.37083788427588,11,1,1,-0.132191219570787,0.264592366490015,1,1,-0.281281906597775,0.294751647060761,1,1,-0.861345638836198,0.704880479332031,1,1,0.262410055032752,0.749088872567395,1,1
"84",1.16905771956847,0.336410734951957,19,0,0,0.753287663096976,0.42995505812648,1,1,0.635924046466217,0.707849436095406,1,1,0.897160109332518,0.457741836596586,0,1,1.01677983769206,0.521721780426041,0,1
"85",0.224734609457128,0.309297143222165,13,1,1,0.861842382090954,0.497781620926164,0,1,0.668630401877609,0.387442369964055,0,1,1.26457023101734,0.475498517919181,1,1,0.834170346780859,0.456793212965213,1,1
"86",-0.351098693629237,0.359249786848379,17,1,1,-0.0083499795032576,0.292746781158837,1,1,0.116410806303811,0.286519418665874,1,1,0.0176833999904606,0.463167763433228,1,1,0.742865528749373,0.433564032738857,1,1
"87",0.501146435352837,0.462371891262991,13,1,1,0.416897841214305,0.266622686599556,1,1,0.399885859956678,0.314637190884759,1,1,1.74282674535681,0.947487065198501,1,1,0.689645178912145,0.96212371087398,1,1
"88",-1.05373250870686,0.334794836297135,19,0,0,-0.335731222153657,0.219979549860455,1,1,-0.493097426733149,0.268887876499966,1,1,0.00146010899822879,0.631237808816393,1,1,0.0327965173170923,0.645937664175761,1,1
"89",0.453018618391523,0.367864052899828,19,1,1,0.505691071807803,0.339628778811406,1,1,0.506561906752745,0.34452204528743,1,1,0.0790328209516744,0.604450463374533,1,1,0.67964249383331,0.531145632596422,1,1
"90",0.500748201434318,0.43564051434814,15,1,1,0.609842599464871,0.258694382990629,0,0,0.683948694861664,0.268275297953259,0,0,0.24562998778309,0.53949205057176,1,1,0.801597030411059,0.551266071358804,1,1
"91",0.176371028074058,0.356673591901189,19,1,1,0.599755784831199,0.442561812303766,1,1,0.575603146113147,0.460797831719758,1,1,0.930843941769789,0.650491358657895,1,1,0.355901011981749,0.654511818987001,1,1
"92",0.462302724024335,0.426546172638335,17,1,1,0.690735596456295,0.235011711573601,0,0,0.779307115794561,0.26807525892948,0,0,1.09653652001304,0.953463459939884,1,1,0.850343050227756,0.837122368364686,1,1
"93",0.405924700576544,0.407153990351241,15,1,1,-0.00907977044654826,0.423400079766969,1,1,0.0909020337961663,0.509333411903498,1,1,0.369365486651776,0.655677633021252,1,1,0.502429385994785,0.621739701780848,1,1
"94",-0.00934032094214713,0.292168623125138,11,1,1,0.0120972537827047,0.233476165575132,1,1,0.00498313642845515,0.241947434928739,1,1,-0.568661118152097,0.553216667957746,1,1,0.374539727043479,0.551361269695174,1,1
"95",0.31506087364725,0.41273850594441,15,1,1,0.197926908697543,0.354724795646033,1,1,0.448882132947788,0.286432247081228,1,1,0.85099347033141,0.62668026698736,1,1,0.999609134174024,0.625663695553289,1,1
"96",-0.941325537228544,0.49576203732613,1,1,1,-1.06781468528227,0.793639950273128,1,1,-1.02521521260843,0.719327415794166,1,1,-1.04948271467806,0.484074397885095,1,0,-0.941325537228544,0.466036594366744,1,0
"97",0.127350192823196,0.337269259900427,15,1,1,0.646370715189324,0.281503155571926,0,0,0.689148562627335,0.317505385739902,0,0,0.96982411320519,0.570541810098736,1,1,0.941927461758332,0.565912331981409,1,1
"98",0.669578150505368,0.316396141447418,15,0,0,0.12323818912614,0.3754338576489,1,1,0.147427164150574,0.419880259404063,1,1,-0.0176487910298217,0.41051340496586,1,1,0.957973310992828,0.499592740679357,1,1
"99",0.654259713420065,0.420054522826988,13,1,1,-1.17597689923127,1.34992304963487,1,1,-1.09056838766779,1.29434576593651,1,1,-0.865992028734346,0.891105508921023,1,1,0.609762280243137,0.910082916876278,1,1
"100",0.145690668074345,0.330701526471375,13,1,1,0.415291806038857,0.202483863154065,0,0,0.41299833565219,0.252851286659158,1,1,0.56147050526196,0.359870496375334,1,1,0.729164115574188,0.433158802912839,1,1
