"","V1","V2","V3","V4","V5","V6","V7","V8","V9","V10","V11","V12","V13","V14","V15","V16","V17","V18","V19","V20","V21"
"1",0.220767544706172,0.369841600094239,13,1,1,0.584710332450952,0.306318875661689,1,1,0.550383410028714,0.508414653717091,1,1,0.106987135470088,0.333315328618865,1,1,0.303237536660321,0.497846762073163,1,1
"2",-0.149183398307793,0.397978590122338,3,1,1,0.104118724418019,0.2764914892447,1,1,0.00995637483575029,0.308148099000541,1,1,0.0362671938741906,0.385184457492884,1,1,0.278856505794677,0.358829866517554,1,1
"3",-0.470839116763918,0.484778442700331,15,1,1,-0.562889632648892,0.860805972810175,1,1,-0.596771277571586,0.681425006816687,1,1,-0.158451433175664,0.821614312254691,1,1,-0.120451766068165,0.776909888304658,1,1
"4",-0.0843186480305315,0.374128339851956,17,1,1,-0.579237608304902,0.63456822126114,1,1,-0.573288024370667,1.03225283436877,1,1,-0.514711916333031,0.528983244982928,1,1,0.135506170291209,0.588628931213935,1,1
"5",0.349987717106797,0.467178125304937,17,1,1,1.35380424725404,1.40542581429954,1,1,1.22371688826766,1.37831860954777,1,1,-0.188342975670888,1.23846075343175,1,1,0.368133907658315,1.02724875805465,1,1
"6",-0.494599921145317,0.330533593138993,19,1,1,-2.22428038728035,1.91463552426674,1,1,-1.85212629599027,1.53746107917082,1,1,-0.544810290760012,0.414036818350295,1,0,-0.310063801774048,0.388306029250451,1,1
"7",0.0206668031234571,0.438421661608549,11,1,1,0.117496000880685,0.430465088091885,1,1,0.0248444934707083,0.327070147274293,1,1,0.198958355403804,0.336727452028531,1,1,0.116204646561484,0.386572631893001,1,1
"8",0.43488390425004,0.512677596223244,13,1,1,0.58638594303915,0.370397342791918,1,1,0.403848250554556,0.319670584131347,1,1,0.945773317155162,0.789548641353893,1,1,0.425967554405376,0.647022045778932,1,1
"9",-0.7626912469857,0.40025809966795,15,1,1,-0.248769866168473,0.287174844346786,1,1,-0.901758366767057,0.354854108156061,0,0,-1.2864343629584,0.976483471621649,1,1,-0.722179256456477,0.98047200366165,1,1
"10",-0.639386383056919,0.328546958165323,17,1,1,-0.0768483428133062,0.466478533081696,1,1,-0.306838128268701,0.51996348651709,1,1,0.0498040963096564,0.658316438123461,1,1,-0.667808416106076,0.657364607658995,1,1
"11",0.025419558836712,0.466922393378464,19,1,1,-0.494550196831383,0.652053591312896,1,1,-0.70486014147205,0.415195750791203,1,1,-0.360060511744093,0.59377227771147,1,1,-0.502058479909338,0.607272183443907,1,1
"12",-0.511293390620541,0.446943952710165,15,1,1,0.318566982331991,0.418404525126999,1,1,0.26178576532864,0.605928823383046,1,1,0.652891206058153,0.586654648502189,1,1,-0.33354194193458,0.619200220909628,1,1
"13",0.246385421053195,0.371741717761061,17,1,1,-0.574023732469345,0.599840328229355,1,1,-0.332100036876504,0.349758611491151,1,1,-0.0919484465438028,0.395451995358159,1,1,0.0535136339982268,0.393582054310573,1,1
"14",0.0825264697702112,0.437594010424927,11,1,1,0.33277291868305,0.345750761674019,1,1,0.149067254207887,0.448628335666705,1,1,0.893505420557976,0.945503491883776,1,1,-0.0827180119263014,1.02661936705089,1,1
"15",-0.510043132689255,0.524866496963053,3,1,1,-0.10542083662645,0.317847667786232,1,1,-0.382580330504456,0.341075518208208,1,1,-0.134657778046024,0.530030795817698,1,1,-0.214671136223611,0.606316220253108,1,1
"16",-0.00830138571065814,0.359624299498926,15,1,1,0.737551218273446,0.790386338621466,1,1,0.635290375649127,0.953450183773226,1,1,0.917914157753936,0.542548253390512,1,1,0.0710212026724346,0.592615112422896,1,1
"17",-0.344678177466391,0.419773794509745,13,1,1,0.013678478647284,0.282896941076536,1,1,-0.287083811731806,0.336750550363853,1,1,-0.756880854065673,0.580729478682831,1,1,-0.319721999424216,0.598381102615794,1,1
"18",-0.0549662446207234,0.36864948305188,15,1,1,0.294673566371517,0.476431490875634,1,1,0.0163130973712293,0.387231948705303,1,1,-0.139933948917361,0.748306716281783,1,1,-0.113364798740865,0.716986011240919,1,1
"19",-0.214119101917909,0.469749979450655,7,1,1,-4.20739506324675,4.9068967596795,1,1,-2.8392672427449,2.75968824519766,1,1,-0.884752329429134,0.562913900618733,1,0,-0.400200855070398,0.512780741711537,1,1
"20",-0.207843950558442,0.325815697538338,15,1,1,-0.0335071429895193,0.314270220441739,1,1,-0.279262642602155,0.351986112716344,1,1,0.221838000455515,0.643057796315935,1,1,-0.291604867172247,0.636297852832188,1,1
"21",-0.383622087995247,0.372535348790532,17,1,1,-0.0268438687688002,0.485974577308666,1,1,0.114114134834603,0.643132261167733,1,1,-0.0530033788943185,0.544402307749612,1,1,-0.323513658982014,0.525522111263702,1,1
"22",0.0865938191617551,0.367394660030524,13,1,1,0.307765350689502,0.52683289164079,1,1,0.345795884427643,0.584395871524136,1,1,0.597459447194701,0.674276478822764,1,1,0.11526630847166,0.668396328121015,1,1
"23",0.0982912322948492,0.368287048486672,11,1,1,-8.99578071697841,10.8802458305753,1,1,12.9825957829809,19.1532466035236,1,1,0.0385601753374359,0.520641414943216,1,0,-0.370827759223007,0.436123404071046,1,1
"24",-0.0742206119736616,0.487185673084277,19,1,1,1.10582762196975,0.766207836754664,0,1,1.00229057467033,0.646563014915768,1,1,0.277011460289674,0.55522320549121,1,1,0.208804507911778,0.508749405934484,1,1
"25",-0.337691444255928,0.389540055987898,19,1,1,-0.0494430476039292,0.27051664722044,1,1,-0.317844555139682,0.270891104265026,1,1,-0.312405704558978,0.373900036635095,1,1,-0.160068014440084,0.373422862037971,1,1
"26",-0.11776194584991,0.34989631007522,11,1,1,0.20700751432078,0.242499533018258,1,1,-0.0583458018956244,0.281529039567317,1,1,0.659653677433087,0.313987398380285,1,1,-0.212618815770445,0.362496719594544,1,1
"27",-0.0770822595262044,0.317317549662196,9,1,1,0.141449221198725,0.215566182871835,1,1,0.0473401465860354,0.267788952928966,1,1,0.455791907339084,0.420888179831833,1,1,0.189145879005042,0.462931204363506,1,1
"28",0.352373199694316,0.43160975823075,11,1,1,-0.275448614521762,1.2188395824239,1,1,-0.0478240199113683,0.97031209186454,1,1,0.179065296641158,0.636851820104551,1,1,0.39824001373305,0.488156904755483,1,1
"29",-0.3042134955159,0.367871758081885,13,1,1,-0.138497188761542,0.278539895405807,1,1,-0.309095128441714,0.285734099746309,1,1,-0.959371101226879,0.526015099632899,1,1,-0.284494766307554,0.49778956210583,1,1
"30",0.152889528717797,0.495734414226771,5,1,1,0.478315035689317,0.331986274351964,1,1,0.441377826825206,0.421592714048849,1,1,1.20181122729376,0.726433081706222,1,1,0.32547440751601,0.608994342518524,1,1
"31",-0.127414275499108,0.352562470243074,17,1,1,-0.758103098350172,1.18978525623012,1,1,-0.31403209243895,0.658281120578818,1,1,-0.611925066611142,0.702641156839886,1,1,-0.0887790869079095,0.627856980904412,1,1
"32",0.0268499710451468,0.472423820806565,15,1,1,1.60966096617814,1.05198725251467,0,1,1.46479389702448,1.76348744090721,1,1,1.42241170922914,0.445332018858509,0,0,-0.334569179975032,0.546792119174583,1,1
"33",0.0122057837349656,0.462778542857722,3,1,1,0.129464871442306,0.475976291967889,1,1,-0.122839367876178,0.501666219675956,1,1,-0.421341670466723,0.468642265717679,1,1,0.0313566241141312,0.474712860726557,1,1
"34",0.401100836161869,0.310895560942286,19,1,1,0.67056449491978,0.516824746560007,1,1,0.422543319911912,0.516602599178888,1,1,0.983147731237475,1.02776347490219,1,1,0.201024950969403,0.874873846998339,1,1
"35",-0.54227311794038,0.512339804581145,9,1,1,-0.289558054905968,0.475814666659048,1,1,-0.397057496090714,0.363629174699173,1,1,0.108945301780989,0.8135077198725,1,1,-0.199546311217393,0.779729595623716,1,1
"36",-0.773084389911083,0.434505707087853,19,1,1,-1.10094484553647,0.979261327557761,1,1,-1.00631770719952,0.59622215786547,0,1,-0.100135656167647,0.634849765736858,1,1,-0.534565388230424,0.630573107078613,1,1
"37",0.972901972553396,0.463369268711762,17,0,0,0.724971094095262,0.206423292875023,0,0,0.807642423543647,0.341874758445855,0,0,0.75723775680501,0.595193497633267,1,1,0.601499406138329,0.549415475371433,1,1
"38",0.0524476214276241,0.465566567682035,19,1,1,0.118371047562868,1.04657737883092,1,1,0.0401906511821977,0.950068318220356,1,1,-0.357067428282963,1.17311383230376,1,1,0.0874023021759522,1.34264415276055,1,1
"39",0.174753214768972,0.373628433932264,13,1,1,0.0198170082605031,0.394603892271584,1,1,0.073419582331049,0.422109317171178,1,1,-0.0719236359284705,0.394712010683467,1,1,-0.0050461674966814,0.45068646836957,1,1
"40",0.0254951018772811,0.413182058621599,19,1,1,-2.33129329751595,3.69632103658848,1,1,-1.97252504603143,3.131683130815,1,1,-0.751398380888798,0.675950547968398,1,0,0.104818943733277,0.570035315572683,1,1
"41",-0.0531555225614189,0.434898943397643,15,1,1,-0.534187950375867,0.478608452067182,1,1,-0.203980785488209,0.566294325734958,1,1,-0.62651343980005,0.615970353529768,1,1,-0.411256681103658,0.507521038865439,1,1
"42",0.80449119066839,0.337625685423532,17,0,0,0.684185985490188,0.28875086937785,0,0,0.56584881672362,0.32347555423323,1,1,0.552072551532705,0.336155960497594,1,1,0.481120937106979,0.396384231559585,1,1
"43",0.0813211320382335,0.485356846041924,15,1,1,-0.299398617687321,0.373046558542536,1,1,-0.387751476519014,0.375033474895938,1,1,-1.03800229231052,0.626323241673666,1,1,-0.0157884012944525,0.52310631035553,1,1
"44",0.681819621476412,0.426256271099519,15,1,1,0.461361200401048,0.219073786173864,0,0,0.311544321950875,0.295191157842326,1,1,0.261818298885318,0.443893406226934,1,1,0.148680416131597,0.459827419307231,1,1
"45",-0.684709651506499,0.394238313852354,9,1,1,-0.156795510010166,0.359447013406955,1,1,-0.199946515826796,0.429198746059145,1,1,-0.125634308181116,0.429420191254729,1,1,0.0820144288994857,0.421268038494009,0,1
"46",0.144257307457885,0.582343100932053,7,1,1,1.69749984496604,1.71505167654966,1,1,2.01090969772232,1.80167529448214,1,1,1.4430790347621,0.788951411931313,1,0,0.218920287204462,0.852700881155166,1,1
"47",0.320881088071814,0.417283523737013,17,1,1,0.362293632833457,0.307291664686872,1,1,0.0215096240621784,0.351388378021986,1,1,0.483623008288494,0.599032534608854,1,1,0.306555042092884,0.626057188632003,1,1
"48",0.0280806046485863,0.368071813677603,19,1,1,-0.673794640161203,0.998150705080859,1,1,-0.231953183867131,0.377345531404188,1,1,-0.467430210545267,0.596355633643886,1,1,0.134725091479097,0.521880242453918,1,1
"49",0.718178496270394,0.412144149008641,15,1,1,0.358662894942348,0.413787502473681,1,1,0.284289494021629,0.377037113582398,1,1,0.89565756358625,0.800469933104251,1,1,0.406340134001301,0.727140818314708,1,1
"50",0.291864050646959,0.403465368659381,15,1,1,-1.30790125630707,1.83306851995417,1,1,-0.458901897630316,1.7785420071749,1,1,-0.142201707920535,0.698126396488498,1,1,0.239045315647981,0.614886093923345,1,1
"51",-0.159688118471994,0.327188385577342,5,1,1,-2.60211185967416,2.35584473816616,1,1,-1.76250906676456,1.87498840095185,1,1,-0.0693669745119978,0.482962513709807,1,0,0.0234923832848861,0.421972488476321,1,1
"52",-0.0843200770096155,0.416021409985773,11,1,1,0.178109809363397,0.309969754160224,1,1,-0.0448298687921683,0.322303309030125,1,1,0.23296143083471,0.581825850194261,1,1,0.117253915087211,0.561093826873729,1,1
"53",0.489660490038591,0.322719770860106,19,1,1,0.362032940591254,0.328675468109139,1,1,0.0846946200831772,0.311044819510882,1,1,-0.152806421709557,0.652049754810319,1,1,-0.200087027110623,0.585370394675739,1,1
"54",0.135601478055967,0.340575326578233,15,1,1,1.42018501176468,1.19780374044695,1,1,1.58496999456284,1.46190368800939,1,1,-0.238578774197215,0.613779766810814,1,0,0.239679328479956,0.772897520233228,1,1
"55",0.467795959020733,0.318111454020521,9,0,1,1.17041551677787,0.778687148877265,1,1,1.16769642915997,0.847798533082912,1,1,1.00747746254071,0.477806718989477,1,0,0.296893748874647,0.44678001747175,1,1
"56",-0.170884266040102,0.356314500162817,15,1,1,-0.198114523420915,0.631378220110402,1,1,-0.119129981059941,0.663058900935359,1,1,0.0504506184804666,0.591284597959878,1,1,-0.191669200308288,0.646815707073811,1,1
"57",0.537462770190012,0.415163214622267,13,1,1,-0.636674688613785,1.31841557606277,1,1,-0.682749352450454,0.81666519190535,1,1,-0.663397134729971,0.845506016834481,1,1,-0.174594561014307,0.643678146770796,1,1
"58",-0.870724015268956,0.39038917186457,13,0,0,-0.460125026968603,0.407868900140463,1,1,-0.540678220975606,0.342703049359961,1,1,-0.556332078922231,0.355479500450678,1,1,-0.434097120855469,0.41422555200018,1,1
"59",0.209932009602691,0.311012068492283,17,1,1,0.475266139615678,0.256729591528948,1,1,0.235291616419737,0.272567761432242,1,1,0.314587511245601,0.373277661831297,1,1,0.16842448867454,0.45471782987822,1,1
"60",0.211735053687423,0.330341376682471,19,1,1,0.21906766135086,0.165067331195189,1,1,0.0337117336342808,0.241086553096067,1,1,-0.0919922772198499,0.380164329983848,1,1,0.0140740830154373,0.381009458520755,1,1
"61",-0.358130187515203,0.401212406345507,17,1,1,0.0928520351070529,0.352601856105175,1,1,-0.112646910962004,0.349970298771765,1,1,0.181675014348428,0.467658903158151,1,1,-0.126913199962003,0.447526778240914,1,1
"62",0.113919161481645,0.381419199294531,9,1,1,0.579430914733509,0.188449657554007,0,0,0.28441124468397,0.327500005801776,1,1,0.626225261015878,0.447466629078434,0,1,0.0572091472572022,0.423093064210718,1,1
"63",-0.39960685480661,0.387414515953052,11,1,1,0.0103365136835857,0.237879926815134,1,1,-0.35562305910367,0.26741971505327,1,1,-0.954646757382094,0.683639414564698,1,1,-0.205825110383882,0.603342436117629,1,1
"64",-0.228250176164615,0.438091929931402,11,1,1,-0.00961545706575828,0.38667020519422,1,1,0.595052461379559,0.619121577832573,1,1,-0.039653591818797,0.599813587462314,1,1,-0.387566062735299,0.625993821166378,1,1
"65",-0.86399012215891,0.337735865171525,19,0,0,-2.40738123124253,1.61718300777387,0,1,-1.87418741744854,1.33635869891065,0,1,-0.953625033189588,0.418994475319456,0,0,-0.480891820717095,0.334819872463664,0,1
"66",0.911106756746273,0.408571050372632,17,0,0,0.924793010524331,0.260931885704432,0,0,0.80917652584873,0.350656400353854,0,0,1.96833321663783,0.81477402405438,1,1,0.79926897877294,0.764442249838311,1,1
"67",-0.367415389642584,0.412144362827209,15,1,1,-0.26571563554093,0.33810894637567,1,1,-0.510551321413263,0.352582563139011,1,1,-0.504399058542825,0.576653291033572,1,1,-0.061541037347741,0.709816535923172,1,1
"68",-0.176211565275024,0.464301352517487,13,1,1,0.377492054883251,0.416898274092483,1,1,0.140172357988762,0.522825468339448,1,1,0.128949220988861,0.753569426463865,1,1,-0.00943686167814113,0.749589315177087,1,1
"69",-0.773000403494783,0.442625954506731,5,0,1,-0.449460665498643,0.370815996775146,1,1,-0.672280144564464,0.3181714216806,0,0,-0.747082888651566,0.453256736241226,1,1,-0.499582922361758,0.417907373192375,1,1
"70",-0.278946766418106,0.337019854121254,17,1,1,-6.6793788754254,7.69232252619326,1,1,-3.63249841095713,5.58348676911331,1,1,-0.2114037840117,0.525552500459448,1,0,-0.205861534679077,0.492966297143242,1,1
"71",-0.375000391058793,0.451543187897461,11,1,1,0.104357500233632,0.252460748733844,1,1,-0.277884103540256,0.290730951420303,1,1,-0.124784926591574,0.691048585319046,1,1,-0.197160570418948,0.588146979406032,1,1
"72",0.225528859518968,0.411903221968521,15,1,1,-0.063228508990629,0.568014279832608,1,1,-0.148697430770562,0.640865690993802,1,1,0.261898814538422,0.520584375285117,1,1,0.263496395770929,0.609862611310787,1,1
"73",0.0455563721595308,0.3533682117131,19,1,1,-0.468192455333492,0.748726035724307,1,1,-0.454488700807876,0.627749832840633,1,1,-0.824459198232688,1.10096065510349,1,1,0.055539558428056,0.926364707917496,1,1
"74",-0.113774452875203,0.480610915033159,5,1,1,1.52025015642299,1.84252016177665,1,1,3.23190435103983,5.2673915235229,1,1,0.0388022184591497,0.432329411026286,1,0,0.196375647458034,0.417516753652921,1,1
"75",0.3741256352188,0.401522832870357,19,1,1,-1.02188918656918,1.81103848504479,1,1,-1.23971351947201,1.47006833984549,1,1,-0.920896896893248,0.61400677666342,1,0,-0.133685856921525,0.643476092164771,1,1
"76",0.00398091866178747,0.326920108458954,13,1,1,0.0281161846791757,0.302932827985743,1,1,-0.162339553565969,0.321629597284364,1,1,0.179163085511405,0.48234317639989,1,1,-0.40807880311403,0.631557161468998,1,1
"77",0.194818629158798,0.326527103619475,9,1,1,0.445848066347999,0.208471585751754,0,0,0.17194403662861,0.269759462250256,1,1,0.222876006091899,0.429639107176212,1,1,0.162053131249375,0.537435689169825,1,1
"78",-0.36459213208784,0.452841683868006,17,1,1,0.20770099481421,0.65247747036244,1,1,-0.0720383257877541,0.707095669586529,1,1,0.286519430746493,0.711824009875177,1,1,-0.330230663376438,0.760067544995728,1,1
"79",0.429621853294605,0.351033542158601,19,1,1,-1.35186906112277,1.39562502485362,1,1,-0.169935861760154,1.79086680737337,1,1,0.0946652957625034,0.386145564129664,1,1,0.124722335573634,0.337627361283704,1,1
"80",0.152774877325875,0.369985207441549,19,1,1,0.619150637528377,0.252773738110714,0,0,0.371688487014249,0.319954315335197,1,1,0.779274088121194,0.498495670182097,1,1,0.304742631606806,0.553694334851609,1,1
"81",0.138029392179539,0.518386320955004,13,1,1,0.278793463933951,0.341573982328547,1,1,-0.0216969268382409,0.421457729307118,1,1,-0.539589517667184,1.03415131781835,1,1,0.0110782460337124,0.893680496921849,1,1
"82",0.348210388167145,0.355849441128882,15,1,1,0.178455695910911,0.37501986999793,1,1,0.0973717556013708,0.345373446468029,1,1,-0.0916757586085735,0.548923314814834,1,1,0.0528220001219825,0.510289890525468,1,1
"83",0.502233451840979,0.49567081348062,17,1,1,0.267588077209469,0.269983416981213,1,1,0.213147983538497,0.337803841520507,1,1,0.530134481565373,0.457103940064352,1,1,0.284478607109017,0.525819344867679,1,1
"84",0.387912588886235,0.418581034338199,15,1,1,0.290557898267213,0.244753819846833,1,1,0.234689793468746,0.349584572927208,1,1,-0.325631175807807,0.440409501102267,1,1,0.166884272225325,0.532110548012113,1,1
"85",0.411475547956927,0.363003841936369,17,1,1,0.414531062503166,0.423520182949653,1,1,0.314265383899393,0.282080084609581,1,1,0.288623908797581,0.463619772382758,0,1,0.317764890081123,0.408238112094831,1,1
"86",-0.260558995038339,0.333175334217428,5,1,1,0.0249402439814005,0.239690322473408,1,1,-0.0744166584846776,0.26370392318477,1,1,-0.508368913138215,0.276535119338722,1,1,0.03033827577288,0.389214789329937,1,1
"87",0.0401338879383878,0.408071061438861,13,1,1,0.431326836483208,0.411398799910211,1,1,0.275412570473397,0.512359252039004,1,1,0.457150172367593,0.587378301265387,1,1,0.0126524131200153,0.670530038437888,1,1
"88",-0.648254575935808,0.282166051636034,19,0,0,0.371023420599197,0.820000018478778,1,1,0.567762875255826,0.861293041628494,1,1,0.504544685296121,0.563315976903574,1,1,-0.343308443641121,0.488727653747477,1,1
"89",0.286485524764673,0.334650130437457,13,1,1,0.0601523314747535,0.458243024559844,1,1,-0.0052483424644725,0.486982519141684,1,1,0.355489005818821,0.541304279102406,1,1,0.0505453532708227,0.543206581800865,1,1
"90",0.00308038455667427,0.413073866692754,9,1,1,0.0491725746567952,0.255903971266846,1,1,-0.276963580605581,0.270645482432426,1,1,0.0197666969475972,0.356802244602983,1,1,-0.304086607497296,0.376416809319593,1,1
"91",-0.321053054534388,0.381001510072739,15,1,1,0.170260152942929,0.186864763741777,1,1,-0.134290905456674,0.266784693103388,1,1,-0.230613244308787,0.477301510608974,1,1,-0.154912998147303,0.599831252994018,1,1
"92",0.132459742889403,0.43197248117727,7,1,1,0.130111803242686,0.276370181997513,1,1,-0.140029604992183,0.326017492059566,1,1,0.113214583740172,0.373992897664292,1,1,-0.294895100671525,0.435014375050121,1,1
"93",0.23496272925932,0.452177528849886,19,1,1,0.509710021210769,0.267326650234495,1,1,0.315283281358322,0.398112209078299,1,1,0.542065917658428,0.541199996572642,1,1,0.127282171190127,0.579233363956698,1,1
"94",-0.243401800940053,0.494978775396021,17,1,1,-0.130235178812028,0.317623930102447,1,1,-0.327339253986048,0.366337320245481,1,1,-1.80119949007851,1.28293699172594,1,1,-0.484452170569148,1.1307871374304,1,1
"95",-0.479531621774199,0.295120397257448,13,1,1,-0.227714912013359,0.383776295797949,1,1,-0.554347195094628,0.395841155636588,1,1,-0.417520447201863,0.485560922451167,1,1,-0.551755650565069,0.450582176923094,1,1
"96",-0.26300858011626,0.399609251958557,13,1,1,0.141303060943163,0.22353284337904,1,1,-0.334655773120324,0.261796810945342,1,1,-0.243007122124171,0.345093089355502,1,1,-0.358449694372492,0.379691121477264,1,1
"97",0.00466967304252681,0.433457359131661,19,1,1,-0.015213045429294,0.452806149300729,1,1,-0.174633907146614,0.42569481718918,1,1,-0.248737762460199,0.841668632650784,1,1,0.0636643461066099,0.794364006743791,1,1
"98",-0.169666474815713,0.379652529684786,19,1,1,0.0520416379512611,0.270087583358991,1,1,-0.195239921522754,0.354374564139206,1,1,-0.678722052640604,0.589462377624408,1,1,-0.0174209111405839,0.605025783811275,1,1
"99",0.5031733297347,0.442059861571809,13,1,1,0.241396823218901,0.435090266685946,1,1,0.15450448206685,0.455174300241327,1,1,-0.280196364939377,0.672159791792963,1,1,0.323460565564321,0.677554117205164,1,1
"100",0.45322337393439,0.431921087598894,17,1,1,0.439251418296067,0.358862701079657,1,1,0.286103812314223,0.427861277507357,1,1,-0.440501029550492,0.581984577572665,1,1,0.386487609304606,0.725424466809633,1,1
