"","V1","V2","V3","V4","V5","V6","V7","V8","V9","V10","V11","V12","V13","V14","V15","V16","V17","V18","V19","V20","V21"
"1",-0.119220024230461,0.279083230903286,19,1,1,0.385210774013621,0.287740959365002,1,1,-0.259696725815818,0.316310602521737,1,1,0.234500196679337,0.294692367583464,1,1,0.0401556686130715,0.338706747340447,1,1
"2",-0.426056694044472,0.373542764662281,5,1,1,0.356258759496935,0.256605691089251,1,1,-0.50968972750348,0.334223379032698,1,1,0.307723295873956,0.281951899420172,1,1,-0.304574073254925,0.384470881204855,1,1
"3",0.532180836887109,0.357833806638653,15,1,1,0.934995542628634,0.198571240043262,0,0,0.48163424944444,0.271486889577371,1,1,1.12667071902239,0.380359017229185,0,1,0.561136014849195,0.455092734435233,1,1
"4",-0.104662836787616,0.269032920641911,9,1,1,0.696069450407295,0.193402787604538,0,0,-0.0528763046714905,0.248797959261693,1,1,0.755971525356816,0.268180713814249,0,1,-0.00290212185247894,0.310366679437894,1,1
"5",-0.645617367761621,0.313106004351552,9,0,0,0.407624366053208,0.236910688904024,0,1,-0.598326466428726,0.313672326656132,1,1,0.376232717336946,0.272648885152989,1,0,-0.689748056886928,0.333315703777841,1,0
"6",-0.321859704668545,0.275293776340676,15,1,1,0.333925956219894,0.293003310835298,1,1,-0.541157604271297,0.27313504917897,0,0,-0.0137127913169061,0.273635189893905,1,0,-0.277274352082125,0.316133790932199,0,1
"7",0.240731698684423,0.268425690529767,3,1,1,0.840482546011999,0.230863217430922,0,0,0.29725288745458,0.291374971690031,1,1,0.766115105212353,0.263365633698642,0,1,0.257863551476423,0.332618582128262,1,1
"8",-0.0408040147851318,0.309922677541913,11,1,1,0.763783860977737,0.233931982395895,0,0,-0.0724607227283201,0.256256961218793,1,1,0.785136290486998,0.301383620550442,0,1,-0.0839831924296423,0.355186755327614,1,1
"9",-0.424603321977164,0.252635836774383,9,1,1,0.509884905502964,0.199015935732479,0,0,-0.384856690643596,0.306669957329445,1,1,0.0237602760618622,0.266660253629792,1,1,-0.203143232210284,0.309736680589057,1,1
"10",0.172928718667226,0.276884072490992,11,1,1,0.867102005566889,0.215971202855409,0,0,0.0798671505001522,0.293422133788862,1,1,0.668738650785463,0.310652810926623,0,1,0.13176314588322,0.359883755007094,1,1
"11",-0.282329166444774,0.300216444515865,3,1,1,0.589245829204624,0.179578892173382,0,0,-0.226086253357923,0.292732432986867,1,1,0.582784258390476,0.30111591949076,1,1,-0.137016393743921,0.271175795822561,1,1
"12",-0.00158416052067712,0.315335027090945,19,1,1,0.572181998044171,0.251532046579533,0,0,-0.0606783524751837,0.300209271280053,1,1,0.488642515258564,0.280942401063548,0,1,-0.0774960396857445,0.36223176041095,1,1
"13",0.362713413595349,0.270746467696173,9,1,1,0.70252393244883,0.217394347978111,0,0,0.321720979151986,0.259240317005632,1,1,0.777850752186499,0.292774231022283,0,1,0.243625993298798,0.334292605965293,1,1
"14",0.501617926048322,0.302573676489882,17,1,1,1.18939706439082,0.324872376026177,0,0,0.675247347255006,0.35120251468833,1,1,1.29090201692427,0.357585850032302,0,1,0.506864706421293,0.346023195513797,0,1
"15",-0.692716318946029,0.32307371111376,3,1,0,0.0835941702086956,0.226613243468378,1,1,-0.632054641239857,0.253147369395513,0,0,0.219041365148558,0.273622474645042,1,0,-0.599379518564107,0.281886601895085,0,0
"16",-0.38573708190234,0.295558195924012,17,1,1,0.542639136436655,0.226533752299686,0,0,-0.286209725610099,0.344780664694633,1,1,0.620864033957287,0.332036433346353,1,1,-0.283955792098514,0.356246384509303,1,1
"17",-0.104655050563626,0.238208086436085,9,1,1,0.53192683332005,0.288151628909572,1,1,-0.0900053336303756,0.308400156867762,1,1,0.266902711310384,0.242113565841595,0,1,-0.14613074768462,0.217608457453001,1,1
"18",0.236060391304193,0.318264321826004,17,1,1,0.725517539722544,0.23677579515617,0,0,0.170034630090394,0.28102315987383,1,1,0.627656603775777,0.328273122268576,0,1,0.0986087626521503,0.396832504529339,1,1
"19",0.367723093994239,0.304791539270791,19,1,1,0.768820598762791,0.233743680118227,0,0,0.399592295839959,0.265870247771399,1,1,1.16654474559688,0.309940469041934,0,1,0.348975035667433,0.329906498102604,1,1
"20",0.348743228353302,0.350249365195661,5,1,1,0.918253553240606,0.222825476972063,0,0,0.270087077412689,0.284786356272177,1,1,0.889071760798834,0.329397203109715,0,1,0.266104389618697,0.390331850988968,1,1
"21",0.240180602834598,0.262258373447299,17,1,1,0.709737625802556,0.207963668234922,0,0,0.0829679066792762,0.249134232412581,1,1,0.780769984673029,0.248466945284293,0,1,0.14261086479065,0.329663119626142,1,1
"22",0.510474124120308,0.369097976375616,7,1,1,1.11510819785107,0.30381245478322,0,0,0.428353821176987,0.34750258890143,1,1,1.17825009149699,0.322688975591909,0,1,0.42497546612545,0.403267986842369,1,1
"23",0.0483517138219947,0.312792851161829,9,1,1,0.914453436014868,0.220703409813682,0,0,0.123760417006868,0.297434927656227,1,1,0.831489210312747,0.286851633243452,0,1,0.0469806534712539,0.29827152848974,1,1
"24",0.399770702134664,0.301622159081189,17,1,1,1.11995855929781,0.247450274505743,0,0,0.454367890509107,0.292529139016944,0,1,0.78406483099517,0.279771708633561,0,1,0.452426540225752,0.306551506501139,1,1
"25",-0.0718756268788904,0.315268492298648,3,1,1,0.483600962802019,0.220550864927395,1,0,-0.0618451769797776,0.269787977784209,1,1,0.60043940840813,0.289020747489018,1,1,-0.0259057378985088,0.333540879319271,1,1
"26",0.479810119246241,0.302710047205192,3,1,1,1.13271138551698,0.22380709337755,0,0,0.582728560924387,0.260358042448115,0,0,0.964181515036077,0.225981266702195,0,0,0.467607178328988,0.272356188702264,1,1
"27",-0.331286528170454,0.327981303733562,5,1,1,0.536610311346129,0.230380986031414,0,0,-0.412784073980987,0.31247595008671,1,1,0.430760862582236,0.313429111253155,1,1,-0.469674304843901,0.340337740473848,1,1
"28",-0.602948345246427,0.304488157231206,7,1,0,0.0929901890288212,0.214362162692594,1,1,-0.535042008882155,0.288726126064582,0,1,-0.147121661013135,0.265054947657523,1,0,-0.454938980421179,0.266327962176649,0,1
"29",-0.174742950369824,0.301564992192349,17,1,1,0.677021166181352,0.224144370193933,0,0,-0.215440180570559,0.310922033412596,1,1,0.841068173058072,0.293635576889401,0,1,-0.289168953545758,0.298223964396526,1,1
"30",0.092411302899817,0.311664159855813,7,1,1,0.879205366151122,0.270090563271777,0,0,0.135018681352809,0.345215128627574,1,1,0.698642720622687,0.282550362991571,0,1,-0.0305608393149742,0.313267462361098,1,1
"31",-0.0982453674958532,0.278280963563753,19,1,1,0.665574111587486,0.254157097047009,0,0,-0.11186012742616,0.297098581258459,1,1,0.330370013072463,0.276325678268332,0,1,-0.0816992020149481,0.343055994862016,1,1
"32",0.161449876067082,0.269557513623045,15,1,1,0.750215552431723,0.192827596294436,0,0,0.118359453079852,0.288156485257364,1,1,0.7379225251102,0.260822653476668,0,1,0.179696167126327,0.305403164272671,1,1
"33",-0.462786398336394,0.233460340604639,9,1,0,0.547935357585434,0.252848984042001,0,0,-0.360341252836114,0.268063413116734,1,1,0.493622050493245,0.311236968176748,1,1,-0.269450168606386,0.277604160141863,1,1
"34",0.122304771123021,0.253664938579111,17,1,1,0.729878695834836,0.2572593787013,0,0,0.138766509612799,0.310242376366781,1,1,0.607688928656618,0.277575253646956,0,1,0.198215260093953,0.287957421299033,1,1
"35",-0.0919570575658322,0.314281894009095,19,1,1,0.567266468416529,0.213026475437892,0,0,-0.168865252188096,0.328991834090891,1,1,0.500565240010472,0.257096293923859,0,1,-0.210437468021588,0.318933296688054,1,1
"36",0.0799822045585477,0.25630163962928,17,1,1,0.705135811573354,0.220745581703037,0,0,0.0617248030588544,0.260458492883865,1,1,1.20156508077047,0.27358870943163,0,1,0.0166231740678503,0.304464061839933,1,1
"37",0.10742560389726,0.307075943589377,3,1,1,0.977736298588012,0.180899020302011,0,0,0.112120546937032,0.334522652349324,1,1,0.900186868407115,0.274439332746801,0,1,0.0325910066757412,0.315220503642622,1,1
"38",-0.21012243259444,0.321131904057354,17,1,1,0.62725193608819,0.25653632055073,0,0,-0.126577298941074,0.315483853271429,1,1,0.698178314927138,0.26428500264424,0,1,-0.158012928110435,0.360407086498547,1,1
"39",0.0457658944518984,0.257310600671725,19,1,1,0.678822549569101,0.172070627361791,0,0,0.0405647960480786,0.224999104319438,1,1,0.7620760773258,0.205834732056704,0,1,0.205862873001334,0.226242612886813,1,1
"40",0.343384464321119,0.242707448432333,15,1,1,0.747584953614147,0.238077935295256,0,0,0.275117921580826,0.233405395591098,1,1,0.744340791447158,0.255865597248552,0,1,0.37628426193294,0.303009276656021,1,1
"41",-0.330419551557388,0.327240254300835,17,1,1,0.428507507765304,0.198570010018866,1,0,-0.325702306198632,0.260321048884537,1,1,0.335576759017813,0.281946985403592,1,1,-0.308814334961919,0.317537640879241,1,1
"42",-0.193763564115475,0.304232598593159,5,1,1,0.442535449361491,0.292832424691248,1,1,-0.347529219682121,0.318476666674861,1,1,0.8026098800046,0.264693443052645,0,1,-0.113845672343694,0.303212858234082,1,1
"43",-0.205446863793654,0.280757909818904,11,1,1,0.513308754365289,0.214134695801406,0,0,-0.159276996139627,0.24180093800963,1,1,0.503874904709001,0.278397529675854,0,1,-0.325522448517554,0.265402127744344,1,1
"44",0.0638051770438651,0.359944583954671,15,1,1,0.808289389164515,0.239573118649872,0,0,0.0615133680319217,0.294486797077305,1,1,0.877694590465813,0.282543366746115,0,1,-0.122898619017557,0.360332305754708,1,1
"45",-0.243708478012032,0.279837254116299,17,1,1,0.584563241595658,0.235996482018501,0,0,-0.151996617764267,0.310259743148087,1,1,0.731174815702562,0.281953326262972,0,1,-0.260470318581152,0.282610908108238,1,1
"46",0.223944145927762,0.310977299197862,13,1,1,0.737498140282411,0.271949336426639,0,0,0.173280872386567,0.30454440864837,1,1,0.81437600180921,0.442987944041413,0,1,0.086080876134362,0.50140659152237,1,1
"47",0.176374723591869,0.336696991832726,7,1,1,0.991302852574104,0.298689791815872,0,0,0.191655590771868,0.334268418441481,1,1,1.05844557784281,0.323759534795348,0,1,0.109731905909036,0.438613687040035,1,1
"48",0.664156824693119,0.308805318001301,11,1,0,1.05661617252891,0.244677802277028,0,0,0.57821491604325,0.293955771795741,0,0,1.26561305920843,0.273407991103874,0,0,0.318421089243368,0.330941091868558,1,1
"49",0.0776224337293917,0.303455717783103,19,1,1,0.812914978958006,0.225664782936263,0,0,0.166951544561189,0.245733389770092,1,1,0.854737959633852,0.281533710591724,0,1,0.192199469783613,0.301530379858325,1,1
"50",-0.196404149745664,0.363960434888833,5,1,1,0.664158448637895,0.258970311184264,0,0,0.0411387474594371,0.36243783028928,1,1,0.494276715868062,0.339590309911812,1,1,0.0659729750789821,0.380164684721963,1,1
"51",0.316403346441904,0.351371189049966,17,1,1,0.942311524992373,0.237870924668291,0,0,0.235083322918363,0.35177738339251,1,1,0.706258589985625,0.349056931053825,0,1,0.275303863323566,0.37845266421985,1,1
"52",0.0912985190450198,0.331319943309638,9,1,1,0.709795545765291,0.188117132970577,0,0,0.0771466912476031,0.281930685284055,1,1,0.47120617407921,0.270827049545783,0,1,0.0630740746940939,0.338735120238714,1,1
"53",-0.451380006536184,0.334371348205534,5,1,1,0.423881008987823,0.206145764655525,0,0,-0.359420259828288,0.253266296702144,1,1,0.0424852998016608,0.274550426135643,1,1,-0.432263437174878,0.327176826655449,1,1
"54",0.303522653112122,0.280563598431146,11,1,1,0.768134158332602,0.215523233755381,0,0,0.323852439865334,0.286721485235935,1,1,0.644798278917858,0.336135688473147,0,1,0.355929316989451,0.352770047889263,1,1
"55",-0.11408923753805,0.256328957482164,13,1,1,0.524242534119195,0.208250008187842,0,0,-0.188177462907154,0.275379273601163,1,1,0.560302572568361,0.257296166296502,0,1,-0.228437802435016,0.262198315588182,1,1
"56",-0.385401099549112,0.271796237757972,13,1,1,0.310748663648181,0.241580529537817,1,1,-0.418084902027218,0.288586175649942,1,1,0.450743644037764,0.313279138947605,1,1,-0.334133147819985,0.348323394131939,1,1
"57",-0.0425285029586222,0.325020941721274,9,1,1,0.765260765679964,0.219893622658155,0,0,-0.0158544989837715,0.326904750490557,1,1,1.01990918477601,0.275629939827002,0,1,-0.00106259126680478,0.289679153294369,1,1
"58",0.694083695058138,0.27666810313627,15,0,0,1.15288245206304,0.22004954488353,0,0,0.767771457577066,0.293314863305594,0,0,0.833204634686573,0.262062598508695,0,0,0.648187257621282,0.365100253919487,0,1
"59",0.00245870716679551,0.304858009362744,7,1,1,0.569558423809035,0.203685958019292,0,0,0.0212184928409827,0.282209965974982,1,1,0.580573704566759,0.27292808626199,0,1,-0.0174219116940879,0.381642359984462,1,1
"60",0.0586124071547722,0.294813702635073,17,1,1,0.985944782878246,0.244728979259759,0,0,0.154750199272803,0.271563815847603,1,1,0.82778669021611,0.36706908606729,0,1,0.0661810530710077,0.353394630530545,1,1
"61",-0.248340504919346,0.265409296192423,19,1,1,0.76593174310151,0.207152592223127,0,0,-0.212830121608515,0.290444791789676,1,1,1.05019620113778,0.2726149750421,0,1,-0.149390087399984,0.290148310952068,1,1
"62",0.113435333950696,0.274525908444578,9,1,1,0.922982394840058,0.206206391610372,0,0,0.130574410068736,0.275175008600739,1,1,1.01026365484399,0.25065256510668,0,1,0.103496094184892,0.306582822745605,1,1
"63",0.204231151766438,0.340080740375263,19,1,1,0.753419913301567,0.214072908746114,0,0,0.145225866411838,0.304510406740687,1,1,0.781617724403988,0.28626764607231,0,1,0.0819834776948409,0.338638926232981,1,1
"64",-0.233746094181217,0.314982335842652,7,1,1,0.601869801880982,0.222768751282414,0,0,-0.278420869800445,0.322804241112761,1,1,0.46075321849944,0.300751597842255,0,1,-0.392875311776534,0.369282820105981,1,1
"65",0.229352850858547,0.212030732375883,7,1,1,0.951964308248379,0.208950930779089,0,0,0.334176677195565,0.235526715407263,1,1,0.95732490054964,0.20963309974242,0,1,0.234847191778185,0.266577771124939,1,1
"66",0.420130527141038,0.303040637149847,17,1,1,0.834528943631842,0.26315985872087,0,0,0.272290502448932,0.299461121279185,1,1,0.838169799495895,0.309836814855015,0,1,0.415677041488714,0.351952688035351,1,1
"67",-0.0528955089959313,0.307203999816261,15,1,1,0.516382674035354,0.276483236353104,1,1,-0.133451655914351,0.27491579009483,1,1,0.667398821043086,0.328308218754706,1,1,0.0861881019958145,0.287287481878433,1,1
"68",-0.174690220648736,0.32366863310493,17,1,1,0.558692149797876,0.250904914976232,0,0,0.0315837339418967,0.306542506264202,1,1,0.674533841660114,0.440934291549913,1,1,-0.0664048559173927,0.476639636914302,1,1
"69",0.0363220474558574,0.332460658979869,11,1,1,0.613621725477703,0.253137531381237,0,0,0.150893759173903,0.309952124459736,1,1,0.578036055927616,0.325501026945086,0,1,0.203678984410211,0.352891295268077,1,1
"70",0.177033212068713,0.334162295681023,7,1,1,0.729265478051892,0.235861847576095,0,0,0.151232329360937,0.306652196721005,1,1,0.944502728513434,0.328611543946001,0,1,0.120763258452935,0.323380456219263,1,1
"71",-0.00438067932217244,0.261683987465519,17,1,1,0.733155733126219,0.210271143908362,0,0,0.111716223933386,0.281297773312672,1,1,0.674897558798943,0.307973951310529,0,1,0.138921763614543,0.366045193491623,1,1
"72",0.0345369819852667,0.332251269654802,19,1,1,0.872160779555773,0.246676327432473,0,0,0.169252010582774,0.288048496596848,1,1,0.788382522548546,0.331061092563218,0,1,0.259341756541212,0.347726554102899,1,1
"73",0.00724710624615256,0.299217535692137,15,1,1,0.594591826350195,0.186792535111008,0,0,0.101759781148412,0.32540670326875,1,1,0.477350277630251,0.274822836917994,0,1,0.0352038498685259,0.331132062260056,1,1
"74",0.387108249197093,0.323943076646367,13,1,1,0.89283197913005,0.227334666086016,0,0,0.358016246123864,0.273947649568138,1,1,0.607910106077264,0.404073852359343,0,1,0.340824280614198,0.473700091252851,1,1
"75",-0.293013231478341,0.33277448692935,9,1,1,0.615929567497262,0.241112488798415,0,0,-0.131197174202166,0.317078099168454,1,1,0.780192992663143,0.286633067683442,0,1,-0.176264108303745,0.405574386500115,1,1
"76",-0.318900802056689,0.379048574259495,7,1,1,0.757598770151983,0.255691683504418,0,0,-0.438999689636651,0.368732926825755,1,1,1.03053147908124,0.440930231631779,0,1,-0.573093640753251,0.536590290609482,1,1
"77",-0.473187583205791,0.357495451804962,5,1,1,0.640212783526151,0.222991564098214,0,0,-0.299756553406542,0.352198209579971,1,1,0.460169547352816,0.257196515894527,0,1,-0.3093152581701,0.370998835172056,1,1
"78",-0.156237061032501,0.255404877178361,19,1,1,0.483963577201964,0.297269645330556,1,1,-0.20843497667335,0.370516564229485,1,1,0.386085646421113,0.306549802110866,0,1,-0.215065068180397,0.367108306170049,1,1
"79",-0.683710512207662,0.311619317752321,17,0,0,0.0895117668482045,0.271387850404292,1,1,-0.694624905774888,0.320922672277476,1,0,0.0189383735771729,0.260431060448607,1,0,-0.557704675301194,0.374683351361541,0,1
"80",0.221981585166413,0.305560515364343,19,1,1,0.693978235436267,0.312143819128667,0,0,-0.113567331188597,0.399796068393986,1,1,0.698619372850879,0.265446676335119,0,1,0.0915324984126456,0.286546429074427,1,1
"81",-0.335408885268129,0.260972193242829,7,1,1,0.547807466288706,0.191624379443414,0,0,-0.28696669787864,0.246766812993255,1,1,0.644686523244869,0.26139808818237,0,1,-0.263860363975957,0.293406119380485,1,1
"82",0.028002309863237,0.3019020073935,9,1,1,0.774130686135648,0.211253253000565,0,0,-0.00225078767838107,0.273619018535419,1,1,0.527082209093889,0.330104389237525,0,1,-0.148772615797158,0.374641087993292,1,1
"83",-0.314552708024656,0.303726431289276,19,1,1,0.419775631832715,0.233498219474314,1,1,-0.300877424690961,0.280663086387761,1,1,0.745328851373601,0.262039383815856,1,1,-0.198291263664547,0.340371526392171,1,1
"84",-0.0811948901240058,0.283579641059883,13,1,1,0.727145748970799,0.259627642228934,0,0,-0.235879649767314,0.327788678642364,1,1,0.651208166968843,0.30056298273097,0,1,-0.304543114739549,0.31934253173668,1,1
"85",-0.106385930215225,0.2986929852611,3,1,1,0.72701046834932,0.226546627950121,0,0,-0.13195369263784,0.3038452671748,1,1,0.592488894892951,0.296712858472817,0,1,-0.228274196095824,0.320002027103849,1,1
"86",0.281235955286878,0.272567568139279,3,1,1,0.933690862971485,0.222201856382712,0,0,0.321736535611328,0.305005137542204,1,1,1.04729300686004,0.289686517798955,0,1,0.351341567996694,0.340977869595742,1,1
"87",0.190283452004425,0.287179865826482,13,1,1,1.01461676444136,0.241240478064538,0,0,0.41377609333942,0.300120696061252,1,1,0.97582120618871,0.233460977862525,0,1,0.403116646102604,0.319433634024302,1,1
"88",0.159700587092633,0.324050567727687,1,1,1,0.734681246169853,0.221900809062558,0,0,0.110328086620169,0.284686830525883,1,1,0.742705486423625,0.260737623336206,0,1,0.159700587092633,0.324322626248057,1,1
"89",0.0402415163480693,0.27871132657777,9,1,1,0.484917604249129,0.362607331515966,1,1,-0.220426300379652,0.35503301846741,1,1,0.697549985155792,0.280718605234431,0,1,0.0562751375466767,0.347664605535553,1,1
"90",-0.180468999309918,0.286486966342842,19,1,1,0.632043415198866,0.254643075141805,0,0,-0.103687927755584,0.25108390638905,1,1,0.627027172201753,0.429386645123946,1,1,-0.119655720690328,0.373342252662387,1,1
"91",0.293328629861142,0.268847696647441,19,1,1,1.11163365484057,0.228109531531384,0,0,0.258152664577616,0.272127703104906,1,1,1.37262098452765,0.312382986118766,0,1,0.300886787273438,0.342407475449733,1,1
"92",0.0390839942248486,0.297765822399475,19,1,1,0.739451213140232,0.203194091807194,0,0,0.0850159533745826,0.272240249799223,1,1,0.655483605917435,0.262945074681143,0,1,0.183929639753164,0.379575338782979,1,1
"93",-0.375562370994576,0.288473471698636,17,1,1,0.372639300049833,0.219438047218675,0,1,-0.155321409127728,0.293176864680935,1,1,0.45864722354588,0.289833466298922,1,1,-0.258309765480064,0.288012126567168,1,1
"94",0.422167616759867,0.333972596361162,17,1,1,1.16372119004821,0.235235809511916,0,0,0.535380957122217,0.300956784045486,1,1,1.60983851378011,0.262003464007148,0,0,0.461762382830667,0.378301194444554,1,1
"95",0.344463333340322,0.277279209251588,13,1,1,0.812096813443488,0.212653911661479,0,0,0.306179480346025,0.30353180667206,1,1,0.715080831649301,0.274534276346053,0,1,0.351506889301773,0.360272495755343,1,1
"96",-0.415561454137762,0.340724235823862,15,1,1,0.452469084704681,0.250339080915339,1,1,-0.354924298287697,0.318183391229485,1,1,0.195243104263879,0.417455078995475,1,1,-0.361200120009667,0.379405620930256,1,1
"97",0.0469383422104463,0.297763229802265,13,1,1,0.718737632882289,0.284880915026405,0,0,-0.0146664692755919,0.315574927898954,1,1,0.375935739350405,0.302953512717662,0,1,0.053281522734172,0.375364010438642,1,1
"98",-0.0539940366985664,0.338772566099367,3,1,1,0.761087496772292,0.268358160559345,0,0,0.129814523119233,0.364243483777798,1,1,0.299694541535925,0.341954881645907,0,1,0.1371922559933,0.345397916141511,1,1
"99",-0.101703349668512,0.327669295159266,5,1,1,0.546193853437127,0.228920239707603,0,0,-0.231985650385565,0.29425401155931,1,1,0.630011019240542,0.302566796059696,1,1,-0.170719562222019,0.313913528109172,1,1
"100",-0.19285506815252,0.313772329780729,13,1,1,0.390554069785598,0.301859008761313,1,1,-0.217662658483152,0.335625584957491,1,1,0.0992242969445995,0.40065718773203,1,1,-0.0880730248603372,0.447838538481342,1,1
