"","V1","V2","V3","V4","V5","V6","V7","V8","V9","V10","V11","V12","V13","V14","V15","V16","V17","V18","V19","V20","V21"
"1",0.878128096739084,0.253746926915129,9,0,0,0.698632637618293,0.237033562793563,0,0,0.714894999292761,0.236275166680648,0,0,0.843448777925595,0.299736104816118,0,0,1,1,1,1
"2",0.67549568061527,0.24465704914733,19,0,0,0.523400242861241,0.238711196399503,0,0,0.574173851433319,0.217434758057212,0,0,0.819848897399669,0.278696662334261,0,0,1,1,1,1
"3",0.726824792973276,0.275057081214076,19,0,0,0.425079499006442,0.324133213905899,1,1,0.45299128636809,0.28156419701084,0,1,0.693810531368736,0.279853986054833,0,1,1,1,1,1
"4",0.685096987166847,0.228456889737267,17,0,0,0.769433281213216,0.234477757485982,0,0,0.775219281459836,0.232639476311215,0,0,0.952736087622165,0.267483711421309,0,0,1,1,1,1
"5",0.45454204132587,0.204021823968284,15,0,0,0.421254457640546,0.226678584620066,0,1,0.473098543414137,0.258542757042473,0,1,0.428551597995061,0.233247660642673,1,0,1,1,1,1
"6",0.394179563926405,0.240052865813561,19,1,1,0.396521075658064,0.241002601574103,0,1,0.415832069565111,0.255160961188384,1,1,0.496612504445638,0.313501233746811,1,1,1,1,1,1
"7",0.374905774703239,0.268155884305724,17,1,1,0.409431440811991,0.231910249976269,0,1,0.421604171371028,0.271759415448786,1,1,0.133800653425449,0.439307229931908,1,1,1,1,1,1
"8",0.658348821623096,0.267753025352928,19,0,0,0.756694635880439,0.3076509609842,0,0,0.721632824578752,0.315872149447864,0,0,1.09999156905478,0.360840091681424,0,0,1,1,1,1
"9",0.55805173059956,0.257777750119828,17,0,0,0.592436571538995,0.22661784344178,0,0,0.552635989715887,0.219676694082975,0,0,0.545403904340103,0.303155903705885,0,1,1,1,1,1
"10",0.787320285902016,0.261271839500664,7,0,0,0.931088847453796,0.228928271835307,0,0,0.925949338242427,0.244897429871827,0,0,0.691452602678753,0.310081595938194,0,0,1,1,1,1
"11",0.646664183988215,0.311938802267067,17,0,0,0.54038712996091,0.298887105316678,1,1,0.607329587161884,0.287258826425595,0,0,0.676291548148937,0.322620973172635,0,1,1,1,1,1
"12",1.00533037934964,0.262781088077058,15,0,0,0.670545027022033,0.233207874785809,0,0,0.678998525556419,0.273355020891493,0,0,0.798385805547721,0.304273375075737,0,0,1,1,1,1
"13",0.876021426813881,0.266535941787329,15,0,0,1.00879813817728,0.312439250051406,0,0,1.03135286838198,0.308148511481614,0,0,1.02928436948611,0.361705869056216,0,0,1,1,1,1
"14",1.04199126189908,0.303151179928656,13,0,0,0.94169716949278,0.204541216261322,0,0,0.998376310306733,0.243071554985453,0,0,0.837718753588874,0.28161166764494,0,0,1,1,1,1
"15",0.914007059262225,0.239702412628904,9,0,0,1.00231522722343,0.208960696572531,0,0,1.00442591110236,0.208654536324602,0,0,0.735091024467263,0.235387464563231,0,0,1,1,1,1
"16",0.243309864047821,0.226553992425383,15,1,1,0.251711121159792,0.288256991329877,1,1,0.214163646996739,0.254149867122733,1,1,0.279773858004614,0.310136485159995,1,1,1,1,1,1
"17",0.561375788625672,0.218425370802891,17,0,0,0.466289023887421,0.266996267772798,1,1,0.437042943465578,0.226220144287692,0,1,0.416163825190389,0.275739387413054,0,1,1,1,1,1
"18",0.763869872871177,0.240818036300517,15,0,0,0.845675366500724,0.216847427390252,0,0,0.851646656567649,0.219734505645368,0,0,0.791988354999311,0.258952768849016,0,0,1,1,1,1
"19",0.643521223329278,0.284614863360207,11,0,0,0.624158006480075,0.230597944807668,0,0,0.632158031454416,0.289585636798615,0,0,0.268725272233283,0.342442188037942,0,1,1,1,1,1
"20",0.747267991437813,0.195012804986949,19,0,0,0.911034984464014,0.191400997211951,0,0,0.95920519297247,0.219928264913365,0,0,0.854445032111202,0.245815967835275,0,0,1,1,1,1
"21",0.662511704186124,0.205758087790182,17,0,0,0.527135673109716,0.212221842386731,0,0,0.521829912546531,0.203530526425273,0,0,0.498863479536192,0.256079904456865,0,0,1,1,1,1
"22",0.677880393354373,0.318906128018016,3,0,0,0.761143137639848,0.23827263326077,0,0,0.727982709617165,0.196102003378755,0,0,1.01291487886607,0.238898326507459,0,0,1,1,1,1
"23",0.627242905559447,0.267637759370026,7,1,0,0.488523702564125,0.258999844102364,0,1,0.452284191655851,0.255730392401109,1,1,0.353872641761952,0.366788899332714,1,1,1,1,1,1
"24",0.696417463460127,0.301652447224692,7,0,0,0.837513803024358,0.221419134473102,0,0,0.814651043828355,0.242852854589164,0,0,0.728395776011128,0.277671077906286,0,0,1,1,1,1
"25",0.757340386484411,0.243476730309517,13,0,0,0.672308957596153,0.267538307628874,0,0,0.73403628010319,0.219866711970486,0,0,0.5939351371982,0.306792715812881,0,0,1,1,1,1
"26",0.496327726059878,0.218675426361491,17,0,0,0.40529780593879,0.225273716151352,0,1,0.437155605257664,0.231125766964129,0,1,0.330313996114471,0.277059428846197,1,1,1,1,1,1
"27",0.789044458739757,0.245195955290706,17,0,0,0.58249708285421,0.219437121334852,0,0,0.588125438260589,0.203135564413604,0,0,0.68097612096544,0.263888721740452,0,0,1,1,1,1
"28",0.682427386331998,0.329669837882829,3,1,0,0.789048912186333,0.205457843989385,0,0,0.706238419256954,0.22910292130959,0,0,0.948473057736441,0.294357805622007,0,0,1,1,1,1
"29",0.749125536993503,0.209985178608391,9,0,0,0.723920799827461,0.232544441826062,0,0,0.765571736734695,0.220247348231169,0,0,0.859039120546401,0.29215235202069,0,0,1,1,1,1
"30",0.761752321819914,0.239623810473048,11,0,0,0.80832435552857,0.176614749384012,0,0,0.818026262173637,0.200819110452149,0,0,0.666276967309184,0.3819949256013,0,0,1,1,1,1
"31",1.0178037585783,0.28592743730796,3,0,0,0.836060307158644,0.240368086953535,0,0,0.829410490915587,0.233322358017326,0,0,1.30015550489654,0.280684004017043,0,0,1,1,1,1
"32",1.21220121440582,0.233398366574904,13,0,0,0.913713161051432,0.214224068822148,0,0,0.90768340293107,0.219730433976618,0,0,0.946414738596114,0.20361348295344,0,0,1,1,1,1
"33",0.73561857482361,0.250376375110712,11,0,0,0.872847262770807,0.205351489784327,0,0,0.870207920284086,0.297253265883265,0,0,0.739343835383915,0.26769144790785,0,0,1,1,1,1
"34",0.71893189423371,0.280452817383611,1,0,0,0.645935465895906,0.267518780182538,0,0,0.645740943533942,0.247602571437347,0,0,0.682095092117509,0.265680774747345,0,0,1,1,1,1
"35",1.19420429201194,0.253740174166332,9,0,0,1.07480333884187,0.228589575455476,0,0,1.10626123845407,0.178954171975031,0,0,0.906034497557255,0.241846464329507,0,0,1,1,1,1
"36",0.532624928224892,0.249855431836142,19,1,0,0.474366425014488,0.233923130507685,0,0,0.454685974573637,0.210953719970028,0,0,0.561625602144657,0.251673870041399,1,1,1,1,1,1
"37",0.397079827966092,0.232528931411381,13,1,1,0.376003205523555,0.202191405170719,1,1,0.386052620936584,0.213203749877728,1,1,0.666882039930401,0.25420456292063,1,1,1,1,1,1
"38",0.538983720481819,0.235088988745456,15,0,0,0.543011223688846,0.238015972419128,0,0,0.498930185148414,0.221964207926933,0,0,0.506701635618786,0.29623172282615,1,1,1,1,1,1
"39",0.52578510340913,0.250487172302831,19,0,0,0.595316732960326,0.255588158892438,0,0,0.547217039570707,0.257883398283217,0,0,0.805858523254717,0.287704909786372,0,1,1,1,1,1
"40",0.253872866946021,0.279865926649939,13,1,1,0.470113068811331,0.221653026883773,0,0,0.442796454644013,0.213283177199725,0,0,0.249887685775928,0.303237017242129,1,1,1,1,1,1
"41",0.751784770349228,0.323891463815255,7,0,0,0.909251802203925,0.233275828229661,0,0,0.915866052268971,0.226444176522824,0,0,0.953894276435485,0.35789222678203,0,0,1,1,1,1
"42",1.12454138444022,0.278647563189158,7,0,0,1.03172411088932,0.252737731931601,0,0,1.02458230975566,0.283364427410476,0,0,1.01525204946169,0.28911050100227,0,0,1,1,1,1
"43",1.03085259507389,0.258934652857231,15,0,0,0.95199787105978,0.347760924253233,0,0,0.94681983536231,0.383840204586067,0,0,1.02005100994497,0.356377490131337,0,0,1,1,1,1
"44",1.08722243352426,0.244807373809974,17,0,0,1.04484289580501,0.209650499384834,0,0,1.06188239316762,0.207793268141158,0,0,1.33401285516464,0.280213156951062,0,0,1,1,1,1
"45",0.569892001257224,0.270748175528907,15,1,0,0.566882016641147,0.255484697861506,0,0,0.537450446649964,0.271422347167482,0,0,0.544733021941593,0.396829665047738,1,1,1,1,1,1
"46",0.987556303393881,0.249605652200279,13,0,0,1.01753061372536,0.214152757119101,0,0,1.06506358338376,0.257763886650202,0,0,1.09282367211362,0.312062728233395,0,0,1,1,1,1
"47",0.836396581532507,0.259211849032283,19,0,0,0.843320094778549,0.224039353114594,0,0,0.784873449831407,0.266467736750519,0,0,0.913523690232234,0.279205253032214,0,0,1,1,1,1
"48",0.814379641576602,0.256013028443733,7,0,0,0.683309495020091,0.205542735686937,0,0,0.693992187669763,0.181931214750316,0,0,0.57741360632921,0.273146035319631,0,0,1,1,1,1
"49",0.769492492710187,0.313489704800742,1,0,0,0.678484924089592,0.228356086377059,0,0,0.723341758890718,0.22749556444018,0,0,0.730663917302854,0.285732878578548,0,0,1,1,1,1
"50",0.312784320673125,0.292080243390816,15,1,1,0.458116199814082,0.22679579291003,0,0,0.427214691934878,0.198638272206443,0,0,0.18410399103088,0.270632234037107,1,1,1,1,1,1
"51",0.460235473411201,0.27166594563365,5,1,1,0.58365614012788,0.206609028193703,0,0,0.566103228650036,0.234229553772709,0,0,0.660722022101827,0.278816620736615,0,0,1,1,1,1
"52",0.826876198118801,0.283029912216614,3,0,0,0.908225926045867,0.280707887976349,0,0,0.927112582377096,0.26629286723214,0,0,0.684991842777708,0.289571194546287,0,0,1,1,1,1
"53",0.652960787863887,0.315833964517559,17,0,0,0.680246058019244,0.211115481546205,0,0,0.739055588311772,0.242542565672002,0,0,0.748081504242795,0.434107102784591,1,1,1,1,1,1
"54",0.463731758116517,0.253652611773971,11,0,1,0.543105386808299,0.252125126042373,1,0,0.541281555594467,0.264675341576846,0,0,0.62552901639073,0.320718730486319,1,1,1,1,1,1
"55",0.805720256763107,0.266803927133821,15,0,0,0.752902874986578,0.241482504331389,0,0,0.826780093837261,0.246977347045349,0,0,1.10045795253401,0.307249095669821,0,0,1,1,1,1
"56",0.20620015087344,0.246342480819041,5,1,1,0.267110143340976,0.203076987394909,1,1,0.222489072725222,0.220692129178369,1,1,0.0909901788219892,0.288439381233609,1,1,1,1,1,1
"57",0.906843465007276,0.226572074934738,7,0,0,0.954710890698711,0.201405847175805,0,0,0.937511260306913,0.194805922788073,0,0,0.832107521671873,0.27687122561585,0,0,1,1,1,1
"58",0.919019602426191,0.250444695822184,1,0,0,0.739972519988974,0.181883535520995,0,0,0.683889821340953,0.215060811931878,0,0,0.918030707112579,0.292617783279789,0,0,1,1,1,1
"59",0.745818576447826,0.323217751275892,7,0,0,0.737541305430817,0.200957376298656,0,0,0.752589681898192,0.209836108028845,0,0,0.60071885207743,0.29987535623613,0,0,1,1,1,1
"60",0.92914992976056,0.290315727790155,17,0,0,0.788843195342071,0.221324298305213,0,0,0.834315620407601,0.252945606477548,0,0,0.747892505817789,0.325086212602803,0,0,1,1,1,1
"61",0.282766584577245,0.325177868967129,7,1,1,0.0367791723359955,0.386706337324006,1,1,0.135359751786793,0.324553223944694,1,1,0.203026329996756,0.324554062700643,1,1,1,1,1,1
"62",0.553927371492238,0.286180708185449,3,1,1,0.457089801947424,0.245617768660241,1,1,0.509044585106117,0.206088939700405,0,0,0.740425974643252,0.278737642456222,1,1,1,1,1,1
"63",0.517679639932455,0.219265892833404,15,0,0,0.438868601617022,0.204569705132696,0,0,0.404985697103845,0.251856464714078,1,1,0.300700570435282,0.260469747169618,1,1,1,1,1,1
"64",1.02158267994172,0.240208670868758,13,0,0,0.688930748078984,0.428346680229781,1,1,0.746655403793961,0.333019154445278,1,0,1.25788916127509,0.371194655141806,0,0,1,1,1,1
"65",1.26358392098307,0.341766189756441,3,0,0,1.01926375059796,0.189860010971054,0,0,1.05428644482829,0.22020332361253,0,0,1.38697448140077,0.296035048470681,0,0,1,1,1,1
"66",0.788512638198061,0.284322637540285,19,0,0,0.725507217767048,0.223718676794954,0,0,0.749273393923025,0.274375219880386,0,0,0.705854939907214,0.449332407027135,1,1,1,1,1,1
"67",0.76182081021734,0.21702247039178,17,0,0,0.707981558800769,0.214976355120823,0,0,0.715170651489348,0.216122142618445,0,0,0.637113557628771,0.261755700999364,0,0,1,1,1,1
"68",0.333593745948746,0.279768110256333,9,1,1,0.441812408893952,0.203393453261639,0,0,0.48452525273891,0.201807973824773,0,0,0.595453196645304,0.385146982088665,1,1,1,1,1,1
"69",0.856956984505123,0.233841216464361,9,0,0,0.850665192962853,0.202245132230211,0,0,0.860148098780062,0.200630278179953,0,0,0.803850969895777,0.319154627463293,0,0,1,1,1,1
"70",0.828469384257765,0.2531096614798,15,0,0,0.782896611735881,0.221907433645522,0,0,0.766385393338823,0.215356084309712,0,0,0.778557609867814,0.243316538417038,0,0,1,1,1,1
"71",0.956720731414607,0.302457790525565,3,0,0,0.911387604977294,0.255977741204751,0,0,0.967655571295887,0.232022774090753,0,0,1.13672528974294,0.254685070393535,0,0,1,1,1,1
"72",0.623601488253115,0.242906169733148,19,0,0,0.65168357597408,0.199805689721917,0,0,0.609990827952301,0.209514002861526,0,0,0.513057803284359,0.25767072041338,1,0,1,1,1,1
"73",0.412989265404,0.269122999284115,1,1,1,0.376623168020963,0.284008350340848,1,1,0.389996498600967,0.256506713926832,1,1,0.399807326543013,0.315228625973192,1,1,1,1,1,1
"74",0.25512929564339,0.330433738369789,3,1,1,0.237088982338669,0.260489811412816,1,1,0.208159218177987,0.233648558621622,1,1,0.24800580176415,0.308211889252067,1,1,1,1,1,1
"75",0.822376127013708,0.220192872032418,19,0,0,0.83271179623827,0.225704549507019,0,0,0.834092695964637,0.265733229026781,0,0,0.597132896777887,0.277967214308696,0,0,1,1,1,1
"76",0.796584629590187,0.270692897246926,9,0,0,0.753741303622532,0.214274083061345,0,0,0.738261118962632,0.229347585253129,0,0,0.822297468962232,0.266631803244153,0,0,1,1,1,1
"77",0.578660805969275,0.23724767078767,13,0,0,0.669424532275094,0.215932749900433,0,0,0.757844668718681,0.24135452916551,0,0,0.644860277606897,0.275534775360283,0,0,1,1,1,1
"78",0.911317810302709,0.246759056004925,17,0,0,0.860343040441062,0.229691337605534,0,0,0.89445300114912,0.219719482645204,0,0,0.693300664567257,0.345267963316392,0,0,1,1,1,1
"79",0.285263234675461,0.238538600337207,17,1,1,0.392040453179461,0.205205181864167,1,1,0.36305482377602,0.229876386360767,1,1,0.588785916974062,0.330604581388263,1,1,1,1,1,1
"80",0.730422037657813,0.247991512808248,15,0,0,0.661726729884379,0.194458796838455,0,0,0.582678772610471,0.233580416830644,0,0,0.601984369700215,0.246879647926928,0,0,1,1,1,1
"81",0.882837545955857,0.275096206013644,19,0,0,0.763532034432928,0.310648011258187,0,0,0.767198326987285,0.376489583199184,0,0,0.868315744792651,0.493104957468414,0,1,1,1,1,1
"82",0.975222117194147,0.256521243568283,17,0,0,0.935110756745881,0.191928998098012,0,0,0.984086123359996,0.222526246839814,0,0,0.875790304106216,0.278312281617129,0,0,1,1,1,1
"83",0.895468816406067,0.233116034134098,15,0,0,0.76925997191301,0.268900220241408,0,0,0.821807026191794,0.251330289891904,0,0,0.878994497523296,0.332069709676535,0,0,1,1,1,1
"84",0.642105764658901,0.235511399431519,11,0,0,0.645316997218818,0.224821081234442,0,0,0.666720020650269,0.200000139964053,0,0,0.462458823045271,0.278431164697398,0,0,1,1,1,1
"85",0.95799159412321,0.28378295551839,15,0,0,1.0208148046682,0.261391023921396,0,0,1.00131878260182,0.268921928521884,0,0,0.990813184639298,0.284875208870292,0,0,1,1,1,1
"86",0.366921240153998,0.249982854508966,17,1,1,0.341053025607298,0.219808033419729,1,1,0.337616103406434,0.233761008304978,1,1,0.638084445586031,0.340187967987715,1,1,1,1,1,1
"87",0.19076385904431,0.298960631024427,3,1,1,0.149780458786658,0.2380825526371,1,1,0.151208583610758,0.258097893209285,1,1,0.24590659137931,0.279602917355869,1,1,1,1,1,1
"88",0.785441285140245,0.267689738891798,17,0,0,0.897221625678346,0.250972128612385,0,0,0.918507913738789,0.276564258071389,0,0,0.756340852989847,0.324453726791331,0,0,1,1,1,1
"89",0.525406729170878,0.268714568347427,7,0,1,0.565264727875577,0.264532055447577,0,0,0.595040048697239,0.303135141273651,0,0,0.396220340034091,0.344570356645726,1,1,1,1,1,1
"90",0.475297559578185,0.219791865149363,9,0,0,0.506088509354404,0.18068364715436,0,0,0.500200078114057,0.189613580184543,0,0,0.380625428767717,0.245220273018794,0,0,1,1,1,1
"91",0.3572911759314,0.243380015133008,17,0,1,0.533548423968115,0.244429288315893,0,0,0.482813373074633,0.264697687373728,1,1,0.11858973473707,0.382543318444481,1,1,1,1,1,1
"92",0.586196296849843,0.261691285531911,3,0,0,0.695917040713862,0.218518829933302,0,0,0.700304362630282,0.305891140845696,0,0,0.521505947951464,0.27553631861808,0,0,1,1,1,1
"93",0.791782369750206,0.319951667154529,3,0,0,0.933848611041613,0.21164545140266,0,0,0.932570434512977,0.223971289796793,0,0,0.998680941572804,0.293768316318506,0,0,1,1,1,1
"94",0.800139444044827,0.266055994642348,13,0,0,0.814764799494804,0.261822077674128,0,0,0.855283643962787,0.226083223026404,0,0,0.527942087278061,0.31088255262434,0,0,1,1,1,1
"95",0.522469250683459,0.226215863390016,19,0,0,0.577525048322871,0.233066201753116,0,0,0.579936277574141,0.273112704769941,0,0,0.741629120009753,0.403373045253501,1,1,1,1,1,1
"96",0.6276946425858,0.199702083077327,17,0,0,0.72446081275532,0.215182460558127,0,0,0.709172972194414,0.203684496221599,0,0,0.652539363107799,0.199804189110318,0,0,1,1,1,1
"97",0.827465389858192,0.270047346698374,19,0,0,0.870034321596535,0.237900431271162,0,0,0.87406700482712,0.251932357115835,0,0,0.862557517950339,0.303985862474102,0,0,1,1,1,1
"98",0.327406204795548,0.250423909653474,7,1,1,0.256749995999078,0.255448960943863,1,1,0.27539878360129,0.237220977912617,1,1,0.292699656504591,0.312878818921179,1,1,1,1,1,1
"99",0.876068360250163,0.248932226357808,9,0,0,0.828565960968727,0.207979439373728,0,0,0.857030478607269,0.241914302574513,0,0,0.598796540366406,0.262963320554262,0,0,1,1,1,1
"100",0.890098504199336,0.214146053433736,15,0,0,0.831996055232011,0.235768009940644,0,0,0.826242041765927,0.228739288549042,0,0,0.651872186673599,0.330645709911553,0,0,1,1,1,1
