"","V1","V2","V3","V4","V5","V6","V7","V8","V9","V10","V11","V12","V13","V14","V15","V16","V17","V18","V19","V20","V21"
"1",0.678759152806219,0.334219386818489,13,1,0,0.660226328432775,0.238386619073204,0,0,0.765059487520033,0.247510223035528,0,0,0.737916659764364,0.719425769268722,1,1,1.0649713097018,0.736595298810235,1,1
"2",-0.0142065622769715,0.304465094980356,19,1,1,0.258736195410733,0.289237602220636,1,1,0.251671806305865,0.330460130011433,1,1,0.348630129270035,0.457657039661435,1,1,0.678001235873032,0.470778844625841,1,1
"3",-0.21439151810892,0.328371748797185,19,1,1,0.261107394141133,0.352415034680355,1,1,0.263625758007249,0.380155642876241,1,1,0.664812924109377,0.92247922843094,1,1,0.527830860181982,0.924831122210017,1,1
"4",0.0481348185679251,0.328984003788179,9,1,1,0.206190946225321,0.203104378198907,1,1,0.19905289601516,0.232278976170962,1,1,0.266283927529307,0.503771239300015,1,1,0.563134907664537,0.501107930889833,1,1
"5",-0.00374660041493523,0.351650969260252,17,1,1,-1.49243138608721,1.72930637825239,1,1,-1.37381973250086,1.62242183403887,1,1,1.35252952333385,1.05029024375122,1,1,0.358065216092476,1.02496647232121,1,1
"6",0.0898514427692863,0.333545233813003,19,1,1,0.630524349562671,0.579149271277462,1,1,0.545228113023419,0.516102017805496,1,1,1.04120385036045,0.690705466220297,1,1,0.746775060098273,0.694825001453148,1,1
"7",-0.145879340837371,0.422315105286547,19,1,1,0.0996629968952115,0.255602823818281,1,1,0.115563003148645,0.294022725106071,1,1,0.0781979692669632,0.514232701748266,1,1,0.400539226036355,0.514584541375568,1,1
"8",0.0600407168205813,0.395191604687603,19,1,1,0.20882905043286,0.36377637870393,1,1,0.332156030556646,0.324384456082251,1,1,-0.197395747458549,0.560197961448322,1,1,0.753377230156845,0.522016129821922,1,1
"9",0.406778367721937,0.315188705718553,17,1,1,0.299086584448772,0.232246884651831,1,1,0.336984312027116,0.266554734226315,1,1,0.418952279697125,0.609689513826004,1,1,0.601621672608518,0.602104193174768,1,1
"10",0.27992397652306,0.306212764765089,15,1,1,0.0834143378737831,0.349546450141554,1,1,0.00736950178866437,0.430551344774964,1,1,0.185443711513795,0.391245103178421,1,1,0.54773128659656,0.358120605458093,1,1
"11",0.356134623477174,0.42965437182209,15,1,1,0.330024440237695,0.46363512763548,1,1,0.289570643139822,0.414141390336717,1,1,1.07029284477324,0.788262002864384,1,1,0.822456441485445,0.745297979843509,1,1
"12",0.4928098503824,0.350630577928462,13,1,1,0.343775612827745,0.271122386146859,1,1,0.359253467126649,0.280726460095741,1,1,0.4369938521878,0.437949737875068,1,1,0.853072773138757,0.438983614641485,1,1
"13",0.294425329473421,0.395048334076438,19,1,1,0.859435829191766,0.881462303729038,1,1,0.876855146798232,0.942006954611902,1,1,1.24465254599825,0.835569403239072,1,1,0.7443425949864,0.912677119514169,1,1
"14",0.0062824532851623,0.328287122420799,19,1,1,0.0809510475411529,0.305516072731825,1,1,0.0765601982403197,0.318257819716964,1,1,0.71626813597047,0.502804672001528,1,1,0.317426700784275,0.499664534696702,1,1
"15",0.615175248278757,0.3816364832379,13,1,1,0.544683882144157,0.220605003130421,0,0,0.465879897697033,0.230681216437004,0,0,0.498010818809153,0.567769874537144,1,1,0.546449127340878,0.484215310275415,1,1
"16",0.499950738085422,0.447112625642221,3,1,1,0.443699713226191,0.327007328826492,1,1,0.368097496570954,0.50677299011358,1,1,0.471212395624366,0.436498842324605,1,1,0.731257183625911,0.497750160407963,1,1
"17",0.31269768962015,0.448472085923139,15,1,1,-0.217410560121191,0.50634495518873,1,1,-0.405610462531461,0.592751887796075,1,1,-0.44279090569699,0.506358700504657,1,1,0.169337623066791,0.629703716288063,1,1
"18",-0.168339725418906,0.381310297556313,5,1,1,0.134089455451434,0.247023605056663,1,1,0.122573765439679,0.308388223926184,1,1,-0.398575463948424,0.399300188778314,1,1,0.55241300641745,0.43177738522666,1,1
"19",0.302320360544074,0.327670546880728,19,1,1,0.494388493461395,0.270223908682524,1,1,0.518582237180044,0.285698901775697,1,1,0.096626544068379,0.564942885211912,1,1,1.07714307618365,0.56571211367728,1,1
"20",0.0477573612280989,0.347880754653933,19,1,1,0.566977420804348,0.43192091536412,1,1,0.552798089483449,0.483770312740742,1,1,0.699531673042924,0.598096748896832,1,1,0.505526231241148,0.504061874516104,1,1
"21",-0.272410634441746,0.303663238336589,19,1,1,3.20983572034997,3.60752792593772,1,1,3.27791746758937,3.59469364673453,1,1,0.713203421603345,0.599828349607113,1,0,0.626764082560462,0.56595818053296,1,1
"22",0.345005799862281,0.446058776321146,7,1,1,-0.952155864499181,2.62338517702883,1,1,-0.853090187700208,2.13761553766947,1,1,0.0775454076249402,0.742249092407498,1,1,0.365268776714588,0.692992861543914,1,1
"23",0.386673063780166,0.399714897700476,19,1,1,0.441979762335656,0.304856439653945,1,1,0.460420670815307,0.31626077773293,1,1,1.23174792374956,0.678581926357754,1,1,0.692765380080837,0.708248034144394,1,1
"24",-0.149272549293585,0.314873469356024,19,1,1,-3.16070747253672,3.3527967068055,1,1,-4.34614884185613,4.80366742543143,1,1,-0.438741762981551,0.480438808730996,1,0,0.637414872543905,0.544335200209699,1,1
"25",0.11630813125768,0.345875220631024,19,1,1,-0.175217272972896,0.383808983078522,1,1,-0.197727525210173,0.430978838814468,1,1,-0.56196661340143,0.468388170853679,1,1,0.534892333135498,0.488201018248887,1,1
"26",-0.105967853499873,0.448305581884092,7,1,1,-0.291648136254321,0.593603409112004,1,1,-0.0978215451612783,0.633689160134632,1,1,-0.254872197471265,0.470958366666621,1,1,0.215440089145414,0.507950894089673,1,1
"27",-0.112622103218517,0.38502445602196,17,1,1,-0.227899913558012,0.487761310951105,1,1,-0.244990253474903,0.51084520443876,1,1,-0.651198907022451,0.547538554180965,1,1,0.795942166291641,0.534005773354317,1,1
"28",0.408617451720189,0.379777739485164,15,1,1,0.486185771157327,0.272022438650288,1,1,0.445671705880224,0.313185278231067,1,1,0.315041818413769,0.633426645156942,1,1,0.906352571503058,0.643890821703009,1,1
"29",0.469520306495678,0.343273654067397,19,1,1,0.885782779122375,0.596970717228158,1,1,0.867308211496957,0.580503254395974,1,1,1.46746566278941,0.769523719026562,1,1,1.06078387995651,0.772525474585274,1,1
"30",0.276006190674152,0.327916169370421,19,1,1,0.229616498617586,0.303563957504544,1,1,0.172869814019705,0.312210354538878,1,1,0.00824797262061329,0.403696983849613,1,1,0.365294360662289,0.490116337040349,1,1
"31",0.635655184792795,0.365293456009335,17,1,1,0.138653601550794,0.559469057378539,1,1,0.136425774161915,0.430455911114494,1,1,0.00724676918561125,0.619456505672116,1,1,0.435954027046013,0.58321928776868,1,1
"32",0.0880240429255571,0.355485946853858,17,1,1,0.265567923615752,0.235988296282307,1,1,0.155052016940569,0.244593147878286,1,1,0.171687500540715,0.413025050523029,1,1,0.352613765572421,0.37145844530087,1,1
"33",-0.0121212870170908,0.479430026547918,5,1,1,0.632825023323115,0.610954983931508,1,1,0.575179706989689,0.656132398891295,1,1,0.789262479290316,0.617136064455109,1,1,0.568906551014084,0.566122049485011,1,1
"34",-0.0481791818381192,0.290804529767744,17,1,1,0.158132360234399,0.325319964993567,1,1,0.120752856914344,0.335137476237301,1,1,0.207101339429443,0.421451133937011,1,1,0.828756594460585,0.50911981037368,1,1
"35",0.540101380308524,0.305442992511499,19,1,1,0.815150922442229,0.412763196729139,0,0,0.825520862976796,0.375401599808869,0,0,0.71019367278471,0.432965445223176,1,1,0.823933853712822,0.411041481179965,1,0
"36",0.301036542684656,0.386554958270798,13,1,1,0.618191090274201,0.383609611911622,1,1,0.501779736013705,0.349965012140086,1,1,0.962091180917477,0.567429510815998,1,1,0.772418172015832,0.564758175612091,1,1
"37",0.18509816130313,0.309126749707067,19,1,1,0.544313131652316,0.313934817925633,0,1,0.471967238554396,0.330060095592599,1,1,0.564687352345673,0.357914998263321,1,1,0.565351422425538,0.42703495833155,1,1
"38",-0.10916257637044,0.442620284236904,17,1,1,0.118725983821977,0.451824534559611,1,1,0.165615571299875,0.547634693943822,1,1,0.556526103994346,0.693934453470106,1,1,0.678100597144144,0.686116175226449,1,1
"39",-0.877354024505414,0.434090334314645,1,1,0,-0.188520889169502,0.341504693361165,1,1,-0.166118641071571,0.344865909953385,1,1,-1.05987227670323,0.388222242203265,1,1,-0.877354024505414,0.48209819812418,1,1
"40",0.127221667688286,0.383374294860601,11,1,1,0.230549521393865,0.279822064452593,1,1,0.0261023266049281,0.37697319951606,1,1,-0.33612450800026,0.5406372694521,1,1,0.669410188974339,0.591389855156669,1,1
"41",-0.8963401813158,0.32296049282929,9,1,0,-0.858583985691015,0.433082539384647,0,0,-0.732547532836056,0.405053967617807,0,1,-0.769869623825387,0.33267329316775,0,0,0.0906746424363888,0.42614425040166,1,1
"42",-0.129916885876361,0.427442465896584,11,1,1,0.104644742599682,0.26396152732153,1,1,-0.092250060914612,0.317785080947585,1,1,0.49441794906276,0.719472359766272,1,1,0.276019322364615,0.734638243137346,1,1
"43",-0.0252559978029368,0.471258961431314,17,1,1,0.085814379117338,0.366801806591481,1,1,0.110145499557047,0.375378205164246,1,1,0.501049648862609,0.996618585938385,1,1,0.632108941720026,0.973897999218359,1,1
"44",0.432258844846987,0.565974031927695,9,1,1,-0.53535322735467,0.987388100138316,1,1,-0.624256789829263,1.00374312828233,1,1,-0.667534927212471,0.720820321144383,1,1,0.526031061008995,0.723786373931305,1,1
"45",0.133337215036968,0.382296963246628,17,1,1,-0.715508649057844,0.76674022983033,1,1,-0.788352666573007,0.837353192975923,1,1,-0.951942748199443,0.747283928454136,1,1,0.299142742051099,0.814397948558352,1,1
"46",0.549127465446257,0.452269212519396,11,1,1,0.441051082942533,0.330631462077662,1,1,0.512103657553036,0.348803090815197,1,1,0.730960387452073,0.996713050621344,1,1,0.86628434883266,0.930493019972706,1,1
"47",0.699917977048025,0.429345096333674,11,1,1,0.147474040802035,0.597086027746731,1,1,0.318892050211292,0.698369957699773,1,1,-0.00485557766163323,1.03629138858473,1,1,0.908214031594169,1.10646204404183,1,1
"48",-0.198145601109426,0.465418435469478,7,1,1,-0.135870455184334,0.245659895520252,1,1,-0.221928824103465,0.290115913862459,1,1,-0.336481106966223,0.496540322206128,1,1,0.273673191137953,0.518898469721422,1,1
"49",0.133827114731213,0.305594435930066,19,1,1,0.0549126260647045,0.358366670468305,1,1,0.0519325896867651,0.376928291002295,1,1,-0.151348804952425,0.413263982553301,1,1,0.736053313500216,0.469939017804962,1,1
"50",-0.0418580409082791,0.446315905564737,7,1,1,0.258546640658001,0.294105922118005,1,1,0.266797533393439,0.290594709077663,1,1,0.528361799539639,0.877750208704521,1,1,0.753066449330815,0.804243327931316,1,1
"51",0.191085396071488,0.36311018263311,11,1,1,0.107685027348057,0.391388868372198,1,1,0.0718840967328705,0.378515193386443,1,1,-0.142915007664068,0.456877718884203,1,1,0.778537746252192,0.517118050787981,1,1
"52",0.503488808790152,0.427348347460739,7,1,1,0.583562251711632,0.376624746046119,1,1,0.424625256345627,0.434432920930657,1,1,0.805287591381576,0.646984177236933,1,1,0.529121343244413,0.784612613566632,1,1
"53",0.504246402215999,0.336343959709926,19,1,1,0.309118779195194,0.336136733645257,1,1,0.210554539271247,0.367292147609694,1,1,0.491207050446764,0.443570881963646,1,1,0.959087754174039,0.418959338577068,1,0
"54",0.222644791057137,0.377988841768649,19,1,1,0.808175833308742,0.481602018627028,1,1,0.715455727284695,0.43325543743594,1,1,0.483311536808091,0.48677076015787,1,1,1.02808281951119,0.501019177495044,1,0
"55",-0.0155110154276233,0.306256391172037,17,1,1,0.135527487502648,0.254179817035565,1,1,0.0562139445070372,0.273016410725102,1,1,0.189537580042751,0.577508152157553,1,1,0.339517133944956,0.590629939103806,1,1
"56",0.222683520401331,0.395211052889391,11,1,1,-2.26711427799502,3.09859466211047,1,1,-2.59756385655175,3.45748303837917,1,1,-0.454008433172783,0.557540477441014,1,0,0.504028148522413,0.668329960363612,1,1
"57",-0.128762895473409,0.509037672980312,7,1,1,1.85436402484882,1.97869987439406,1,1,1.65206537481442,1.55957158113992,1,1,1.02729755348847,1.00832435713864,1,1,0.777954008932576,1.02399726282332,1,1
"58",0.451650863323849,0.312874900048456,15,1,1,-0.854162208073555,1.01431275828334,1,1,-0.539512615322633,0.744060917405416,1,1,-0.227966619838176,0.483141292425111,1,1,0.396900229078847,0.468307496012419,1,1
"59",0.0537352469620405,0.305860060240995,19,1,1,0.274598525561573,0.293017536538438,1,1,0.290057854107533,0.331904698213169,1,1,1.76129698785526,0.784982430696682,1,1,0.616675646865936,0.795978907173645,1,1
"60",0.0254810336235874,0.294140145237457,19,1,1,0.245321170578656,0.352219132256785,1,1,0.30643139387963,0.31283707178554,1,1,-0.0502926371925019,0.539993804668115,1,1,0.628268941432514,0.517693669292588,1,1
"61",0.416938171754537,0.412335518181057,9,1,1,-0.595308281241338,0.793889012670263,1,1,-0.519489661968005,0.819519176899408,1,1,-0.6191144759613,0.56791340353089,1,1,0.490678257050419,0.547856113459856,1,1
"62",0.259346670000026,0.300095805975589,19,1,1,0.0260185554219356,0.435422793437039,1,1,0.101842707195541,0.501664266163587,1,1,0.305244978436289,0.529628409733278,1,1,0.595251937370688,0.602017199191511,1,1
"63",0.31102561377126,0.330674200349593,17,1,1,-0.229533481126639,0.432691786488298,1,1,-0.265255486865591,0.527815579001815,1,1,-0.391193488925753,0.386895962144219,1,1,0.867943416322796,0.401048297295736,1,0
"64",-0.05016103544302,0.436371710210687,13,1,1,0.00292550220213897,0.350815937481088,1,1,-0.10840865994482,0.340815763364436,1,1,-0.181827964510782,0.515251732780053,1,1,0.472648947220946,0.529515459817094,1,1
"65",-0.792033239272767,0.406131567489026,9,1,1,0.562699651077765,1.10718329160717,1,1,0.422761792706572,0.977264964271804,1,1,-0.0407409024780327,0.712393701483343,1,1,0.236934456558099,0.674182297338736,1,1
"66",0.478316845896145,0.466225532210652,15,1,1,-0.990298936363947,1.18171883901283,1,1,-0.903735348457288,1.19987228237555,1,1,-1.01876010362949,1.13709189467632,1,1,1.06011264964671,1.15039043774044,1,1
"67",0.816964583640486,0.356257394841398,9,0,0,1.03476320019442,0.365813762688716,0,0,1.13134640127316,0.363906283099362,0,0,1.54652125232776,0.657752918975076,1,1,1.23526504281309,0.63809872935045,1,1
"68",0.263355491256061,0.427033254854023,17,1,1,0.0938730739140985,0.352644285317944,1,1,0.16587469056246,0.34395408752304,1,1,0.346753868790391,0.453137755641771,1,1,0.786175731405705,0.444531897176895,1,1
"69",-0.277305750189177,0.370899005042903,5,1,1,-2.01432005919339,2.03847442941182,1,1,-1.69374683185368,1.76605830546222,1,1,-0.899269497937565,0.400585958340827,1,0,0.473302300249419,0.372940898702611,1,1
"70",-0.249488275011742,0.460347881011714,9,1,1,0.119600805479437,0.274091964706886,1,1,0.126278772701371,0.276023319459453,1,1,0.251392312998214,0.899677089555806,1,1,0.581824366834891,0.94568521781851,1,1
"71",0.505790305084207,0.397419791777666,19,1,1,0.975548657055052,0.586646982158848,0,1,0.957579450283447,0.64393296797574,1,1,1.60317566878625,0.672092513364913,1,1,0.901270295375483,0.717362808868781,1,1
"72",-0.103427329339957,0.341104033948878,13,1,1,0.0527163520670675,0.244459119920567,1,1,-0.00316811698779962,0.295680292191583,1,1,0.0904798133565291,0.354417602242955,1,1,0.636087193684803,0.372378173270159,1,1
"73",0.789827775397381,0.429590469109286,11,1,1,-3.36256550980602,4.03368697337636,1,1,-3.5459936509434,4.4128361383009,1,1,-0.71026679367813,0.674549560092328,1,0,0.778802013939347,0.636705669558588,1,1
"74",0.191212423614752,0.412260758984254,17,1,1,-0.324785676846982,0.699705099802229,1,1,-0.345176621883187,0.725395115655734,1,1,-1.84107149384446,1.08974282712021,1,1,0.436429981220502,1.10175633387855,1,1
"75",0.546342037634564,0.371603650847099,19,1,1,-0.225595042109429,0.693668754480517,1,1,-0.0941408841050974,0.591644152969604,1,1,-0.266640253026117,0.536409743136706,1,1,0.675532668758748,0.561930129705196,1,1
"76",0.585849867689699,0.350297537738715,19,1,1,0.991323682587128,0.402244785635775,0,0,1.02993762603248,0.40402645956231,0,0,0.382506614834287,0.407566222364304,0,0,0.83673533931846,0.411782487042327,0,0
"77",-0.0553604649333388,0.520609091048537,7,1,1,-0.0723481139748927,0.304587165948661,1,1,-0.118660649279442,0.349170824018417,1,1,-0.309896062982504,0.632756217494142,1,1,0.32379203453075,0.681421799068527,1,1
"78",0.422273505343579,0.354881959110446,15,1,1,0.210946147922535,0.266998641629317,1,1,0.171538788244659,0.344033285607414,1,1,0.376734901606863,0.742405569705559,1,1,0.611012069591794,0.732168376100895,1,1
"79",-0.242727926957552,0.363719722155816,13,1,1,-4.15924874707506,4.61085181066967,1,1,-3.22721677723046,3.81571685382972,1,1,-0.617245719422437,0.726038041220462,1,0,0.393496922891996,0.688937000578564,1,1
"80",0.336326296316429,0.42632017537388,13,1,1,0.628592355599632,0.266158109211751,0,0,0.751966693513846,0.344852432882904,1,0,0.126315508603872,0.618802610014468,1,1,1.08886003684603,0.711855983204466,1,1
"81",0.154722162275752,0.313962145061798,15,1,1,-1.29540419472148,1.39446110861962,1,1,-1.41607175777643,1.33054747341706,1,1,-0.994652808625605,0.491640610132247,1,0,0.290153358560014,0.541970689394935,1,1
"82",0.406156040329144,0.396872770181332,11,1,1,-1.44948743229712,2.11088741445751,1,1,-1.52786018750452,2.50147341802799,1,1,0.0850419352614901,0.445809308989006,1,0,0.726800544230898,0.46579846214047,1,1
"83",0.0679053514551738,0.298609785539342,13,1,1,0.29665776359267,0.513238668325428,1,1,0.327365250615364,0.559577664394972,1,1,0.310567036560672,0.613051447853264,1,1,0.449246806368814,0.626671927442414,1,1
"84",0.313828574565321,0.407141683596647,17,1,1,0.0805309086601893,0.525339710164362,1,1,0.318808129490826,0.391485564882885,1,1,0.967068765657657,0.608478725230496,1,1,0.754883482564722,0.734571892804885,1,1
"85",-0.626586199258078,0.437216135650553,7,1,1,-0.158441476736559,0.353998031609467,1,1,-0.240717302389786,0.40266166831356,1,1,-1.13546267731344,0.509227190538714,1,1,0.26796240365624,0.583831052459977,1,1
"86",0.436467200101927,0.359670320864088,19,1,1,0.492137458726345,0.206845025318429,0,0,0.478963196613702,0.271653524511642,1,1,0.712962927585055,0.323984871395278,1,1,0.515317602443982,0.340124000081824,1,1
"87",-0.145976207148488,0.381097922129676,11,1,1,0.583126812256144,0.775554094312505,1,1,0.698915247756802,0.848675999767281,1,1,0.328503203484828,0.584992875895229,1,1,0.377946161866008,0.576021551939425,1,1
"88",-0.513038020536173,0.367679615103904,11,1,1,-0.057704272177683,0.823628986870211,1,1,-0.150121890394962,1.06836795137203,1,1,-0.334698170682524,0.577641025637144,1,1,0.19271538692347,0.629905097560928,1,1
"89",0.370192474813553,0.409581804426916,19,1,1,0.166794815441195,0.560909270401776,1,1,0.0425612012942359,0.534047738052547,1,1,-0.0408787339992625,0.588161286922771,1,1,0.603845457091332,0.601710596835233,1,1
"90",0.304409522665022,0.365600699920085,19,1,1,0.219052951925607,0.227683560084348,1,1,0.234882085604453,0.247990189795198,1,1,0.47151600155935,0.512840512184255,1,1,0.57581295799063,0.586640413698932,1,1
"91",-0.0210999134987287,0.361783212559254,19,1,1,0.130205176469167,0.521633922661999,1,1,-0.0183265793370798,0.595018339942448,1,1,-0.150522931102776,0.766696591215787,1,1,0.613873512839915,0.681454492730084,1,1
"92",-0.156667672807477,0.367325212714462,13,1,1,0.437964726245392,0.373358039522447,1,1,0.364963814240981,0.354404611216572,1,1,0.521088309138585,0.449196348594254,1,1,0.589599249533203,0.483737394322795,1,1
"93",0.212483871329685,0.343238547952281,19,1,1,-0.800188307574614,0.87447867612244,1,1,-0.88966390536612,0.875001053047784,1,1,-1.46440975638244,0.616793049746689,1,1,0.480725845174973,0.658872480604592,1,1
"94",1.22467543440773,0.366060093772297,17,0,0,-1.65286018823738,3.1436815965142,1,1,-1.67764243203907,2.81838363139773,1,1,0.639519281609665,0.550718515510578,1,0,1.15240385705683,0.620482479337937,1,1
"95",0.725913525812127,0.378176521413352,15,1,1,-0.371063832318315,0.966842240799592,1,1,-0.091944436905218,1.05089558466075,1,1,0.311253946655696,0.566252355393579,1,1,0.657240596123864,0.495252573241974,1,1
"96",0.504356641807759,0.276124318436106,17,0,1,0.592273574118114,0.273197197260257,0,0,0.567344218369746,0.303668387652303,1,1,1.25226040013016,0.529617534895175,1,1,0.917212272735525,0.540552855794046,1,1
"97",-0.0530715359181362,0.387280543681681,13,1,1,0.0674574734042861,0.434093864194579,1,1,0.160835849801418,0.408123655243884,1,1,-0.00562070660092125,0.705871698288419,1,1,0.558799176671088,0.684916611695284,1,1
"98",0.0337373335077857,0.353279894985584,11,1,1,0.197711927867484,0.414861623473312,1,1,0.0777194723037459,0.335206278043897,1,1,0.21613811730963,0.508075021242165,1,1,0.71675533114005,0.433833964677042,1,1
"99",0.118501915497231,0.352396981731504,19,1,1,0.0925370586479838,0.435589682197639,1,1,0.146765322967759,0.459532714727338,1,1,0.780678101514507,0.759425375460053,1,1,0.573877848140279,0.793044875337481,1,1
"100",0.0743672724594512,0.342624027613735,15,1,1,0.387704962424174,0.304668936604546,1,1,0.342553201077081,0.309695863449151,1,1,0.747606629995513,0.582675347452721,1,1,0.93876906906742,0.57247007508756,1,1
