"","V1","V2","V3","V4","V5","V6","V7","V8","V9","V10","V11","V12","V13","V14","V15","V16","V17","V18","V19","V20","V21"
"1",0.21322096961233,0.406654889771611,15,1,1,-0.318249699260278,0.512414167700119,1,1,-0.519599155016785,0.79407814876761,1,1,-0.988219792463632,0.588387146831388,1,1,0.157095950614746,0.679689912375182,1,1
"2",1.16883753031094,0.528435317179918,11,1,0,2.89050086152088,1.43714704251826,0,0,2.62465664309774,1.52408482081169,0,1,1.64584044342607,0.620959817896169,0,0,0.918397911505293,0.752894122191504,0,1
"3",0.0044788046915761,0.429310259060242,17,1,1,0.541740043615929,0.210369926630409,0,0,0.293871883373656,0.282716843799002,1,1,0.784134949628397,0.551441810422692,1,1,0.272732569163294,0.388827081053024,1,1
"4",0.0248642350428802,0.394984103057005,15,1,1,0.414131908718655,0.40575077879725,1,1,0.325452585777102,0.571357571445249,1,1,0.434267977480966,0.659406316179492,1,1,0.0143884068895568,0.631716379725878,1,1
"5",-0.273454455065827,0.530582796771895,7,1,1,0.21991074885085,0.322247971559029,1,1,-0.0633645429541409,0.366909941216823,1,1,0.174520031654051,0.56526946396467,1,1,0.141452056182806,0.451965007406448,1,1
"6",0.481224330580243,0.384622946516329,11,1,1,0.300202308895481,0.374101257524868,1,1,0.318424851904569,0.26585884147301,1,1,0.599413875756585,0.782874128844695,1,1,0.277540607479294,0.684606990201364,1,1
"7",-0.12795099129005,0.412785532709865,9,1,1,0.355439635347904,0.301946493296163,1,1,0.142152505391713,0.316710484016942,1,1,0.193221524816633,0.517659269889265,1,1,0.145798555126027,0.505554169724954,1,1
"8",0.316791762929579,0.360566315491845,15,1,1,0.136281614048173,0.435543280781512,1,1,-0.0518582576255576,0.411146465862571,1,1,-0.507974384379568,0.788798639235214,1,1,-0.0702130051431496,0.674945851820445,1,1
"9",0.0827147060439277,0.291338670683275,13,1,1,-1.06759369215603,1.66871650633937,1,1,-0.851307259381533,1.01903899956396,1,1,-0.584461305000134,0.464641058141264,1,1,-0.0278470666998397,0.571168570997825,1,1
"10",-0.210460843497436,0.352262246992583,19,1,1,-0.257851078707857,0.363695853496335,1,1,-0.255816842115165,0.428770217867298,1,1,-0.954238102872696,0.63935379852831,1,1,-0.0643228663318024,0.554391813713417,1,1
"11",-0.52859694718957,0.423652945141016,11,1,1,-0.228313542316697,0.324014529753679,1,1,-0.464539836453834,0.355965728120671,1,1,-0.815530238279382,0.537552688906488,1,1,-0.249588058019043,0.609632173837464,1,1
"12",-0.801495248089619,0.356338578530843,15,0,0,-0.97852758647246,0.557554100336336,0,1,-1.15521130486264,0.480075466664277,0,0,-1.35882045211704,0.491769103686134,1,0,-0.610287481608535,0.435678397122843,0,1
"13",-0.381772252796058,0.306184662948344,15,1,1,-0.19955653558254,0.275952515158905,1,1,-0.33215920527389,0.29302165022407,1,1,-0.599901994522738,0.526933653266399,1,1,0.0384860763805507,0.504334352591491,1,1
"14",-0.348339711873809,0.370352420280467,17,1,1,0.112283336424675,0.228649021135701,1,1,-0.483911835605989,0.258794918589211,1,1,0.648012959252859,0.570166244452485,1,1,-0.556788433700116,0.561530548923386,1,1
"15",0.296730282542089,0.382298568483832,13,1,1,-0.28955126995817,0.662786012075193,1,1,-0.514593622450221,0.648462519494075,1,1,-1.02087850061839,0.765950702582366,1,1,-0.274791256418971,0.845020833590786,1,1
"16",0.282914434045634,0.555594563281402,13,1,1,0.507714587116131,0.31058311182305,1,1,0.282926660939277,0.356032455828266,1,1,1.13401766660102,1.11354644088238,1,1,0.329575456287587,0.932831927054356,1,1
"17",-0.198248337455101,0.387760298888136,19,1,1,-0.277187770174782,0.423438551869983,1,1,-0.45741504787661,0.441837300314658,1,1,-0.74019586521768,0.813254531728329,1,1,-0.233790732174055,0.751988087422073,1,1
"18",-0.276637357180003,0.431947483476653,17,1,1,0.184780081032962,0.328475859324598,1,1,0.0394268141898505,0.421741356659666,1,1,-0.00210007378051633,0.635335007207002,1,1,-0.107950831652919,0.641819529411196,1,1
"19",0.561389783566798,0.506170882045025,11,1,1,1.24847396865945,0.811341343411599,0,1,1.14389815513426,0.854508822964181,1,1,1.21180344403995,0.454687111545107,0,0,0.28754067622221,0.437337814732129,1,1
"20",0.109046068926069,0.37118329472335,19,1,1,0.215504782947066,0.329962677681882,1,1,-0.164029427760337,0.381013582678057,1,1,-0.647438808350081,0.862126604775025,1,1,-0.17173819224873,0.706968031958466,1,1
"21",0.385398264061087,0.284453947677897,19,1,1,-0.00501445754442804,1.14143267650276,1,1,-0.141651744882629,0.857232238334276,1,1,-0.105933968717723,0.723258886263496,1,1,0.0692875076598336,0.548860619775081,1,1
"22",-0.522111999619201,0.672715907457272,1,1,1,0.0735016224063542,0.314001155320838,1,1,0.0949537149229844,0.350803278782934,1,1,-0.448751808664621,0.562476885141435,1,1,-0.522111999619201,0.474532446482765,1,1
"23",0.244101008964925,0.442067687453539,13,1,1,0.520863986060383,0.39508029345859,1,1,0.492434713654822,0.536141919692761,1,1,0.6721446394319,0.489819242067722,1,1,-0.101112157677446,0.448572768062266,1,1
"24",-0.177722740399143,0.319202967670367,19,1,1,-0.234615849243707,0.375604011400227,1,1,-0.273679600763953,0.328713811999413,1,1,0.0314197135131739,0.322541662333037,1,1,-0.0428163479913184,0.35613068187969,1,1
"25",0.311850243729798,0.527904563625286,7,1,1,0.440891353999026,0.253351516910245,1,1,0.208256997447529,0.31860791907872,1,1,0.221752806451736,0.795110743445664,1,1,0.216810332069808,0.577697856230636,1,1
"26",0.102558033089996,0.401323597110201,19,1,1,0.814714477987924,0.453370661762137,1,1,0.677790173662064,0.446739899351758,1,1,1.36721611119437,0.793182409840428,1,1,0.55888427573676,0.665837178593321,1,1
"27",0.196387319688308,0.442598268011209,15,1,1,0.0429677381950307,0.553849400093685,1,1,-0.0924473671520515,0.371489598501208,1,1,0.30828080564421,0.610424488030565,1,1,0.0772948484254734,0.527019809727545,1,1
"28",-0.190019897311178,0.446224581416796,19,1,1,0.077275282534576,0.208595385443237,1,1,0.0394852742657262,0.29583322929581,1,1,-0.725080869890958,0.747756823208798,1,1,0.0775457467853003,0.62967521799457,1,1
"29",-0.141596591225668,0.42009757779849,13,1,1,0.0959518512530006,0.243560427159081,1,1,-0.20386190690068,0.306802204293313,1,1,-0.61080966694991,0.873739342964286,1,1,-0.146339332681492,0.947070309094757,1,1
"30",0.538694438790021,0.338205943389715,17,1,1,0.206567874016555,0.618368470499064,1,1,0.285162622907343,0.534242066256323,1,1,0.156375649016811,0.671150376237564,1,1,0.311985603604324,0.571054860785247,1,1
"31",-0.0499304690542798,0.321604913122397,17,1,1,0.275440836226156,0.237134579615008,1,1,-0.0374787175752864,0.280329441337557,1,1,0.243476974554914,0.459364737435125,1,1,0.0399325049435535,0.402135837974842,1,1
"32",-0.856924480024398,0.333996676723894,5,1,0,-0.350109222603632,0.428268233511265,1,1,-0.736767886515622,0.415422669879608,1,1,-0.631789216997931,0.460359362183323,1,1,-0.283149591155325,0.381476544740582,1,1
"33",0.145108320953701,0.436934913694191,13,1,1,0.558942591927206,0.41725633228573,1,1,0.39084638597708,0.408792042460943,1,1,0.417393946389252,1.00607040644926,1,1,0.0725232089005916,0.865080138622496,1,1
"34",0.0252903174237475,0.34387567697839,19,1,1,0.154904919189068,0.381048440234693,1,1,-0.0454582385271254,0.352990432745577,1,1,-0.264841219709485,0.630651272213243,1,1,0.0669033024412991,0.674251579731754,1,1
"35",0.390360914438298,0.369784210320419,19,1,1,0.545305260668984,0.283197999031992,1,1,0.42372177358738,0.301375913790501,1,1,0.496419258660088,0.566998550354508,1,1,0.457300864767354,0.510095730244511,1,1
"36",0.289262346763385,0.295765405813081,19,1,1,0.145525216124983,0.280383232122346,1,1,0.0984633433459592,0.295035070457179,1,1,-0.283568430131114,0.749348800336242,1,1,0.0927330275522887,0.654204960715451,1,1
"37",0.137819022920908,0.48660756175884,7,1,1,0.374041916318153,0.266357372620406,1,1,0.256784338151665,0.291873759638678,1,1,0.411605765502946,0.61648849938952,1,1,0.208480694433571,0.488252494095184,1,1
"38",0.183114787415271,0.32796918962769,19,1,1,0.582276164995753,0.275343949469773,0,0,0.148501834832029,0.28876790701188,1,1,0.633557018274183,0.501636127663357,1,1,-0.042075026459692,0.526007515461871,1,1
"39",0.153551273145918,0.339831291450108,15,1,1,-0.493961985016947,0.666135043675306,1,1,-0.361130119396137,0.451639285443757,1,1,-0.271934326584114,0.399626820701263,1,1,-0.0654810004948876,0.453296533681409,1,1
"40",-0.0615489277684544,0.37746605153887,5,1,1,0.0312819855844557,0.406730967795049,1,1,-0.253027480630787,0.348644281971435,1,1,-0.524753446233826,0.491100493175671,1,1,-0.158308594342652,0.435220645682384,1,1
"41",0.48917260702436,0.391565224713596,19,1,1,0.716344701825971,0.334850440864317,0,0,0.528917884995138,0.368713980764425,1,1,0.246829665881368,0.715642301109138,1,1,0.274432424770488,0.632754423222485,1,1
"42",0.0666556457030562,0.308211657371376,19,1,1,0.153557522685277,0.296911503806924,1,1,-0.111759002497471,0.336117975009695,1,1,-0.144416446033732,0.561064789413113,1,1,-0.255355843523428,0.550469504316504,1,1
"43",-0.467149116115184,0.402761396103515,7,1,1,-0.226294847388154,0.415648683161694,1,1,-0.350455734241068,0.325381728416508,1,1,-0.478330423819258,0.69388321776498,1,1,-0.0976149418996989,0.524330521252142,1,1
"44",-0.178045194712878,0.32797915531325,19,1,1,0.19706629209184,0.217871138683336,1,1,-0.154840627508026,0.329099540447446,1,1,0.702795695965653,0.648833651666364,1,1,-0.0154639977295905,0.64127436288263,1,1
"45",-0.626730534614029,0.417268036551341,7,1,1,-0.83490897478979,0.621025244226953,1,1,-0.840704596190703,0.410228656021861,1,0,-0.306946755548919,0.564076690228638,1,1,-0.250040296530922,0.551029891252677,1,1
"46",-0.520543119114389,0.434036879802516,15,1,1,0.707256607972749,1.52082756170211,1,1,0.679468796364471,1.57324420454947,1,1,0.254754231599038,0.732474044186257,1,1,-0.376444404199323,0.626995051321813,1,1
"47",-0.374673695548556,0.460739772121751,11,1,1,2.59357659624119,2.89279694367415,1,1,3.30682692055202,3.71597345687127,1,1,-0.00841184736634082,0.727477287257999,1,0,-0.505243075983679,0.690492478520327,1,1
"48",0.206803154426969,0.39213592196133,9,1,1,-0.427589833444668,1.32292699539417,1,1,-0.633628940270328,0.995228841944317,1,1,-0.554558955370571,0.66087273972405,1,1,0.286742778019095,0.849262681546436,1,1
"49",0.0587002599110851,0.33736698387309,17,1,1,-0.00709466200027268,0.273896925397593,1,1,-0.0237555932993127,0.28980057847691,1,1,-0.618123243069616,0.400932349299158,1,1,0.177392776939261,0.388334479589982,1,1
"50",0.317825272969155,0.392638513317855,7,1,1,1.80874063338151,1.6526086343915,1,1,1.93275164072049,1.80992373923646,1,1,0.763886847001932,0.457019922379,1,0,-0.192728390856901,0.566810550788493,1,1
"51",-0.568453882482356,0.334453298438182,11,1,1,-0.0766679817985335,0.321653597804002,1,1,-0.36640464913138,0.321846877765866,1,1,-0.895273157538841,0.697964500448335,1,1,-0.0931403294238163,0.727438883815211,1,1
"52",-0.134561145964945,0.398282361196192,9,1,1,-0.106152501496508,0.437157910540953,1,1,-0.180266812538708,0.368821951365893,1,1,-0.285418513216661,0.51795217186614,1,1,-0.434156845090964,0.453835998932252,1,1
"53",0.706503469472711,0.388181611863187,13,1,1,0.664731536462563,0.190700988207074,0,0,0.434069959077166,0.329295490456664,1,1,0.511660185754901,0.6954673388212,1,1,0.254597931533734,0.751012719771922,1,1
"54",-0.813916220840223,0.358878152464114,15,0,0,-0.673690970152069,0.357123730851915,0,1,-1.02567198765495,0.350038495013638,0,0,-1.39222599042856,0.573496310821687,0,1,-0.468031113006973,0.555290482180405,0,1
"55",-0.175525759584636,0.435095715773176,9,1,1,0.111195793139151,0.31175511522691,1,1,-0.13090118938241,0.309685182718414,1,1,0.00464532660816602,0.501491491867483,1,1,-0.0356508699755176,0.505257644775451,1,1
"56",-0.239545402604868,0.33847541951551,5,1,1,0.463081592395622,0.436816833420522,1,1,0.694176752508578,0.989767699465821,1,1,0.0624737110026124,0.348409481772439,1,0,-0.24670180559369,0.397899464620052,1,1
"57",-0.392758343133849,0.31458637539783,13,1,1,-0.628540679106185,0.365045655847716,0,1,-0.476913920386082,0.563619791410433,1,1,-0.517478571909805,0.407069871033445,1,1,-0.487394081603042,0.431399123134658,0,1
"58",-0.81273895934777,0.364454010827784,7,0,0,-0.083767712192231,0.251499561346195,1,1,-0.446418110845259,0.314877446793609,1,1,-0.187995738854911,0.438665706347759,1,1,-0.220390242829722,0.516181461556644,1,1
"59",0.537056974157192,0.394821362920331,11,1,1,-0.208531733434685,0.837452233335707,1,1,-0.397187404271635,0.893980033042624,1,1,-0.463184243287745,0.451966469623264,1,1,0.414846570226657,0.566522544397422,1,1
"60",-0.446238644999238,0.334926722039218,17,1,1,-0.0257913181523908,0.285155419433907,1,1,-0.400587998207294,0.303245587624408,1,1,0.523660273430438,0.628163275531748,1,1,-0.26537208663671,0.61598275106181,1,1
"61",0.205870043273761,0.325809773209258,9,1,1,-0.157198004288184,0.798679668975036,1,1,-0.247042769773135,0.626274418987219,1,1,0.0586814091137257,0.592844871383126,1,1,-0.00854592068506457,0.553070806827676,1,1
"62",0.0630960332544553,0.451413086773285,19,1,1,0.310833991929412,0.443982231368787,1,1,0.150882274408613,0.408620293763391,1,1,-0.93533278926183,1.0260766010752,1,1,0.25002222607855,1.00041636928536,1,1
"63",-0.729252278728595,0.472271560918015,19,1,1,-1.46133228880089,1.42489856215896,1,1,-1.59159046757717,1.12839234476496,1,1,-2.10506146642203,0.822251027188288,1,1,-0.498143861437968,0.948976294459,1,1
"64",0.257564058042369,0.409434271641514,17,1,1,-0.194229126683903,0.772677023559487,1,1,-0.367011221816101,0.541361436772162,1,1,0.114898712712962,0.492881905725499,1,1,-0.00790246355393277,0.600466759662358,1,1
"65",0.334374230509902,0.44349212060474,7,1,1,0.111656947059138,0.3526012541075,1,1,0.0392225734117651,0.326624083953477,1,1,0.0442471312569481,0.56220229982393,1,1,0.212425426414253,0.662482162785356,1,1
"66",0.0628493293102162,0.483553235431913,9,1,1,0.607795808124925,0.615090253362375,1,1,0.519375532393144,0.544839731956116,1,1,0.140631758363085,0.729694167917445,1,1,0.268820073484928,0.658111792848899,1,1
"67",0.179916309286025,0.401304742298869,13,1,1,0.80075220660728,0.516242264745171,1,1,0.622483009655398,0.705349121378185,1,1,0.939338336625996,0.604549492456034,1,1,0.181728003528932,0.683567607084359,1,1
"68",-0.261582106578517,0.49205735902039,19,1,1,0.382628269106763,0.282474737929803,1,1,0.019975402484571,0.344251227729083,1,1,1.28042937319767,0.816449730305317,1,1,0.137603204406125,0.877597471289041,1,1
"69",-0.344437214623076,0.314909103755031,17,1,1,-2.05690034809316,1.35635571006259,0,1,-0.533435438796635,0.519406322265908,1,1,-0.185938671124128,0.517003502531566,1,1,-0.474104114145673,0.577324280699378,1,1
"70",0.719173288668625,0.319861742769612,19,0,0,0.310115387050752,0.705835349704329,1,1,0.294694709740036,0.793870589604741,1,1,0.278062505903759,0.520655320920896,1,1,0.604805591990124,0.570214662687313,1,1
"71",-0.46240528687179,0.566659315912933,9,1,1,-0.10128597525659,0.37038122581954,1,1,-0.259512681727302,0.485037671286532,1,1,-0.515167729085481,0.636609976356489,1,1,0.222365137977071,0.710509039747468,1,1
"72",0.40563161107776,0.372607139072066,17,1,1,0.203349520351471,0.490779231391915,1,1,0.387369215793516,0.58116706571214,1,1,0.617520139239674,0.365832142554444,1,1,0.0736085056364196,0.432231015398141,1,1
"73",-0.453984377107188,0.427544922761102,19,1,1,-0.124758033812265,0.443118854535613,1,1,-0.410888866562055,0.498475965863263,1,1,-0.0916899674319307,0.686477754407836,1,1,-0.388727117459393,0.794257151133717,1,1
"74",-0.310863956525031,0.354213161869378,19,1,1,0.0955685216672782,0.273466513020143,1,1,-0.126060260410115,0.310986961765641,1,1,0.0603341970195856,0.32570397727906,1,1,-0.423242596014968,0.429103267298188,1,1
"75",-0.187194083304,0.39443524434744,17,1,1,0.174878198605277,0.205086898347081,1,1,-0.212660328384794,0.312251646071277,1,1,0.19102709666677,0.29220534460994,1,1,-0.472065169748582,0.42077197162095,1,1
"76",0.0396352454213315,0.448519850907641,15,1,1,-0.364761160966751,0.729630416353604,1,1,-0.53271595296562,0.699155565691322,1,1,-0.918608307238226,0.741674914221237,1,1,-0.133695228486024,0.639602216283486,1,1
"77",-0.506006980833548,0.411055430693285,15,1,1,-1.19275501240596,1.20837462027817,1,1,0.151860775178347,0.878315049224457,1,1,-0.394811008176899,0.469098195800669,0,1,-0.396727137401593,0.4368354985503,1,1
"78",-0.0866480287833309,0.380938427918722,17,1,1,0.148819698089163,0.197303583348089,1,1,1.00342626482424,1.44573122416497,1,1,-0.205126754345969,0.339962203012815,1,0,-0.242158996082815,0.381509038204889,1,1
"79",0.356685192756269,0.361288442280436,5,1,1,0.275392521409434,0.256823063583328,1,1,0.373439874520901,0.246678959587665,1,1,0.480391272454779,0.328327973821789,1,1,0.587207372450057,0.314226797701701,1,1
"80",-0.0147304461611133,0.390248588274766,19,1,1,0.191607306288016,0.304074065010618,1,1,0.0165850341147544,0.328661468658121,1,1,0.473043082413425,0.516361515683904,1,1,-0.139125990417006,0.462904912569834,1,1
"81",-0.401445632470504,0.362388698880047,17,1,1,0.120571198578313,0.316830612234479,1,1,-0.272893465468792,0.308433642087927,1,1,-0.216398239917454,0.387266236456412,1,1,-0.399146795331294,0.456030963202465,1,1
"82",-0.12330171673825,0.406434027054315,15,1,1,0.0698626739683364,0.545183361228799,1,1,-0.167311205160614,0.449683599820007,1,1,-0.251637940104024,0.677064551203611,1,1,0.0412751752595607,0.724363617913402,1,1
"83",-0.321319731796909,0.472940482687339,15,1,1,-0.0506236966150456,0.333063903529971,1,1,-0.193841503055733,0.474298533931158,1,1,-1.07664507684039,0.686240828500629,1,1,-0.120385208701108,0.723648906816261,1,1
"84",-0.0398654782854513,0.396194771797678,13,1,1,0.385711028263854,0.231544528931135,1,1,0.259577042663225,0.329403362080833,1,1,0.175498197241186,0.568896523342623,1,1,0.364354207030934,0.579060860470002,1,1
"85",-0.0713219130518975,0.389922091390857,17,1,1,0.0671818664225777,0.365496458231771,1,1,-0.0452318890223757,0.374612289209756,1,1,-0.413948699236782,0.538098740049968,1,1,-0.0644985774876877,0.659179861860084,1,1
"86",-0.342202269775799,0.348365316500037,11,1,1,-5.75992572886384,7.37475017886717,1,1,-1.11669894148151,2.21378595039481,1,1,-0.129407734190369,0.556796745308809,1,0,-0.363443408144545,0.552690697851255,1,1
"87",-0.190110039857159,0.350136568582485,17,1,1,0.0554156128884678,0.270792115964671,1,1,-0.243365191235367,0.294676733263682,1,1,-0.571532120298493,0.611651685954502,1,1,-0.00702796300548186,0.575092230402838,1,1
"88",0.569740228408947,0.397096148780966,5,1,1,0.326142665189692,0.23897154474798,1,1,0.262900402339564,0.292427001740413,1,1,0.487955940447146,0.481566136127391,1,1,0.293697406483059,0.373470298374398,1,1
"89",-0.365202726626915,0.377649350665205,9,1,1,-0.04906202353629,0.249615127330875,1,1,-0.196040862234098,0.376109198923887,1,1,-0.039959477255613,0.397653345674414,1,1,-0.409621200073483,0.371249394622194,1,1
"90",-0.225749061092917,0.362274242383098,17,1,1,0.348566074262949,0.500038186423171,1,1,0.109149338681157,0.472139563240592,1,1,-0.624506031730651,1.18884134518124,1,1,-0.22029137823705,1.07841137433219,1,1
"91",-0.720254012934437,0.702787553928041,1,1,1,-1.37472047070831,1.74122429514209,1,1,-1.505313915832,1.14061794184328,1,1,-0.361414292657372,0.664986779434202,1,0,-0.720254012934437,0.513258770539524,1,1
"92",0.165368640843284,0.362672310524804,19,1,1,0.279267507116613,0.291858731162326,1,1,0.151793829659851,0.28278896561233,1,1,0.237730648016627,0.500046767038391,1,1,0.276832151626866,0.613446582409199,1,1
"93",0.0622332134159073,0.384223727845546,9,1,1,0.579215792078228,0.398482442501517,1,1,0.583226113488605,0.512638143548357,1,1,0.171606680438004,0.465611212311511,1,1,0.220842447301678,0.526228578008852,1,1
"94",-0.11758826632565,0.357619534690995,17,1,1,-1.42429089870083,1.52874165914335,1,1,-0.634286588637174,0.597781187944896,1,1,-0.647683130933983,0.410931904813038,1,1,-0.0401243450815524,0.450876578205726,1,1
"95",0.555513894144045,0.464883089334573,13,1,1,0.926977153314815,0.57723176164464,1,1,0.704121225686812,0.680361310478804,1,1,1.53550442081193,0.694340695526016,1,1,0.361600741528839,0.790806533295324,1,1
"96",-0.723186574016641,0.405834048581902,15,1,1,-0.517823263742359,0.392647528693275,1,1,-0.868722238666895,0.409341980865967,0,0,-1.45859250939418,0.969793672728271,1,1,-0.610099169276208,0.900680806812813,1,1
"97",0.197214708025548,0.443275760950424,17,1,1,0.0902705455004197,0.378594188114399,1,1,-0.0219093168476569,0.44797855319317,1,1,0.199220208191526,0.653545525627261,1,1,-0.154835171125882,0.562461355550926,1,1
"98",-0.023853802788713,0.371926301757202,19,1,1,0.120410503023918,0.315328644424581,1,1,-0.17699305664778,0.379355606834004,1,1,-0.690273804765572,0.596679732261408,1,1,0.0878246724359647,0.652269525633776,1,1
"99",-0.158682460303293,0.448652359202579,13,1,1,0.247699412113681,0.308113164265362,1,1,-0.0432594649071126,0.354083636765302,1,1,0.304535622482034,0.385601087482931,1,1,-0.0954559077181805,0.612815163271637,1,1
"100",-0.974615817604075,0.489475833571872,3,0,0,-0.922583564659382,0.49144009445072,0,1,-0.941961894588496,0.442246620387129,0,0,-1.46659491456509,0.535558744498317,1,1,-0.481301457935987,0.523806106957876,1,1
