"","V1","V2","V3","V4","V5","V6","V7","V8","V9","V10","V11","V12","V13","V14","V15","V16","V17","V18","V19","V20","V21"
"1",-0.197545770225839,0.290138614477196,7,1,1,0.62049958250067,0.210672370820834,0,0,-0.153423274841306,0.246526926555673,1,1,0.972039299351477,0.25102759720804,0,1,-0.144918284827857,0.30835028852514,1,1
"2",0.283076032341627,0.321643644069665,11,1,1,0.819580039114363,0.209790331948469,0,0,0.228163661641084,0.316521494193069,1,1,0.911594727004673,0.277907781627423,0,1,0.280122712716478,0.295594996769538,1,1
"3",0.173075699139528,0.346228316669809,7,1,1,0.729736193020805,0.254771713092432,0,0,0.261689259711395,0.275895503572773,1,1,0.350564862513245,0.354321872829299,1,1,0.366632559210822,0.430702999037476,1,1
"4",0.411065726616421,0.319103861358407,17,1,1,1.01708910529751,0.231727197655039,0,0,0.331100181152946,0.309445298570132,1,1,1.16141845103525,0.200645487553476,0,1,0.246296206173063,0.267148102416068,1,1
"5",-0.386245649629364,0.267767726507376,19,1,1,0.509416259135744,0.223874831498734,1,0,-0.40084412538506,0.269008227363669,1,1,0.540600212730821,0.305436500489741,1,1,-0.324929874699237,0.387421506159155,1,1
"6",0.0181530661784788,0.342407384332599,1,1,1,0.906607485531179,0.203053421592672,0,0,0.038017719080312,0.288051104853066,1,1,0.929272089134576,0.301365067199341,0,1,0.0181530661784788,0.313827223292271,1,1
"7",-0.295932901196578,0.300265459219056,5,1,1,0.273876845432614,0.255910448139264,1,1,-0.198641218049787,0.284522142060126,1,1,0.424701139397276,0.251710890777193,1,1,0.0238244128345594,0.322251326583662,1,1
"8",0.216892154075371,0.335032939197708,3,1,1,0.842644477992149,0.258824472851803,0,0,0.0954548776926079,0.265407188728886,1,1,0.95073964028798,0.275252195761623,0,1,0.183433329410184,0.328004547482491,1,1
"9",0.334639443530589,0.310634766982496,13,1,1,0.815143452468447,0.238577798807159,0,0,0.367067447217989,0.248934965063539,1,1,1.1583728793288,0.347933116119348,0,1,0.332042336670524,0.402243452958085,1,1
"10",0.484319985591373,0.29000676183227,19,1,1,1.15743866203652,0.206680601576341,0,0,0.511511547096528,0.283410846800933,1,1,1.32488057059424,0.292495956995245,0,1,0.359422193107083,0.305106966814075,1,1
"11",-0.457093165502932,0.31711626217085,9,1,1,0.422368595243821,0.230876914440265,1,1,-0.472686808638696,0.260339496683419,0,1,0.422196491834441,0.249700648881147,0,1,-0.355704774126835,0.319659348259317,1,1
"12",-0.306786880073964,0.325913661128018,17,1,1,0.0771720826911185,0.264822252868017,1,1,-0.343955041118618,0.336255618928171,1,1,-0.0542946423474196,0.337089617970517,1,1,-0.148333178279715,0.36292867520681,1,1
"13",0.272391086865485,0.288215585975249,15,1,1,0.779079969804689,0.210260096687911,0,0,0.221077005560997,0.285168056563939,1,1,0.685993206592247,0.213326935960079,0,1,0.158654720829782,0.284016294115354,1,1
"14",0.553099341678663,0.304844050136144,7,1,1,1.22249247255381,0.315504250804125,0,0,0.663807416504575,0.337486212186167,0,0,1.01256638275133,0.259017080553918,0,0,0.359845156205521,0.293373320699522,1,1
"15",0.020498041846428,0.282904357886419,17,1,1,0.516301378004668,0.259320946704349,0,0,-0.0892396094676621,0.272550736958936,1,1,0.582155279995206,0.264596999075085,0,1,-0.0957680985987914,0.307113470781967,1,1
"16",-0.294650613465304,0.335826021223035,15,1,1,0.648300973499972,0.305641938270189,0,0,0.0358712823310063,0.381093646916347,1,1,0.873824435479596,0.275993374859618,0,1,-0.174180319606404,0.390008295966707,1,1
"17",-0.3435214692057,0.323064658593449,3,1,1,0.45785579127645,0.228549536221029,0,0,-0.429068458421523,0.2991365612603,1,1,0.513247814141514,0.293280243628635,1,1,-0.355168676019034,0.336658224479299,1,1
"18",-0.248778530734961,0.300557948493747,19,1,1,0.336816404897085,0.321073436469963,1,1,-0.412344307123626,0.353843165593326,1,1,0.088044334605309,0.308654116963015,1,1,-0.204806450474911,0.397980408926973,1,1
"19",-0.00244444077713337,0.294945555214292,19,1,1,0.966823829377159,0.249162246827344,0,0,0.140710602635525,0.284292795152014,1,1,0.832151346977797,0.258055756007332,0,1,-0.110470326663743,0.314861076298508,1,1
"20",-0.0156109980782413,0.293913015705804,19,1,1,0.616398784518792,0.208373904027213,0,0,-0.109197437714712,0.242287060778524,1,1,0.632354368327036,0.398478823861092,1,1,-0.217408063165284,0.486969377812763,1,1
"21",-0.13574534591589,0.389749250749518,11,1,1,0.690246848015818,0.23131069329463,0,0,-0.0561888201442824,0.321312027130937,1,1,0.520237287153669,0.646872413136521,1,1,-0.0408959200351768,0.578475342967363,1,1
"22",-0.485028074782447,0.260612234370984,19,1,1,0.660401605585634,0.201733706712612,0,0,-0.456155872837284,0.242454480294744,0,1,0.72099665424524,0.287323254326353,0,1,-0.521153131616922,0.273875726176675,1,1
"23",0.206172831012464,0.308787924721307,19,1,1,0.990984754538491,0.208705915646156,0,0,0.241821261346379,0.275317378314138,1,1,1.09186783622224,0.290445129138722,0,1,0.114359085669211,0.340957403392704,1,1
"24",-0.394379621890007,0.36550381766198,5,1,1,0.401353422407934,0.23889675115272,1,1,-0.361703935210162,0.300716417246848,1,1,0.305505212010414,0.302355677615768,1,1,-0.264911838465992,0.297858769395142,1,1
"25",-0.318310947547897,0.30917151340363,19,1,1,0.667341522061045,0.237549140957529,0,0,-0.0857638420282464,0.325877173251596,1,1,0.46617462617828,0.326524416742379,1,1,-0.290505882835464,0.364757741482631,1,1
"26",-0.125720239617922,0.3248828707976,19,1,1,0.500752256587206,0.238358526550438,1,0,-0.0745745389170852,0.291767353883304,1,1,0.330413877225557,0.264209437680267,1,1,-0.128742754276177,0.32244476013815,1,1
"27",0.133192586988429,0.335890111455121,11,1,1,0.825860947208457,0.252396779298745,0,0,0.126801758955,0.270689661229401,1,1,0.828497228486209,0.306275362019229,0,1,0.092767602748228,0.351916816893235,1,1
"28",-0.103823248111742,0.291112187469164,19,1,1,0.469121540524698,0.206460516610272,1,0,-0.0642679582859635,0.275433760127134,1,1,0.655634381260503,0.221484259761088,0,1,0.0355550384018188,0.325522304235379,1,1
"29",-0.248587699119869,0.26684436678523,1,1,1,0.340517584422081,0.204018481473318,1,1,-0.237617097268897,0.201661605422353,1,1,0.399735386501351,0.295992963775588,1,1,-0.248587699119869,0.277506047347855,1,1
"30",-0.234710718971614,0.375621779380529,19,1,1,0.496309591094351,0.237694688094799,0,0,-0.509777968948213,0.350699024437804,1,1,0.353128774941305,0.260277299367236,0,1,-0.275688621673115,0.326326443410812,1,1
"31",0.239049910062621,0.31546454170944,15,1,1,0.864928325036234,0.213827041656917,0,0,0.292326198377187,0.301276900437986,1,1,0.674192748259213,0.348782811085968,0,1,0.2306501422942,0.367018923674476,1,1
"32",0.350297809994537,0.275314345474559,17,1,1,0.943081856599151,0.242129487451885,0,0,0.456922493896671,0.274815580937149,1,1,1.10161730361702,0.32861653050174,0,1,0.414521122439626,0.372369463930765,1,1
"33",0.293945118046119,0.262445956910443,17,1,1,0.772957366872704,0.224095395360865,0,0,0.296800381626205,0.24268528977991,1,1,0.776779737507805,0.307726062694431,0,1,0.299173714249903,0.324091676880691,1,1
"34",0.0889325912564882,0.369154325770204,7,1,1,0.778391846458632,0.266316420341991,0,0,0.203283539918862,0.341940017043795,1,1,0.943973184635343,0.298123100142188,0,1,-0.0414570717394448,0.340999191453305,1,1
"35",-0.309508974681641,0.300115768244974,15,1,1,0.520679785497254,0.190280827320818,0,0,-0.317523629529782,0.284511174849243,1,1,0.599423920300507,0.27890016407886,1,1,-0.265179448487277,0.289222654804139,1,1
"36",-0.120217569384444,0.283671583574043,15,1,1,0.411010345690869,0.316328275907562,1,1,-0.286498456602171,0.319149621948555,1,1,0.465385198943176,0.367137495650568,1,1,-0.187457683277793,0.373851379209605,1,1
"37",-0.0262836008496875,0.277795965989015,19,1,1,0.656950115773468,0.272641576062274,0,0,0.0608425436693945,0.33140698293921,1,1,0.52086736040874,0.380228271474441,0,1,-0.156089063228824,0.378860881157892,1,1
"38",-0.0544264794986261,0.262316996275908,11,1,1,0.727234432138215,0.234906435953253,0,0,-0.0644678314960387,0.265730338593682,1,1,0.781983861900517,0.28122282771274,0,1,-0.124421520565393,0.272892947123736,1,1
"39",0.195889558813066,0.358813771704179,19,1,1,0.857218919288623,0.243596093385114,0,0,0.121575025568397,0.279846123520487,1,1,1.16462984376207,0.319017792091206,0,1,0.14619507791853,0.395667418259701,1,1
"40",0.183570560485842,0.259738336530019,19,1,1,1.00568986618605,0.205755439841305,0,0,0.184524946715413,0.276734363637184,1,1,1.48218170637279,0.416969356645882,0,1,0.0478148321275463,0.426475232067267,1,1
"41",-0.149927348530688,0.32677346197493,19,1,1,0.882593800054026,0.256876683112355,0,0,0.109606999416537,0.320957427768409,1,1,1.14179469246627,0.406135116053891,0,1,0.0451493684472149,0.397134622989671,1,1
"42",-0.0245646635656296,0.307190730109698,9,1,1,0.591002399371626,0.234248019968975,0,0,0.0486499438429463,0.290693537422993,1,1,0.465068360951235,0.333254600446185,1,1,0.071304988753904,0.348446241692411,1,1
"43",0.0512078674661816,0.353557988665185,17,1,1,0.390323471521406,0.371540392234283,1,1,-0.257204969343709,0.319242354311065,1,1,0.881959695102135,0.294166698161171,0,1,-0.0354530917435417,0.318194910114785,1,1
"44",-0.0827730252470656,0.272139493059248,13,1,1,0.824812049561589,0.224342688077512,0,0,-0.0885878864828697,0.289320422700932,1,1,0.780392172730509,0.267657916137262,0,1,-0.0980764398861004,0.372672602853547,1,1
"45",0.055715176638696,0.322936633398538,5,1,1,0.910874995005316,0.21742046492493,0,0,0.148636324492606,0.315752944135902,1,1,1.38387485844837,0.395965530895695,0,1,0.144560706874899,0.475306033854806,1,1
"46",0.13415365626075,0.276397696829487,13,1,1,0.786443984245054,0.23420070839399,0,0,0.199367106791471,0.270557910782297,1,1,0.427806942363506,0.288467244579961,0,1,0.153380434146443,0.315588715960604,1,1
"47",0.120370395762011,0.346640560865446,5,1,1,0.411874446594196,0.316605697909004,1,1,-0.045776228118983,0.366027916846593,1,1,0.445889687429145,0.345031348614187,1,1,0.158905550283249,0.394656432510085,1,1
"48",-0.0696783670634506,0.299214307867059,11,1,1,0.249247397961039,0.28528560255135,1,1,-0.168112045596717,0.338053682356218,1,1,0.342932365926416,0.316737753372428,1,1,-0.109434226610279,0.397698561096961,1,1
"49",0.0978744670884504,0.272839969830528,17,1,1,0.700182367619042,0.210849629614852,0,0,0.0338332315851491,0.266622097270469,1,1,0.467717211798519,0.322949978213514,1,1,0.110305151436523,0.285296821924973,1,1
"50",0.326131592200628,0.275204538309384,19,1,1,0.77356805744744,0.237096148699017,0,0,0.183743611826344,0.262668715232043,1,1,0.578016037147474,0.297340358573536,0,1,0.277365520949857,0.298444247506489,1,1
"51",-0.271211928457434,0.339693211055616,19,1,1,0.411381724497269,0.333679429802304,1,1,-0.262570562976388,0.324352563200205,1,1,0.451669548981576,0.287624892167223,1,1,-0.258892092162796,0.368000231771821,1,1
"52",-0.475104186393156,0.295132207274493,11,1,1,0.313535603568311,0.225362255037149,1,1,-0.433361481794066,0.286803047373853,1,1,0.386468330888902,0.270200340273034,1,1,-0.486752671646233,0.305176040910848,1,1
"53",0.11464416740056,0.340387542678156,5,1,1,0.832573349272659,0.20573276025848,0,0,0.245337794628662,0.304137033752988,1,1,0.549157661149328,0.271923229153359,0,1,0.191251220423499,0.365822994283426,1,1
"54",0.0183450963618013,0.335142969420626,3,1,1,0.80315111641114,0.222322758859806,0,0,-0.0859925495406788,0.251303782488535,1,1,0.830660518804573,0.306813859009191,0,1,-0.0951371738826844,0.354402366178804,1,1
"55",-0.0833210364974179,0.299615930667964,11,1,1,0.573956807384904,0.217714723584763,0,0,-0.0484304953223163,0.279066904803936,1,1,0.293120623090882,0.281459142354085,1,1,-0.0703559976471305,0.307857622587921,1,1
"56",-0.262531809607431,0.300962945074709,11,1,1,0.491625761365171,0.222786376270463,0,0,-0.312562190002767,0.259481846890253,1,1,0.538460631082532,0.229234204739192,0,1,-0.460952233506048,0.309490340757477,1,1
"57",0.495714059260406,0.339627719219031,15,1,1,1.13354095860027,0.205870999472224,0,0,0.581890613729455,0.251481834394601,0,0,1.00731038762802,0.231121367578888,0,0,0.486333178052975,0.256520089112186,1,1
"58",-0.00803839346779471,0.245797337697857,9,1,1,0.579259117993039,0.190057158038173,0,0,-0.034564634546542,0.294814768712925,1,1,0.142231656546533,0.301629272268618,0,1,-0.103441659110397,0.385270979243593,1,1
"59",-0.150057206048724,0.297059556167332,13,1,1,0.548038240232479,0.259545630671871,0,0,-0.263663290874815,0.313202139219194,1,1,0.59759109080361,0.322424471263594,0,1,-0.335817534761352,0.374259118499578,1,1
"60",0.107216371570603,0.281173797914457,7,1,1,0.755563739474879,0.190806008221377,0,0,0.207337265987361,0.256442234435944,1,1,0.748465486674801,0.232350493075576,0,1,0.186997230213945,0.267329326778524,1,1
"61",0.236771636756618,0.258363155965612,15,1,1,0.941630911844707,0.218405018457914,0,0,0.244522249991214,0.288757688377671,1,1,0.877019240003954,0.233982899446032,0,1,0.229441149187393,0.337671044683151,1,1
"62",0.219842194067546,0.30877377317391,19,1,1,0.735677361353143,0.351802714094945,0,0,0.323933007296811,0.375342232383814,1,1,0.759549001531463,0.250592603964477,0,1,0.20716241432362,0.319748241082026,1,1
"63",0.355790700325505,0.24796585903876,19,1,1,0.818100352278636,0.209022964401455,0,0,0.340957314526769,0.247184538962697,1,1,0.957807937040699,0.230042746978266,0,1,0.349213371911354,0.290862821500429,1,1
"64",0.300258288191193,0.289678675808816,15,1,1,0.916455350344579,0.198282165486603,0,0,0.254762190166761,0.293289960116917,1,1,0.904735921308151,0.274436941071236,0,1,0.260359463100407,0.306238570728872,1,1
"65",0.740565732874276,0.29781184663098,19,0,0,1.25486677918532,0.184691829070661,0,0,0.792442424828561,0.243847252960231,0,0,1.11380684906649,0.24680780741986,0,0,0.705045440208637,0.314865589320723,0,0
"66",0.250002127346038,0.296223289164914,19,1,1,0.792711858768002,0.235522276086028,0,0,0.197066453713208,0.257266782048031,1,1,0.741271079403208,0.278806134643768,0,1,0.087878352556881,0.310084465184131,1,1
"67",-0.330814285695534,0.334796064526987,3,1,1,0.530502007865703,0.224726600274344,0,0,-0.493770664225271,0.306236338924549,0,1,0.783444081502171,0.324042682848896,1,1,-0.392715155677753,0.366802522668602,1,1
"68",0.067945048442117,0.321871919577533,15,1,1,0.857262865908472,0.156842068846639,0,0,0.0674861663650704,0.23771986068509,1,1,0.821063516965466,0.292641735308767,0,1,0.0379824053095671,0.330662849749328,1,1
"69",0.380232915593818,0.304008957952421,13,1,1,1.13160787146392,0.255605648352457,0,0,0.447429055502021,0.308026360351293,1,1,0.916343378307844,0.26119876096575,0,1,0.273408745553537,0.357472759188839,1,1
"70",0.291337885286919,0.348092097244523,15,1,1,1.10934424968392,0.230980227321077,0,0,0.299655872030948,0.322038724485398,1,1,1.24123789336626,0.286778319349031,0,1,0.232666225037861,0.400931707781757,1,1
"71",-0.175161715745003,0.324309325522449,19,1,1,0.45695810003402,0.254736259635553,1,1,-0.305133376274147,0.342320917162534,1,1,0.479097536594147,0.442540064505656,1,1,-0.0936452410725135,0.422227110959651,1,1
"72",0.57914796371375,0.397283696299184,17,1,1,1.22332718900681,0.295417637840595,0,0,0.553502282636024,0.358780111832529,1,1,0.744468365830221,0.349168783535602,0,1,0.394741840259293,0.447945149542363,1,1
"73",0.306787298792922,0.293397975186509,11,1,1,0.716378809446122,0.245683382305531,0,0,0.194233805955716,0.310953207659461,1,1,0.768632232702735,0.294244061648146,0,1,0.104440384854946,0.308853699181985,1,1
"74",0.198777838925584,0.286522379746306,17,1,1,0.609294092037579,0.209961646438637,0,0,0.171581877813633,0.274957745083503,1,1,0.51724207978562,0.320290938643462,1,1,0.237999099936085,0.289429835967262,1,1
"75",0.067184322824954,0.277645816416095,19,1,1,0.860740173788033,0.220132282021666,0,0,-0.0073624236397208,0.244550436558142,1,1,0.733850457775644,0.271222854864982,0,1,-0.132363706860189,0.30813722243831,1,1
"76",0.215465743729012,0.293199919777067,13,1,1,0.566487103989499,0.282912824346464,1,0,0.093906829181201,0.358296775143684,1,1,0.513972644465841,0.41072700690949,1,1,0.211423833171578,0.474052945626859,1,1
"77",-0.11785475115464,0.239094178138688,9,1,1,0.746877757906938,0.210612573488748,0,0,-0.125405968037169,0.234299824275876,1,1,0.636512041058667,0.286679686063061,0,1,-0.161811288705691,0.305216553352323,1,1
"78",-0.0926595743404249,0.289067249478395,17,1,1,0.589662911947891,0.257917818716497,0,0,-0.162876997898934,0.292425258130939,1,1,0.558261451235274,0.300040834783482,0,1,-0.051487626245662,0.304846300109762,1,1
"79",-0.191460819446018,0.414589822230887,7,1,1,0.547915495736876,0.214420473085101,0,0,0.0308030350220963,0.330231473307617,1,1,0.612298858227365,0.495358141645279,1,1,0.0779335078905965,0.462183570830387,1,1
"80",0.0428987006948524,0.267938112746258,17,1,1,0.912140731042661,0.196422701685367,0,0,0.142499360089567,0.277893407537758,1,1,1.11864932855176,0.252753843548558,0,1,0.053206710853541,0.296151247870893,1,1
"81",0.63322634873613,0.283111802159283,19,0,0,0.833987092680518,0.376557098558189,0,0,0.33237215792852,0.415888844900596,1,1,1.08097614991134,0.245931838042667,0,1,0.548780687891446,0.282229141118988,0,1
"82",0.074440301012975,0.322696417463625,11,1,1,0.550226466798646,0.221634175835587,0,0,0.127932845091315,0.281887931924466,1,1,0.608989381277825,0.33269376838555,1,1,0.274900346527943,0.403821601928339,1,1
"83",0.413406464702137,0.322121573869502,7,1,1,0.887857184176501,0.222843737820981,0,0,0.424219221419248,0.268914698359933,0,1,1.06341695788442,0.328919621498853,0,1,0.524806169990652,0.345340170428562,1,1
"84",-0.00583376008810429,0.316509747735379,3,1,1,0.746761642940928,0.214138950702921,0,0,0.0822878809158329,0.274793598392733,1,1,0.804768226066659,0.264142950996775,0,1,0.159816627480619,0.312160260511506,1,1
"85",0.0917817610123459,0.289703958195766,19,1,1,0.766236505774247,0.282646460286556,0,0,0.179795288543313,0.281004057763686,1,1,0.623983586167264,0.322679359307913,0,1,0.0274367236310945,0.36987759092882,1,1
"86",-0.48985987317333,0.305129353466283,11,1,1,0.387363839755105,0.228202417012084,1,1,-0.391987831977613,0.273379773161199,1,1,0.605173187471196,0.292044998722385,1,1,-0.426353725224758,0.363866508837886,1,1
"87",-0.165325544399923,0.266865782136126,11,1,1,0.555243580884814,0.222352618967497,0,0,-0.223198836526288,0.279433118501734,1,1,0.495285234658282,0.268400611901571,0,1,-0.291666008352444,0.334557773591372,1,1
"88",0.0617616500203552,0.328474495267461,19,1,1,0.838762561515999,0.262658768980841,0,0,0.121764014722643,0.377790131525483,1,1,0.835259413872396,0.310003537147798,0,1,-0.11641998843667,0.374409498549958,1,1
"89",0.108955727380641,0.351282944354833,11,1,1,0.555352615216389,0.255637476219192,0,0,0.016844848522195,0.330646120485144,1,1,0.564893676339036,0.241910160171601,0,1,0.132819733250701,0.327491537051786,1,1
"90",-0.268781744930251,0.357370300597541,17,1,1,0.413866443567407,0.210624796212408,0,0,-0.22895860825588,0.305890111840545,1,1,0.600627656001897,0.297905133699984,1,1,-0.220210516298061,0.326272071726103,1,1
"91",0.463991978426471,0.297031649437176,19,1,1,1.03028438924333,0.214689138340419,0,0,0.447304569828481,0.263214451709565,1,1,0.847665550704331,0.273436947901014,0,1,0.435260564715923,0.373842931126455,1,1
"92",0.595025607361978,0.325291872060869,7,0,1,1.01224683865606,0.247348638758247,0,0,0.637253745592504,0.297661716845097,0,0,1.2566602635114,0.35142356722432,0,1,0.510070872177066,0.392967010973185,0,1
"93",0.0509947002881023,0.310704672582037,17,1,1,0.524069189253841,0.214498614460677,0,0,-0.0939350965237438,0.258319681769266,1,1,0.676932016475756,0.239635954586775,0,1,-0.0483133351954063,0.310862889547305,1,1
"94",-0.0169161798290685,0.340892854681848,11,1,1,0.734826121248357,0.240926990977495,0,0,-0.0323551979653652,0.296901379220349,1,1,0.569882783104342,0.369844930534729,1,1,-0.0182508179132242,0.391730122686065,1,1
"95",-0.0567428244211809,0.329330740807341,17,1,1,0.790583256394334,0.179590040530416,0,0,-0.202195452770824,0.264916991555374,1,1,0.925195515909057,0.322445340224622,0,1,-0.31568896344523,0.354098479956594,1,1
"96",-0.106869530415713,0.319320770438188,9,1,1,0.581544316692558,0.214401968144296,0,0,-0.153611757035929,0.278074727649397,1,1,0.481940469406401,0.282497098814836,0,1,-0.119040056852977,0.353930225474625,1,1
"97",-0.295668631486864,0.320004722821928,19,1,1,0.505506481352916,0.25238962381418,0,0,-0.150588539168377,0.3266223307013,1,1,0.346049644767267,0.296436655099939,1,1,-0.227085663134111,0.307194872007582,1,1
"98",0.172396086108346,0.306336163817096,7,1,1,0.643558790919189,0.239021088525271,0,0,0.273220765968301,0.282173738799849,1,1,0.759946552687434,0.287953925688404,0,1,0.296138784143089,0.308098317557973,1,1
"99",0.0562282211151627,0.331080022707967,11,1,1,0.551161818126029,0.239218762389893,0,0,0.0540928832049649,0.244258736810121,1,1,0.338339246889688,0.261120580095088,0,1,0.00491368818429049,0.281608171010197,1,1
"100",0.327316609514219,0.305391543806848,7,1,1,0.878612803462416,0.215589389165605,0,0,0.420775760464525,0.291049434190368,1,1,0.674835665180225,0.297941921818141,0,1,0.421622301581797,0.29118961887258,1,1
