"","V1","V2","V3","V4","V5","V6","V7","V8","V9","V10","V11","V12","V13","V14","V15","V16","V17","V18","V19","V20","V21"
"1",0.45871417914393,0.251765016548138,19,1,1,0.468859479870699,0.243614479707129,0,1,0.461741966418116,0.22693515181754,0,0,0.10518336930659,0.378795693587848,1,1,0.548874718849003,0.305748795647452,1,1
"2",0.638023376892102,0.245185084879002,11,0,0,0.684437143205424,0.227705897148732,0,0,0.652402551096686,0.207652522486506,0,0,0.731385507161157,0.25475293077297,0,0,0.631716724094164,0.250613589758889,0,0
"3",0.606103991572813,0.260729264563748,5,0,0,0.712299246211219,0.184020026232329,0,0,0.698250906113589,0.218701247910441,0,0,0.703838279939624,0.239567458861952,0,0,0.732775139555326,0.26855486559284,0,0
"4",0.847201213039443,0.282755300972563,15,0,0,0.543137074030889,0.251304016995388,0,0,0.626108981645474,0.231036641251935,0,0,0.779003602856368,0.262576475485975,0,0,0.56746737136482,0.298782701396131,0,1
"5",0.841236859024907,0.246805395801754,17,0,0,0.869711349769983,0.225309703466935,0,0,0.828027229255373,0.220396742993259,0,0,0.631851409857141,0.345912032533097,0,0,0.790626295074999,0.346406134843385,0,0
"6",1.23411824482479,0.257255142301851,19,0,0,1.14103778880444,0.221931423522106,0,0,1.15835139402517,0.191727996940199,0,0,1.27703699497228,0.291220561366334,0,0,1.11681590811878,0.337033199347862,0,0
"7",0.768643270020939,0.207865466318294,5,0,0,0.791705180919284,0.231072322681554,0,0,0.780959391199726,0.175204183035052,0,0,0.893060667926646,0.233001560313038,0,0,0.81313480260302,0.21213810788936,0,0
"8",0.806161672354143,0.312888889159058,9,1,0,0.693214154206331,0.231408807814907,0,0,0.691827448745427,0.265702954197733,0,0,0.874064947676307,0.266997347863902,0,0,0.784094117028219,0.285252439678269,0,0
"9",0.527707037841835,0.265770412153051,17,0,0,0.644360877775459,0.24889113846541,0,0,0.631081602816656,0.279852698709019,0,0,0.718176549899393,0.240760201133162,0,0,0.55017541630362,0.259140281900653,0,0
"10",0.858063769030749,0.296501239645396,9,0,0,1.00190063094498,0.235608020484845,0,0,1.03498193092747,0.25967559995018,0,0,1.40883080123932,0.408456271251494,0,0,0.72732645924937,0.446066948479863,0,1
"11",0.404969544595334,0.290367537053494,5,1,1,0.403361827201083,0.241584342047232,1,1,0.392841282138562,0.234106629384578,1,1,0.35627466366008,0.334844122135114,1,1,0.421901010328432,0.316463132509078,1,1
"12",0.702219078875882,0.201558943662321,11,0,0,0.584855160884556,0.227353790973238,0,0,0.636455569002819,0.199664595780493,0,0,0.699673432428051,0.255680449179916,0,0,0.642270174324283,0.245553436838541,0,0
"13",0.49031763531001,0.240459152479667,17,0,0,0.553476508054597,0.176729850081117,0,0,0.508226120568741,0.182821244038148,0,0,0.556757537775961,0.261125150728359,0,1,0.539857184485611,0.244995831403432,0,0
"14",0.229377324947349,0.289874441945194,5,1,1,0.386642863299601,0.295006556740492,1,1,0.368506261835491,0.323267758426326,1,1,0.474824770697701,0.300433924061339,1,1,0.240468028088696,0.275025630565929,1,1
"15",0.835080977135489,0.271911052450218,7,0,0,0.824712819076864,0.219215544338184,0,0,0.833879554991011,0.231809628414868,0,0,0.789249431188978,0.257507783727639,0,0,0.777067722861336,0.250929389216742,0,0
"16",1.06397933191795,0.265582004626007,19,0,0,1.04397270017898,0.21919735099504,0,0,1.04289445108339,0.236299091362966,0,0,1.04116628706866,0.326096150306909,0,0,1.08548140350387,0.327398056000131,0,0
"17",0.723346501204487,0.252915952921845,11,0,0,0.829329607462755,0.234653631126826,0,0,0.838736799419693,0.225753338229499,0,0,0.819283793337585,0.269023252675186,0,0,0.803508369687556,0.280653419230317,0,0
"18",0.658011390039912,0.277271725774287,9,0,0,0.660249389692992,0.226864042703684,0,0,0.661057397664959,0.228199499125684,0,0,0.529030172602464,0.393572759500964,0,1,0.617408014776078,0.366249036482169,0,1
"19",0.44417951716738,0.22766539431314,19,0,1,0.739787450076591,0.299693104742325,0,0,0.803353278600102,0.326224709345365,0,0,0.822260380540904,0.287086929944113,1,0,0.631282920990306,0.271494707462478,0,0
"20",1.17120292686474,0.281808218359757,17,0,0,1.05503353562907,0.251197089758939,0,0,1.07687157952039,0.261979496583657,0,0,1.28088419964394,0.316973596658824,0,0,0.889291679397045,0.311196686819173,0,0
"21",0.785099344887879,0.229872577084427,7,0,0,0.846201680199773,0.17599008248002,0,0,0.817191047347666,0.227692039398519,0,0,1.09346396142184,0.280388196836918,0,0,0.764561542648989,0.275713689756872,0,0
"22",0.825470778644931,0.220302287507468,13,0,0,0.791891311259808,0.222826788618936,0,0,0.80084971267708,0.216831973950958,0,0,0.912948338141278,0.255701897094635,0,0,0.741578820993762,0.294065158230996,0,0
"23",0.595311800497277,0.246508397025205,13,0,0,0.654455003420574,0.194434330303993,0,0,0.617352869104874,0.267434773465702,0,0,1.07218398568232,0.40584477851006,0,1,0.505039164777408,0.404382371715532,0,1
"24",0.98217026846085,0.321207239804442,9,0,0,0.897693211445151,0.243917095126721,0,0,0.925267290883865,0.264598416057176,0,0,0.433248900955556,0.48017745895382,1,1,0.868507591033662,0.463076154096807,0,1
"25",0.140833569638833,0.328180884352193,7,1,1,0.224024445675304,0.252420909565617,1,1,0.235475496420261,0.265655635955085,1,1,0.599000747586222,0.306682187493796,1,1,0.39437011451449,0.367447520705158,1,1
"26",0.812852107627399,0.294463800398542,7,0,0,0.938877223028148,0.296499749510684,0,0,0.900166453967413,0.248596792072273,0,0,0.810864467922071,0.33642869097509,0,0,0.77781777236102,0.350134663624892,0,0
"27",0.664092306048215,0.224045716279239,17,0,0,0.555801463933294,0.226568541708151,0,0,0.567383409986801,0.239476655913907,0,0,0.768353632328106,0.253159744200941,0,0,0.628866035248397,0.285410551182395,1,0
"28",0.987842988856855,0.282151314097538,3,0,0,0.862583149287013,0.258785615315813,0,0,0.82264263807156,0.279059285520878,0,0,0.862148064518609,0.329685333048362,0,0,0.762145111793821,0.297647739133855,0,0
"29",0.774513579987697,0.238190651848368,1,0,0,0.610175078531108,0.210771987767458,0,0,0.653069150985121,0.202775366106164,0,0,0.686382718093167,0.244803732027364,0,0,0.774513579987697,0.262490780361945,0,0
"30",1.04551441773974,0.241683200284263,17,0,0,1.07903433725745,0.202477468883914,0,0,1.07529266134326,0.207982185881411,0,0,1.29410672113552,0.273538307663719,0,0,0.950853323315577,0.265639851923272,0,0
"31",0.911260773759741,0.2564429766025,7,0,0,1.06551835156334,0.246169231100481,0,0,1.00497572611667,0.228459414860118,0,0,1.059570578235,0.222222694807515,0,0,1.0788027996412,0.298766896643084,0,0
"32",0.26655394455455,0.267416887754164,17,1,1,0.348677466303146,0.237706419358962,1,1,0.367511552905422,0.225780635939591,1,1,0.341316243703816,0.283438620666789,1,1,0.401561718210139,0.27810243340499,1,1
"33",0.791601105725576,0.285432414726523,7,0,0,0.758463073312852,0.241299101730007,0,0,0.719582468411217,0.245990283000039,0,0,1.06876534076872,0.31707057772318,0,0,0.619172750301861,0.338582271940657,1,1
"34",0.479765176058006,0.217417821600674,13,0,0,0.628759918551612,0.1991492284922,0,0,0.600926282588181,0.205962644952395,0,0,0.630394737790834,0.273126046009301,0,0,0.627722042510788,0.241585324412461,0,0
"35",0.81093806593578,0.258896127678125,3,0,0,0.983947463135557,0.279291359763422,0,0,0.989344659344331,0.268593366949856,0,0,0.886801193842929,0.229644601466351,0,0,0.75787455392092,0.253536907367049,0,0
"36",0.477544337821534,0.220829310059097,15,0,0,0.44652424312121,0.183320815336362,0,0,0.482969027270652,0.195878027244537,0,0,0.608997117404132,0.230272255435094,0,0,0.487668603211559,0.22432105592881,0,0
"37",0.688256643484797,0.213238086756643,13,0,0,0.66433038287304,0.199027798236158,0,0,0.669953490813945,0.202287603170754,0,0,0.775766978418085,0.222148721367727,0,0,0.65098544290129,0.20366516052971,0,0
"38",0.930931493023621,0.263429683381507,19,0,0,0.808054742204955,0.229521255846398,0,0,0.798755425934938,0.219499565517378,0,0,0.734195269063241,0.258943505570652,0,0,0.67892939724861,0.269676385744876,0,0
"39",0.897267203655036,0.287243653201782,9,0,0,0.746120536434604,0.21335421457479,0,0,0.813803907406,0.22928903064996,0,0,0.807730918054802,0.311832555875418,0,0,0.954985093815104,0.264979073873932,0,0
"40",0.0260779532452217,0.275166684851843,19,1,1,0.162192965634184,0.253266076574482,1,1,0.0770651219311787,0.264798582136835,1,1,-0.226881993571703,0.382609171071453,1,1,0.204459225319,0.512432132505848,1,1
"41",0.670590787687835,0.316804984723385,15,0,0,0.542847656598143,0.223685580083147,0,0,0.533375274045951,0.262701948535124,1,0,0.792449379360769,0.307408838440368,1,1,0.576006513902249,0.291474133598923,1,0
"42",0.865240415889898,0.317018143897765,9,0,0,0.886769719413627,0.230483946225569,0,0,0.890889527654255,0.245668253631322,0,0,0.979762665074368,0.388778471468313,0,0,0.873995512724844,0.341653572383332,0,0
"43",0.903187037478798,0.276103278385047,11,0,0,0.950080682664209,0.240752406233457,0,0,0.97449707872287,0.272545607538772,0,0,1.14258436038181,0.338174790136473,0,0,0.831192304315907,0.322424871491345,0,0
"44",0.723553408584318,0.263962708955541,1,0,0,0.713529330064917,0.269750966017558,0,0,0.741858766054301,0.248210484983299,0,0,0.721641059868493,0.29213040064822,0,0,0.723553408584318,0.293484559481671,0,0
"45",0.217019358048348,0.236349040978025,13,1,1,0.380385705348045,0.185429711764506,0,0,0.299519434907989,0.199161341822855,1,1,0.356111788540773,0.330506120744835,1,1,0.259285248457118,0.310302696648686,1,1
"46",0.846508443160428,0.280337815256333,5,0,0,0.765110697653384,0.243476262582078,0,0,0.69981103523602,0.237651714723869,0,0,0.712647581868258,0.305174206791129,0,0,0.610932848016631,0.276080482230436,0,0
"47",0.563454493441669,0.242007568736371,17,0,0,0.222016686918996,0.269398236297986,1,1,0.25003338849294,0.271468752838238,1,1,0.496473858255767,0.244973328794051,1,1,0.593399604868971,0.267373795878812,1,0
"48",0.754976721251163,0.312820909376651,9,0,0,0.900586925216225,0.214562137307254,0,0,0.912178095986107,0.248590750981995,0,0,0.641612492663158,0.347045862374873,0,0,0.840775282953539,0.29759043116711,0,0
"49",0.623874441541523,0.272698330888262,13,0,0,0.5174712566876,0.261489913027987,0,0,0.51432701991724,0.288394862004253,0,1,0.348310228296244,0.293897045065658,0,1,0.362345210974998,0.290032983801778,1,1
"50",0.584520098554785,0.250202756140607,11,0,0,0.556759619930107,0.222446971567758,0,0,0.526576613517248,0.222952507478577,0,0,0.765452326104635,0.238985538764841,0,0,0.469610998849278,0.232951545211877,0,0
"51",1.0707684581195,0.314434480564919,5,0,0,0.912711927116598,0.272472319889053,0,0,0.900044291722934,0.239436335532576,0,0,1.5485574099073,0.421845509176927,0,0,0.96231586105078,0.4415908752367,0,0
"52",0.231411175616544,0.277096142875651,1,1,1,0.290653720184256,0.201727532323674,1,1,0.267035913575415,0.213161287790321,1,1,0.235754675668466,0.285275036316239,1,1,0.231411175616544,0.240188197038491,1,1
"53",0.52824711376156,0.291076735353921,19,1,1,0.542504731913246,0.242663172881284,0,0,0.55009863818533,0.264694029547014,0,0,0.24427580783906,0.289948572660121,1,1,0.560097111520658,0.322951423267255,1,1
"54",0.714342720214169,0.318988858775927,13,0,0,0.702163468884014,0.236770638466854,0,0,0.650668496084736,0.255374128033378,0,0,0.558078148050397,0.360309791115897,1,1,0.673817351642445,0.380317437002285,1,1
"55",0.575630468340093,0.321396501324594,19,1,1,0.578934537188898,0.271986314895419,1,0,0.525063718798264,0.240084530249613,0,0,0.298881375805314,0.407305205470996,1,1,0.454469582781943,0.415683284488001,1,1
"56",0.57528287877048,0.295044304852191,15,1,1,-0.0116543852333332,0.462139972289613,1,1,0.0577295911570844,0.40605579669851,1,1,0.0384711178498229,0.296093070616601,1,1,0.297797984458351,0.321213736554555,1,1
"57",1.01605218854451,0.265753756775303,5,0,0,0.82198656167079,0.224170443364119,0,0,0.809036643073049,0.2108456446598,0,0,0.808105213020287,0.288767784653727,0,0,0.756727462662941,0.301572389868826,0,0
"58",0.617879544753621,0.271997081864911,19,0,0,0.722354744776717,0.22710041108576,0,0,0.721112422834345,0.236595548187381,0,0,0.796606203164039,0.282593860473257,0,0,0.616242613894982,0.305654676798175,0,0
"59",0.532265094192086,0.262229205713437,5,0,0,0.625576445107893,0.187872298526869,0,0,0.668562141558785,0.209594175163658,0,0,0.823003375744817,0.304789820976405,0,0,0.760060791750062,0.260962708936694,0,0
"60",0.585024119421547,0.268507773657643,11,0,0,0.566141517803201,0.241346916229106,0,0,0.542641272386917,0.250906182912231,0,0,0.469610071456762,0.270322730457655,0,0,0.53347001393246,0.316829960256663,1,1
"61",0.83039501811987,0.242388837306359,7,0,0,0.791614174384161,0.211258969499795,0,0,0.77791337061365,0.196683739949466,0,0,0.844078889607957,0.233873654159892,0,0,0.727462493998135,0.286003878022275,0,0
"62",0.175654430535327,0.275793353375404,9,1,1,0.298882121832904,0.225051086823868,1,1,0.218032925741461,0.257147488827484,1,1,0.321288123527225,0.312490075428947,1,1,0.250140435216426,0.276350898023565,1,1
"63",0.629527866788004,0.195622625231895,13,0,0,0.522780939037909,0.200457871274512,0,0,0.632796104629263,0.219244598710887,0,0,0.432451273762407,0.257994590945867,0,0,0.49593557786257,0.278750515187244,0,1
"64",0.820993251505074,0.311299991708686,9,0,0,0.756714846219785,0.237519943292151,0,0,0.768693977374523,0.272857880036487,0,0,0.558245504949584,0.430670010454844,1,1,0.704118222515985,0.382054470664315,0,1
"65",0.567884010423674,0.284944564943573,1,0,0,0.636614779311377,0.299399909455256,0,0,0.645380085064797,0.247482819930326,0,0,0.60157181180729,0.286469061558911,0,0,0.567884010423674,0.315649037252917,0,1
"66",1.00607263114947,0.282895288445932,13,0,0,1.00299133839124,0.241910538567868,0,0,1.01870300872747,0.265604377627809,0,0,0.993247436293018,0.346546723871764,0,0,0.975013458451906,0.292265628532585,0,0
"67",0.735689365981162,0.203105398607241,17,0,0,0.850154044691265,0.166427427583129,0,0,0.868804337938261,0.215637075688803,0,0,1.27584898586563,0.301059720827017,0,0,0.88651611195456,0.333716238616166,0,0
"68",0.75266231194646,0.294460070818509,11,0,0,0.646976551057591,0.219208630350153,0,0,0.65486509140354,0.272711053159263,0,0,0.723445667327051,0.305759645164381,0,0,0.646587226360948,0.324510822176883,1,0
"69",0.814303859929636,0.222583332146358,17,0,0,0.787692402777761,0.225474895832156,0,0,0.848297834471971,0.22721194405507,0,0,0.793674388259827,0.295257626914047,0,0,0.794047973323221,0.260494621461753,0,0
"70",0.484516418148591,0.317148729349408,1,1,1,0.522516039827564,0.281883815938255,0,1,0.505297860034602,0.266390776536428,1,1,0.510330852672318,0.328294866546567,0,1,0.484516418148591,0.329734032643271,1,1
"71",0.581758370358689,0.258326700940475,7,0,0,0.607613900569074,0.226616242785887,0,0,0.551051364226857,0.254033661477087,1,0,0.770575396321945,0.254211837006758,0,0,0.560308030511245,0.236790684184965,0,0
"72",0.68176119626744,0.249602349338528,15,0,0,0.563358163167328,0.200315280852426,0,0,0.555862138075724,0.217186925153553,0,0,0.581795191472245,0.341682346341305,0,1,0.43186472302089,0.305613202916285,0,1
"73",0.663696606827427,0.288329716062462,1,0,0,0.518496099145836,0.229637612317336,0,0,0.53318019795715,0.224026334547537,0,0,0.688180326603177,0.315860290148757,0,1,0.663696606827427,0.317972663988526,0,0
"74",0.901331191089974,0.251512581115859,19,0,0,0.884694508694191,0.222919361524119,0,0,0.889220571840843,0.21311994545667,0,0,0.969763523949889,0.259600968816732,0,0,0.747399667567631,0.272726276059187,0,0
"75",0.188670151227682,0.223338087908451,15,1,1,0.144293937188204,0.210630254463949,1,1,0.0962080616967179,0.184621157031302,1,1,0.0738348585475889,0.261513704756736,1,1,-0.0438384924197341,0.225628167310137,1,1
"76",0.794359384608265,0.252620505533646,9,0,0,0.802339896584716,0.283656136989648,0,0,0.841152061792383,0.260771340334606,0,0,1.07596935272083,0.2982455872731,0,0,0.824041685697694,0.320456134309969,0,0
"77",0.689315746679157,0.242134335255102,19,0,0,0.635349117910223,0.245699703750886,0,0,0.60740077744656,0.223961994380404,0,0,0.474856833447848,0.2701790020667,0,0,0.749336438259162,0.315585464311454,1,0
"78",0.490249163329121,0.255044037840441,3,1,1,0.455652235920614,0.215856816845885,1,0,0.534899770419467,0.23888267458404,0,0,0.549804854736539,0.27252801249377,1,0,0.453852551240811,0.275374320537221,1,1
"79",0.537259984369668,0.251227599024302,19,0,0,0.592606285493163,0.235667834372447,0,0,0.522761253868963,0.231958289392002,0,0,0.834881146389516,0.275764434422279,0,1,0.45597445749255,0.247169022533143,0,1
"80",0.856014691347496,0.229406702476748,17,0,0,0.789431192561434,0.187883072069711,0,0,0.848613794387452,0.22176424752769,0,0,0.7201019944761,0.243246376491477,0,0,0.911943171901994,0.259438661334378,0,0
"81",0.732975924058974,0.281786091703171,15,0,0,0.683861245134528,0.287101300767284,0,0,0.695056973554162,0.275936734556453,0,0,0.652524705097843,0.298928217367192,0,0,0.783529311261035,0.285631624736898,0,0
"82",0.366599613315288,0.251757731000497,17,1,1,0.388339067278057,0.200904354635735,1,1,0.388113067564409,0.202394619275115,0,1,0.319824983906694,0.311319149734954,1,1,0.378911891103705,0.280298535899445,1,1
"83",0.50749193730345,0.25326633172453,7,0,0,0.473147616232916,0.218088173533312,0,0,0.514617385656873,0.246336630585773,0,0,0.633277271930113,0.331937679435399,1,1,0.517297616649466,0.330916055387814,1,1
"84",0.778224323404933,0.249427297735578,15,0,0,0.82835236105846,0.19411609913701,0,0,0.772921607430074,0.231856062345227,0,0,0.834014483536774,0.2758383523661,0,0,0.597089888564855,0.279447880541536,0,0
"85",0.416706087196272,0.235993376936423,19,0,1,0.342074976477314,0.223511095788592,1,1,0.354842782158356,0.222159171193653,1,1,0.382645933693337,0.283336714546777,1,1,0.463219479868458,0.267252210837241,1,1
"86",0.703773623553452,0.19592247179047,13,0,0,0.646647001621952,0.232658165925307,0,0,0.634414962577678,0.200381435939099,0,0,0.699450483987015,0.287122240617074,0,0,0.705625529834928,0.264459921145739,0,0
"87",0.733584367520367,0.277334099735819,5,0,0,0.779497523909805,0.228619140716849,0,0,0.79521096923988,0.243420325409617,0,0,0.927241927897134,0.272267299183287,0,0,0.762117316428891,0.265929490539844,0,0
"88",0.654343293466955,0.282153828031601,7,1,0,0.616966083442892,0.18147055048033,0,0,0.594645454627039,0.231836684348885,0,0,0.848367440615481,0.269373888145989,0,0,0.625577290853169,0.253099235213141,0,0
"89",0.613415640043999,0.296114040651477,13,0,0,0.628368043820366,0.2801309901744,0,0,0.572569815632435,0.299689655140026,0,1,0.574902933723476,0.304304031130612,0,1,0.662784226983552,0.263522186323492,0,0
"90",0.787704169326912,0.212259583896808,15,0,0,0.747328310769337,0.186464487081818,0,0,0.745704563116002,0.195978277780609,0,0,0.858099830949267,0.233756012394437,0,0,0.844062183335679,0.234202722574087,0,0
"91",0.729381872858438,0.278849685849712,17,0,0,0.551980347802854,0.237132565226235,0,0,0.567100198209944,0.234324072087475,0,0,0.38836637342768,0.281919061565587,1,0,0.500556625158024,0.329196201409973,1,1
"92",0.478441332168063,0.255209409067789,13,0,1,0.658480596371613,0.190226628996624,0,0,0.654131442278836,0.222701268730989,0,0,0.556842607567258,0.275745552276281,1,0,0.64707535728022,0.247508300978531,0,0
"93",1.07242498061674,0.295062788976606,17,0,0,1.05680836269986,0.237278177836785,0,0,1.09918608514566,0.280563078513685,0,0,0.903635759671651,0.309121214954462,0,0,0.990700931290737,0.294592187388644,0,0
"94",0.329648650365838,0.321370206061936,1,1,1,0.541090854197261,0.236750497801893,0,0,0.487554915697791,0.250762598554671,1,1,0.314589501853,0.352947566726033,1,1,0.329648650365838,0.369523106632404,1,1
"95",1.36591595842709,0.248818879220429,13,0,0,1.32340667473756,0.213074743190934,0,0,1.29435649887671,0.211851593325372,0,0,1.48156810921719,0.280558100632631,0,0,1.18470001316085,0.25015597678878,0,0
"96",0.588419534995039,0.265599888227557,1,1,0,0.546535262648423,0.238474883019235,0,0,0.507080473263332,0.218641744209738,0,0,0.586170373803167,0.298936784347286,1,1,0.588419534995039,0.300075851717093,1,0
"97",0.646729770775583,0.24826409969479,13,0,0,0.695596092248007,0.208930550015558,0,0,0.716714107411938,0.168466188109056,0,0,0.773878362558155,0.251545734152181,0,0,0.708796893396822,0.281426521359991,0,0
"98",0.810427505010639,0.224787790809338,3,0,0,0.759413799483683,0.185287258266066,0,0,0.721015856689571,0.189512322766361,0,0,0.572295366554233,0.278130706195723,0,0,0.705612973071201,0.261641163126409,0,0
"99",0.0939583291715104,0.269453849086668,19,1,1,0.214624621186307,0.238839585659742,1,1,0.161174887382094,0.262301437808165,1,1,0.44231790261842,0.339399166545044,1,1,0.198159158117622,0.318756748169963,1,1
"100",0.951299464139398,0.304521542788091,17,0,0,0.984069870111493,0.24136316214998,0,0,1.02515193143936,0.232629577944588,0,0,1.34379332103625,0.389124047669639,0,0,0.907010677141897,0.301544326079188,0,0
