"","V1","V2","V3","V4","V5","V6","V7","V8","V9","V10","V11","V12","V13","V14","V15","V16","V17","V18","V19","V20","V21"
"1",0.589484398303542,0.304617400957854,19,1,1,0.138259293893251,0.318263712234272,1,1,0.155251180498363,0.351647851238576,1,1,0.168224307793283,0.379878619159762,1,1,0.713613892687999,0.362234452267177,1,0
"2",0.788480118101819,0.331397730130543,17,0,0,0.593160352337792,0.278449587551491,0,0,0.599472722525419,0.288030595617958,0,0,0.444001056512713,0.661000015786625,1,1,0.612928714800469,0.609047062146166,1,1
"3",0.628243432131888,0.419613896099466,13,1,1,0.614202512431138,0.25497650515239,0,0,0.57255030089242,0.313023583558174,0,1,0.523271402183508,0.54139510101352,1,1,0.694728713226199,0.551193793666904,1,1
"4",-0.248361002564502,0.500537412028894,15,1,1,0.395336146757692,0.526682362072754,1,1,0.243126742580685,0.515099366020435,1,1,0.0361979341368355,0.733183212012311,1,1,0.954963428151216,0.769992024636286,1,1
"5",-0.527102752315234,0.521094237696465,5,1,1,-0.865847162556617,0.865812920943991,1,1,-1.13320432045233,0.971224008882273,1,1,-0.746720026827378,0.55314787637293,1,0,0.0479880796227362,0.570499313075266,1,1
"6",0.699347387098284,0.361128300302601,13,1,1,0.715814369761268,0.229900234992549,0,0,0.72292946975707,0.240230256745571,0,0,0.775958219246972,0.284705320304876,0,0,0.871024065446691,0.330273885283436,0,0
"7",0.680571472072718,0.437198545985509,19,1,1,0.604238983368728,0.300797624726267,1,0,0.679629391497574,0.310416409490081,0,0,-0.189208645980054,0.7701053897612,1,1,1.02723319018646,0.775228878279468,1,1
"8",0.522685358421637,0.332708615675286,17,1,1,0.702524233529932,0.33720264799899,1,0,0.735209547326549,0.309925381234709,0,0,0.71327486197297,0.355883435955787,0,0,0.894454498130283,0.396741466173505,1,0
"9",0.446056337792946,0.349137511881649,11,1,1,0.663681418743379,0.296861382771099,0,0,0.679645816024659,0.313640650228553,0,0,1.0071332219598,0.553481400869235,1,1,0.915183171910059,0.532124886833094,1,1
"10",0.311269155293754,0.309802801885017,15,1,1,-0.0153733570393527,0.453767315834742,1,1,-0.0476227583491597,0.515035414254885,1,1,0.553333248976134,0.395824549633512,1,1,0.582561027519536,0.379239046119895,1,1
"11",0.318430626556879,0.404455834393456,13,1,1,-0.00905297860446477,0.363918643135329,1,1,-0.00532553682789914,0.388686580654018,1,1,-0.818709248935079,0.765398036466959,1,1,0.40278391670183,0.770443489761041,1,1
"12",1.30684733125193,0.339465616183167,19,0,0,-1.07240858111889,2.62920398892242,1,1,-1.00312316629961,2.41130083386358,1,1,0.78484612931802,0.679034983220644,0,1,1.04583953439665,0.787255177962272,1,1
"13",-0.171654452972348,0.341742450725502,13,1,1,0.17899475206281,0.565009018278278,1,1,0.596091297435915,1.23095581791108,1,1,-0.249939920278328,0.371507658256887,1,1,0.296099680169358,0.373725712041011,1,1
"14",0.75804971338102,0.370337498063703,17,1,0,1.39619550509315,1.12060436621341,0,1,1.66512657476361,1.19777010281406,0,1,0.797090429219184,0.404378016788233,0,0,0.997196498048704,0.476630677507679,0,0
"15",0.0138958561966202,0.428662277172658,3,1,1,-0.553913695626651,0.74765152380542,1,1,-0.247743694022725,0.720783466672441,1,1,-0.0113502155291265,0.466360224455186,1,1,0.580837271925095,0.420600915454429,1,1
"16",-0.338784708954533,0.493525158456798,7,1,1,0.153462182531066,0.283200373642639,1,1,-0.00691205353428917,0.325052733571016,1,1,-0.328718750065879,0.580840213819545,1,1,0.318336962910666,0.65864161820982,1,1
"17",0.335893935782648,0.395912993720106,9,1,1,0.457905462789995,0.297727627905894,1,1,0.510109245082163,0.302941095083334,1,1,0.364927850246163,0.637547070350462,1,1,0.650312114703369,0.662327696731499,1,1
"18",0.308703381543071,0.349032007156221,19,1,1,0.0910002448479972,0.402516932283337,1,1,0.10005023668276,0.442080547139899,1,1,0.164172194107178,0.73606358773592,1,1,0.884453439832076,0.794421486053742,1,1
"19",0.972763343548315,0.472467349009805,11,0,0,0.490699639269735,0.752255609649397,1,1,0.62168450295414,0.712739398749938,1,1,1.801769773168,0.886476312256468,1,1,1.23475813994811,0.951099028582942,1,1
"20",0.0416914380814525,0.464206179615786,9,1,1,-0.394561994240651,0.802749601526399,1,1,-0.230378038623244,0.670457748934685,1,1,-0.412741449739168,0.909051214903563,1,1,0.52032955429032,0.840667599784551,1,1
"21",-0.128638319616864,0.349705286233534,5,1,1,-0.037588026907653,0.306935861092499,1,1,-0.0341355674727208,0.276321261625674,1,1,-0.107396699645964,0.494809235674745,1,1,0.249159074034386,0.447602392112759,1,1
"22",0.379322825118538,0.404074541652757,17,1,1,0.150249289744176,0.337072666189266,1,1,0.154886978875024,0.410213021258545,1,1,-0.135917915811309,0.776531702282355,1,1,0.591141243904423,0.772769936666546,1,1
"23",0.286770015465047,0.446131639114486,13,1,1,0.0536856350131164,0.302463824820015,1,1,0.0868148187115579,0.316554852772918,1,1,-1.73125821169806,0.96072821412207,1,1,0.622871852718481,0.74743398978706,1,1
"24",0.42011290255336,0.379927808712038,19,1,1,-0.614212345057025,1.62281389793078,1,1,-0.774921885973826,1.52242735194355,1,1,0.257553994711379,0.790844773560126,1,1,0.671248278902716,0.809904539133483,1,1
"25",0.450577275272698,0.433283995601772,13,1,1,0.362545965355715,0.244225234310498,1,1,0.49680819566304,0.299905513190091,1,1,-0.531694263797527,0.619413775526512,1,1,0.799711368758293,0.561782992889739,1,1
"26",0.129936734501354,0.460878261188044,15,1,1,0.346553348932191,0.446225805975712,1,1,0.22229414696883,0.456623077186902,1,1,0.0573554255438768,0.731305714124377,1,1,0.354103238683786,0.736812737726236,1,1
"27",-0.104182533494304,0.326350146846302,7,1,1,-0.136171895787504,0.328414952796941,1,1,-0.212841458645214,0.327900279655729,1,1,-0.772718832231647,0.390158470910102,1,1,0.135487323961859,0.326335842732274,1,1
"28",-0.736626835040527,0.394012740787898,13,1,1,-4.53243026762025,4.511956173126,1,1,-4.14505110704748,4.06093911710779,1,1,-1.08966068659556,0.735788456294301,1,0,0.0462220420810014,0.684527195210592,1,1
"29",0.34402956358348,0.358631311033519,13,1,1,0.435802145746371,0.243172661471657,1,1,0.434923580685286,0.274067288824549,1,1,0.667568537291831,0.421934532548087,1,1,0.675831136372215,0.517023948211153,1,1
"30",0.07555710539705,0.320682177493902,19,1,1,-0.646073387254157,0.667934078478758,1,1,-0.64121624821518,0.716528179018961,1,1,-0.75381031114597,0.496827486792176,1,1,0.496063464647289,0.512771485807629,1,1
"31",-0.267297632333811,0.446123366841648,11,1,1,-0.419077853860421,0.996718946050478,1,1,-0.364997734017254,1.086233787836,1,1,-0.151806048222596,0.796316864856926,1,1,0.417683113283658,0.798705529648354,1,1
"32",0.087926392279319,0.419566387406031,11,1,1,0.24833920926772,0.244655596379908,1,1,0.213912166998391,0.286572388855267,1,1,-0.0030102060923978,0.508791125446345,1,1,0.672052015612609,0.57581140919273,1,1
"33",0.558824473395975,0.389980114736602,17,1,1,0.635763518930597,0.374083061828159,1,1,0.655685926419287,0.365082395287701,1,1,0.567211093056866,0.631549276885187,1,1,0.942945605397076,0.612944969271442,1,1
"34",-0.269533338150879,0.3877256612642,17,1,1,-0.520715596316435,0.526290497346773,1,1,-0.711718647209394,0.550191521882898,1,1,0.252614896926004,0.70238813610135,1,1,0.246173801330742,0.733108938776588,1,1
"35",0.0163100490611145,0.305046110304212,13,1,1,-0.666360180357444,0.957028588814767,1,1,-0.704738635699146,1.11490277797019,1,1,-0.361027584607124,0.444202179800434,1,1,0.675215190809421,0.434169613665747,1,1
"36",-0.0170611129063333,0.428942272576558,17,1,1,0.574830426166615,0.680109322851016,1,1,0.68222339166698,0.771732520265003,1,1,0.998559072650769,0.709873187586149,1,1,0.655972890821804,0.805406816219955,1,1
"37",0.286167029566486,0.36869465586978,17,1,1,-0.109297235663041,0.339701910539834,1,1,-0.101777743569648,0.348479544171085,1,1,0.374762118811039,0.455813699051936,1,1,0.464426812579779,0.488492780717447,1,1
"38",-0.22479934950035,0.337216375039923,11,1,1,-0.279864104957598,0.336965605659512,1,1,-0.269330788748708,0.340986751130796,1,1,-0.602495666682705,0.350629653046411,1,1,0.322629317378691,0.356358045137641,1,1
"39",0.564856651146295,0.329121304332732,15,1,1,0.38694902233584,0.250320507211217,1,1,0.487655499921858,0.261308370887236,0,1,-0.0245580170311641,0.416131043809396,1,1,0.839957821848945,0.432168218764175,1,1
"40",-0.701197745844256,0.369267127559237,7,1,1,-0.358298503304739,0.439873862848059,1,1,-0.420090654432036,0.416860187013487,1,1,-1.16798174209378,0.471926843839904,1,1,0.232006027060146,0.454399592268322,1,1
"41",-0.102178540425903,0.379359287353459,19,1,1,0.216747679637394,0.645886043689822,1,1,0.134274142761009,0.627984935432711,1,1,0.274869906480364,0.620521950191149,1,1,0.537995116774017,0.641643183168183,1,1
"42",0.0646488543442703,0.518845699569273,11,1,1,0.207174410981201,0.796371420095508,1,1,0.137667557951146,0.775543287873688,1,1,2.18001267925818,1.3825006372941,1,1,0.550865129616999,1.27489601827065,1,1
"43",-0.0900317940205693,0.334865229366878,17,1,1,-0.120167495848018,0.316431132695845,1,1,-0.14411230262046,0.382416410334331,1,1,-0.346544491295771,0.38055918194962,1,1,0.691358524081039,0.406186968774149,1,1
"44",0.180883032391248,0.399568090811378,11,1,1,-0.0181373997148113,0.26326593427802,1,1,0.0979422762420326,0.321228457336578,1,1,-0.585825744239047,0.501517479713863,1,1,0.282957877949153,0.574316547207458,1,1
"45",0.0442459505219206,0.387429870796166,13,1,1,0.971912313515091,0.89221055252487,1,1,0.96360215700177,0.818347315912297,1,1,0.298970884456326,0.644466382332937,1,1,0.834751786691574,0.698685687736728,1,1
"46",0.0385015794660552,0.374514965739771,11,1,1,0.098333842388528,0.266958676561183,1,1,0.128803124444832,0.306540519997936,1,1,-0.412360593137357,0.453604499035928,1,1,0.727034202000983,0.482358707191032,1,1
"47",0.174672284386868,0.337208578714388,9,1,1,0.465608818777578,0.257581417803369,1,1,0.489546879152088,0.297189288819412,1,1,0.64839694812876,0.414223269290118,1,1,0.799666063907455,0.43736983375577,1,1
"48",-0.284210511061532,0.318123568328101,15,1,1,-0.100249865265015,0.484735857056273,1,1,-0.0677597610927457,0.477217134284722,1,1,0.28928320523805,0.599240286556143,1,1,0.511767030052555,0.690620641138344,1,1
"49",0.298384340111667,0.304698502379657,17,1,1,0.406089198058025,0.513784272250667,1,1,0.338628032934976,0.442355548942305,1,1,0.629250642349908,0.7263432751171,1,1,0.604142682746341,0.667478430029764,1,1
"50",0.33210500705338,0.326342717329696,19,1,1,0.305703621105909,0.206507054718148,1,1,0.444369291788782,0.285052469800335,1,1,0.355348977891596,0.387673745856373,1,1,0.709687850601888,0.505302756386364,1,1
"51",0.443765529349108,0.398732041970857,11,1,1,0.440437439286936,0.185692651092585,0,0,0.450342976786692,0.238907848957955,0,1,1.11021080738033,0.602653369292043,1,1,0.628340030438271,0.612253618838052,1,1
"52",-0.147072879138797,0.331268214175897,15,1,1,-0.090960065002592,0.263871361614392,1,1,-0.195875449011557,0.2673571189,1,1,-0.425290403291425,0.713773933913556,1,1,0.393725485968055,0.694543978681936,1,1
"53",-0.0294768874400145,0.299877817000118,15,1,1,0.182752157548752,0.312416978951177,1,1,0.235607940925669,0.331053616762785,1,1,0.442715223387994,0.458815602530254,1,1,0.638126485443488,0.452578619240538,1,1
"54",-0.122181903153282,0.372140822263838,13,1,1,0.0160729480237929,0.270628778374768,1,1,-0.03437090355108,0.278268287060442,1,1,0.605721264753207,0.564330002219289,1,1,0.380301449629613,0.612747329509071,1,1
"55",-0.0283147119056279,0.398057174753615,17,1,1,0.240526055855389,0.342578281085796,1,1,0.234055158110036,0.38823841849049,1,1,0.0314475466307697,0.672703326754648,1,1,0.302935889057992,0.730188727826811,1,1
"56",0.0955264347618403,0.44811853386984,9,1,1,0.224059913087583,0.294406309630642,1,1,-0.00527111773951396,0.351735836535017,1,1,0.61088215296149,0.606762212924008,1,1,0.507396535090632,0.737193029890647,1,1
"57",0.630785709363742,0.407699199841959,9,1,1,0.657259423253335,0.412901471198193,0,1,0.642172094215679,0.42328243588044,1,1,1.94513040814831,0.805383631775667,1,1,0.789163648825394,0.831272845373839,1,1
"58",0.332377290691599,0.364258951788133,19,1,1,0.637941120248223,0.304214884335277,0,0,0.516726479088936,0.336583309054922,1,1,-0.611100061439707,1.14325921048885,1,1,0.809293544629847,1.01555026547584,1,1
"59",0.350058372555557,0.416505569728862,11,1,1,0.40306989839579,0.198463303303386,0,0,0.450417457637443,0.252096406821414,1,1,0.121190667098433,0.380447840701405,1,1,0.671299637540843,0.476752982515981,1,1
"60",0.0147984251139045,0.343321176145138,11,1,1,-0.844287066586844,0.751815828295024,1,1,-0.780542408382709,0.682704935419086,1,1,-0.84492284109074,0.407182752185473,1,1,0.567033169904552,0.354494587878527,1,1
"61",-0.076076824290334,0.339018169680156,19,1,1,-1.47449149530771,1.69076439363985,1,1,-1.28753855004863,1.23124322165423,1,1,-0.675689196931796,0.514320931988891,1,0,0.372379479531108,0.42551700233878,1,1
"62",-0.28596534320883,0.314885132646318,11,1,1,0.148218006109771,0.252462225401068,1,1,0.200229797314518,0.286437837702599,1,1,0.319802436654789,0.454291780610294,1,1,0.849857452744866,0.528119830011041,1,1
"63",-0.672935581137754,0.436679117549789,13,1,1,0.719230289389771,1.41215488145224,1,1,1.07470688792443,1.80107761202225,1,1,-0.184346013179759,0.567885483795645,1,1,0.148817302215928,0.562467422366653,1,1
"64",0.153232424721173,0.34971774377506,15,1,1,-0.0977027685286381,0.781061319869583,1,1,-0.176511332576101,0.561982663680371,1,1,-0.575939539222037,0.556150975831773,1,1,0.500132153549702,0.616578014279472,1,1
"65",0.00715288226528649,0.312085288519438,19,1,1,-0.561886795082547,0.855117040730445,1,1,-0.544624129950973,0.707771455963512,1,1,-0.688928243702413,0.495802472557071,1,1,0.275019433085284,0.486426336092952,1,1
"66",0.680307900505709,0.32582377214294,17,0,0,0.503418535257177,0.271902314436567,1,1,0.66572388996976,0.30309854986932,0,0,-0.267645225775919,0.768210826469435,1,1,1.12507512241976,0.709609838587456,1,1
"67",0.154922295777556,0.377231465223791,3,1,1,0.358751797873777,0.243339195064871,1,1,0.360852430381024,0.276086294713987,1,1,0.232899328654566,0.380284172649953,1,1,0.437713811960475,0.440117024592638,1,1
"68",-0.116062055544232,0.415859387814098,11,1,1,-2.21464892108296,4.05852143677771,1,1,-1.80943081811881,4.33333382322662,1,1,-0.194518958396002,0.659414264783403,1,0,0.461324150858455,0.654587285247231,1,1
"69",0.103577208717284,0.356204896943635,19,1,1,0.498896152771115,0.273528142274217,1,1,0.428404233586284,0.292557385498867,1,1,0.657608056181877,0.448275870664704,1,1,0.625833212498462,0.479540791007426,1,1
"70",-0.117226998413101,0.303978456927343,19,1,1,0.424012303256729,0.374522347637891,1,1,0.343953025997854,0.418419406899019,1,1,0.285555056833554,0.401643758800677,1,1,0.453695348574246,0.35034318943311,1,1
"71",0.600803293317738,0.38324675555695,19,1,1,0.379962026756533,0.382425584547973,1,1,0.436010428669723,0.393802461674164,1,1,-0.208104165357294,0.783755405532467,1,1,0.733987984937476,0.743971073403573,1,1
"72",0.512552065343584,0.351661503213881,3,1,1,-0.389253955871567,1.28271004552532,1,1,-0.293679793925362,1.21058593411999,1,1,0.280708774662336,0.374790978996693,1,1,0.757851860129946,0.376804203955532,1,0
"73",-0.732625926295269,0.384077172037549,19,1,1,-0.231153933921539,0.374236603532637,1,1,-0.282702202825554,0.411211175346246,1,1,0.00016208397815215,0.828858939049253,1,1,0.509776514740421,0.872404163942943,1,1
"74",-0.372202438260472,0.381350525576585,19,1,1,-0.0471521740706832,0.304545008821486,1,1,-0.0543515280557057,0.301155538424762,1,1,-0.162382527340282,0.484604134222285,1,1,0.476426825964726,0.530971624593741,1,1
"75",0.0137221334472236,0.42925641787945,17,1,1,-0.0602859206742627,0.328676626102534,1,1,-0.193802435514994,0.31122579659958,1,1,-0.551132057907978,0.597685546202422,1,1,0.39443300427229,0.56524697404281,1,1
"76",0.399371648262733,0.409678453626555,9,1,1,0.330949880933536,0.512506295363211,1,1,0.237810324935443,0.56937009805202,1,1,-0.35450375570928,0.666908257644407,1,1,0.596251429299189,0.67096447317397,1,1
"77",0.475261615142834,0.403721874510451,19,1,1,-11.9363290545315,15.0432550962632,1,1,-11.6950396745464,17.7283934516163,1,1,0.0576844938010632,0.817488673125385,1,0,0.680932159806856,0.875158449384412,1,1
"78",0.582173511586465,0.4210156837473,7,1,1,0.533849828696622,0.212128385770588,0,0,0.636725009033124,0.262400172627555,0,0,0.270536783241014,0.439889282656303,1,1,1.09957273582992,0.427160604605925,1,0
"79",0.392410912008359,0.574537373421611,9,1,1,0.690331418516093,0.303839040647524,0,0,0.745526322042611,0.353208540908219,0,0,1.38402585512878,1.01820154119641,1,1,1.05433076807155,0.982199143385048,1,1
"80",0.547687425017908,0.3397523273306,13,1,1,-0.112265216536174,1.09086420975104,1,1,-0.0704496844395908,1.09205276471037,1,1,0.233473326376635,0.596488405776537,1,1,0.662975078324583,0.570634991421008,1,1
"81",0.505715529934342,0.546008071512567,3,1,1,1.01096141244785,0.643729629707353,0,1,1.10617111301165,0.665814484257874,0,1,1.04276538933257,0.656944661209244,1,1,0.904870240724207,0.664411259886526,1,1
"82",0.721743971021035,0.340867844302196,11,0,0,0.987613387725453,0.569004899585586,0,1,0.901222434507504,0.703698635646073,1,1,1.62245192992762,0.521553566711572,0,1,0.66537769393822,0.565598110474853,0,1
"83",-0.300112427691624,0.347703898388412,19,1,1,-1.13025181755218,1.17221038672183,1,1,-0.581014982308811,1.17295738325559,1,1,-0.503710773366473,0.477169170427146,1,1,0.549408936857988,0.525543287034216,1,1
"84",-0.786388783839971,0.386442155811738,15,1,0,0.472525165195355,0.791671179524919,1,1,0.341273261918994,0.766844486314729,1,1,0.00666464906280384,0.502125080790634,1,1,0.305298054315677,0.491794229764149,1,1
"85",0.260112878515311,0.436358301800775,17,1,1,0.623239553526932,0.460349910943981,1,1,0.489378917302913,0.475117903338779,1,1,0.0167659149862701,0.678827466782023,1,1,0.669187226160466,0.591497163777358,1,1
"86",-0.803213270614459,0.591680194612232,1,1,1,-0.691174473472874,0.590221393968287,1,1,-0.644430996591734,0.51062832310704,1,1,-0.851696181788326,0.547607136241663,1,1,-0.803213270614459,0.556167734591401,1,1
"87",0.0540985789771698,0.439062096794857,7,1,1,0.808611626698669,0.837733231585303,1,1,0.796091361557684,0.767970244619993,1,1,0.584357221159415,0.503210285219286,1,1,0.688712028137597,0.551328701393039,1,1
"88",0.352425250108582,0.465893809469532,11,1,1,-0.162924035319107,0.519750620391969,1,1,-0.0416182025866198,0.431007195532132,1,1,-0.288328870925296,0.631532884076397,1,1,0.471476927965023,0.627782458930265,1,1
"89",0.595302081160367,0.6092794192249,3,1,1,0.354746853655001,0.270899306107966,1,1,0.202922252112092,0.298839091912667,1,1,1.24529341230532,0.620312399374884,1,1,0.735313882691969,0.641436159641473,1,1
"90",-0.421053392198648,0.370095283373504,17,1,1,-0.197532716789921,0.417480629596466,1,1,-0.188717914414038,0.435752783628378,1,1,-0.984164653814515,0.827822628911368,1,1,0.115357844028934,0.868898623000273,1,1
"91",0.778385012579123,0.373409557486714,17,1,0,0.985394274296684,0.653097057567649,1,1,0.99207904193384,0.609050428079525,1,1,0.8395944583263,0.538146135865232,1,1,0.761707020496589,0.536410301849658,1,1
"92",-0.10776997454657,0.324231663640154,19,1,1,-0.159991039050113,0.293162758712385,1,1,-0.0582217305222114,0.292834655992141,1,1,-0.0915557285841626,0.321782633417307,1,1,0.812992229276166,0.335028946505753,1,0
"93",0.660201134645435,0.400683590766804,19,1,1,0.424485229761833,0.356419828643009,1,1,0.518098677756574,0.373372384192213,1,1,0.353333157313453,0.776450294788544,1,1,0.939213896859231,0.786309403693413,1,1
"94",0.166335821257125,0.369147171470745,19,1,1,0.135051148462423,0.292536253076148,1,1,0.103225459173782,0.298137637509729,1,1,-0.0851474639821897,0.50597893471033,1,1,0.536976089679849,0.535343829616748,1,1
"95",0.507945975042166,0.312178951080459,19,1,1,0.838665379579665,0.311351063039397,0,0,0.818674327635744,0.315239914489428,0,0,0.624461544248104,0.323075556348362,0,0,0.928201355916474,0.377522156313943,1,0
"96",1.31849489488352,0.381120210829764,13,0,0,1.16374095633738,0.407557021788364,0,0,1.22877800492622,0.410303758928556,0,0,0.611601603514412,0.784063710388489,1,1,1.23769028909662,0.863111685771894,1,1
"97",-0.0299179359873936,0.417445552644431,17,1,1,0.0822443573116965,0.376890389311283,1,1,0.115853143280862,0.372223824412097,1,1,-0.265557918069065,1.03586075441325,1,1,0.667413737319924,0.973582309887346,1,1
"98",0.586080565690884,0.318345786914995,11,1,1,0.523782962853712,0.296250093401471,1,1,0.483942597174105,0.402733965476616,1,1,0.548422168525934,0.421089356310494,1,1,1.12148993476416,0.421876063012133,1,0
"99",-0.312278847705813,0.337649952625159,19,1,1,-0.0361976449869964,0.440614569667441,1,1,-0.176149473933992,0.450625128809339,1,1,-0.019180253637948,0.608569986961984,1,1,0.18599930359618,0.519764946003056,1,1
"100",0.599732278672992,0.434860669163476,11,1,1,0.987205940974827,0.619614928314094,1,1,0.934770262588184,0.477594711618179,0,1,1.59882907214953,0.891960550359213,1,1,0.902539893456439,0.763975037612523,1,1
