"","V1","V2","V3","V4","V5","V6","V7","V8","V9","V10","V11","V12","V13","V14","V15","V16","V17","V18","V19","V20","V21"
"1",0.664660522534497,0.232823468727241,15,0,0,0.751866343316243,0.207816562119685,0,0,0.726510907645146,0.239223928399006,0,0,0.907192962888904,0.213162436398448,0,0,1,1,1,1
"2",0.813598196807016,0.231817862022442,17,0,0,0.892883212155268,0.203141858443927,0,0,0.866083583945569,0.214198394102318,0,0,0.912318552158609,0.263019621818286,0,0,1,1,1,1
"3",0.330441096007245,0.251461818684141,5,1,1,0.536003791060209,0.27538458105678,1,1,0.466974064869839,0.281555226857534,1,1,0.909047688004676,0.348080563375126,1,1,1,1,1,1
"4",1.17238843670213,0.208111420264765,9,0,0,1.14955802881606,0.215696451177374,0,0,1.08043611057297,0.240936631457476,0,0,1.45109111410292,0.244345092497764,0,0,1,1,1,1
"5",1.01885985523199,0.272995245845619,9,0,0,1.00509974823632,0.206807937803331,0,0,0.983543543220465,0.244031538874993,0,0,1.28004861026836,0.252814799502062,0,0,1,1,1,1
"6",0.57539419737949,0.285892496979944,13,1,0,0.793096815221177,0.313940979995049,0,0,0.7541260164912,0.305423049071117,0,0,1.06144246396311,0.30760644725015,0,0,1,1,1,1
"7",0.742243572424565,0.279486691174184,3,0,0,0.799566180048131,0.227090131047529,0,0,0.779631920906084,0.219363980136136,0,0,0.893709260471164,0.306072154135444,0,0,1,1,1,1
"8",0.462335712454466,0.242941551423255,17,0,1,0.4578661559328,0.227981615721893,1,0,0.521396846227941,0.244646198095304,0,0,0.281001472335922,0.344472796384749,1,1,1,1,1,1
"9",0.642352950270343,0.215143246574949,11,0,0,0.700660091308536,0.189773523741225,0,0,0.639800591522837,0.217063872121398,0,0,0.789022628933952,0.296000866108646,0,0,1,1,1,1
"10",0.497557963812789,0.243536712261296,9,0,0,0.54684072395067,0.191394413728894,0,0,0.526389919427712,0.204050844030637,0,0,0.514153079967508,0.227093571560581,0,0,1,1,1,1
"11",0.438745594356744,0.300896244880423,5,0,1,0.66923975353033,0.285851762709841,0,0,0.630508012608568,0.274777005492884,0,0,0.756497255062374,0.329600712422469,1,1,1,1,1,1
"12",0.612719919577849,0.233644921127123,5,0,0,0.776977836156975,0.381702154194077,0,0,0.821091546112182,0.354164714532637,0,0,0.436414698530273,0.298822475923834,0,0,1,1,1,1
"13",0.649112994598262,0.22589028448064,11,0,0,0.743383254007453,0.178567725572396,0,0,0.709810294239912,0.219321015878653,0,0,0.743855322846036,0.255433069665305,0,0,1,1,1,1
"14",0.635259538915509,0.246205468322618,9,0,0,0.705638093626785,0.229288298340343,0,0,0.693152681417254,0.207059127560989,0,0,0.611386740727699,0.262923265428885,0,0,1,1,1,1
"15",0.504318105506572,0.270442007388821,19,0,1,0.540960815046563,0.279715855453273,1,1,0.528075489915297,0.237419529790976,0,0,0.312096748524212,0.303893447138135,0,1,1,1,1,1
"16",0.372616204107357,0.268756168540033,15,1,1,0.337141971063542,0.317804586102941,1,1,0.356747198605578,0.326470697033944,1,1,0.569383530289381,0.28845192879406,1,1,1,1,1,1
"17",0.668370352293644,0.219019441350183,15,0,0,0.66926115428569,0.20622483776355,0,0,0.620313344751484,0.219155117418998,0,0,0.399703469858547,0.302713684812843,0,0,1,1,1,1
"18",0.547244768308268,0.244971280456711,17,0,0,0.492258003734875,0.249730908069906,0,0,0.518103087931563,0.271301752171122,0,1,0.405070257061989,0.274306107510412,0,1,1,1,1,1
"19",0.184011234435422,0.195839003305948,19,1,1,0.206441818429524,0.194955656712613,1,1,0.186349753014601,0.217196901192493,1,1,0.193315534954389,0.284832190548778,1,1,1,1,1,1
"20",0.685576020721162,0.239797138464631,5,0,0,0.710733365569316,0.224207627443371,0,0,0.803939164475586,0.209284269486782,0,0,0.680640631155878,0.28142241132814,0,0,1,1,1,1
"21",0.808642756901108,0.239346599146906,11,0,0,0.935436865449514,0.22136049757571,0,0,0.906898267605839,0.278744337622654,0,0,1.03261332551909,0.325446374818246,0,0,1,1,1,1
"22",0.809986349103178,0.245665891019584,9,0,0,0.804979508998322,0.25291568803602,0,0,0.814525389015822,0.224948323880846,0,0,0.964941351887557,0.268217191309173,0,0,1,1,1,1
"23",1.01946781961591,0.322125066875878,9,0,0,1.01338363003767,0.229279143197527,0,0,1.00404200410118,0.232315170257808,0,0,1.04494304641445,0.23052537668552,0,0,1,1,1,1
"24",0.723784735757365,0.256408574269165,7,0,0,0.710498849615341,0.21924718897152,0,0,0.656186904704216,0.244889004288792,0,0,0.90343317083936,0.279973219817918,0,0,1,1,1,1
"25",0.846600718914934,0.244371232532965,7,0,0,0.76350044848608,0.223198653127521,0,0,0.777701793121785,0.221013339298259,0,0,0.581450407378368,0.260517363229471,0,0,1,1,1,1
"26",0.987580694330212,0.296576320816178,19,0,0,0.964475777288623,0.196915364147032,0,0,0.951843975706332,0.26219253257479,0,0,0.471242621902532,0.388594736202131,0,0,1,1,1,1
"27",1.12714406287347,0.250565460871771,11,0,0,1.10074584351878,0.197588307022381,0,0,1.08987427576234,0.235406474025881,0,0,0.906580847554463,0.310793549677304,0,0,1,1,1,1
"28",0.301119071218649,0.315197357185197,15,1,1,0.318586604726276,0.230462064064865,1,1,0.280182745686641,0.273073085102272,1,1,0.621813801025506,0.392598455996735,1,1,1,1,1,1
"29",0.810024261160133,0.272244213457949,17,0,0,0.905749954421291,0.185812169522948,0,0,0.925955762669409,0.26225770486794,0,0,1.14625081093106,0.337944365848014,0,0,1,1,1,1
"30",0.101573475247954,0.243666636739772,3,1,1,0.267535722045278,0.235014404367779,1,1,0.221378699047423,0.221173490647324,1,1,0.187724956040048,0.296952046383964,1,1,1,1,1,1
"31",0.501094487753361,0.282777540005972,15,1,1,0.594904157247768,0.278711166629509,0,0,0.598947479485548,0.267493725242212,0,0,0.317396705335318,0.295123325956216,1,0,1,1,1,1
"32",0.991026116331294,0.264645463281142,13,0,0,0.722329456078916,0.232731029836983,0,0,0.758193729067577,0.256804132098165,0,0,0.493487095696195,0.285380417960454,0,0,1,1,1,1
"33",0.643026595794548,0.262929314135033,11,0,0,0.608511123168381,0.214565296965588,0,0,0.659321465671915,0.25295016833184,0,0,0.290593138982121,0.333007194948723,1,0,1,1,1,1
"34",0.583633957855255,0.28560853636635,15,0,0,0.540803494166673,0.22465988135934,0,0,0.560910249303244,0.226883622974911,0,0,0.446353532946488,0.29372903984832,0,1,1,1,1,1
"35",0.779638984288291,0.232508942441197,19,0,0,0.894162330494271,0.210020443121338,0,0,0.899218695612524,0.208219273903129,0,0,0.557660044825458,0.239916872125425,0,0,1,1,1,1
"36",0.705174222799911,0.216014638001974,19,0,0,0.777418808597945,0.23706027634774,0,0,0.750740343159256,0.22934947204166,0,0,1.04374553900703,0.332439032550063,0,0,1,1,1,1
"37",0.774882375549808,0.242383006087825,13,0,0,0.865667991922735,0.23544597692908,0,0,0.871480284919693,0.264502976917424,0,0,0.884586259282526,0.490183067241038,0,1,1,1,1,1
"38",1.00154958965858,0.251693187951647,19,0,0,1.10096864906616,0.197799995875086,0,0,1.08572062670996,0.220757737442391,0,0,1.03415523619848,0.289799086890371,0,0,1,1,1,1
"39",0.948042916030836,0.287515081945247,13,0,0,1.02029244715194,0.199964052740222,0,0,1.04813221149938,0.218054024661401,0,0,0.852898321816743,0.316350967968582,0,0,1,1,1,1
"40",0.465001589158838,0.214603597128735,7,0,0,0.55276273456678,0.198416125668874,0,0,0.506950903148362,0.18549770337426,0,0,0.474419947165135,0.209276856184919,0,0,1,1,1,1
"41",0.584701080659683,0.286706765314355,9,0,0,0.506093309944552,0.234222940317439,0,0,0.483824189918099,0.20135174381272,0,0,0.234464136517428,0.237838360015639,0,0,1,1,1,1
"42",0.986011437723564,0.259265093514222,13,0,0,1.16839548588802,0.280767272158255,0,0,1.17969764825513,0.244367866281513,0,0,1.42880351808353,0.353995211618736,0,0,1,1,1,1
"43",0.484236003035498,0.227677060457511,11,0,0,0.605171260137602,0.230701953336476,0,0,0.59083572164115,0.212107411563531,0,0,0.636261708566867,0.280601276929178,0,0,1,1,1,1
"44",1.24332891857009,0.306037160711872,9,0,0,1.12932431117833,0.228888445595929,0,0,1.14385794311533,0.245660693343014,0,0,1.39687779708613,0.327680234497566,0,0,1,1,1,1
"45",0.276274580492495,0.25163123069351,5,1,1,0.542194652775044,0.22926611974051,0,0,0.50985410445634,0.222828786155406,0,0,0.557024972186075,0.256936884098133,1,0,1,1,1,1
"46",0.8152414396839,0.232625338625073,11,0,0,0.72198565864131,0.217687125624374,0,0,0.73782764885213,0.242707173970418,0,0,0.947715486767659,0.249760638302242,0,0,1,1,1,1
"47",0.628716375656764,0.228776480051943,5,0,0,0.634740764798577,0.212301208106664,0,0,0.636449593469775,0.209252339877587,0,0,0.663362195454958,0.218844782535363,0,0,1,1,1,1
"48",-0.036899869734635,0.241178165346081,19,1,1,0.093847071471652,0.216884580798009,1,1,0.0170481714258548,0.200880685706444,1,1,-0.231615629683372,0.305569202611434,1,1,1,1,1,1
"49",1.01659584782964,0.272566560209142,19,0,0,1.0201220176835,0.23024659375274,0,0,0.990267829546019,0.221747141933817,0,0,1.09496648870409,0.287359915298925,0,0,1,1,1,1
"50",0.576785549644332,0.239472116091934,13,0,0,0.602551837326317,0.214575362909916,0,0,0.592185302153442,0.20084818764913,0,0,0.685930133127653,0.300969875563384,0,0,1,1,1,1
"51",0.772267113982917,0.261888350921612,19,0,0,0.921748807087871,0.208900008470216,0,0,0.896322480708622,0.222546648998564,0,0,0.928478168614494,0.211323522673708,0,0,1,1,1,1
"52",1.11459279901972,0.423443906491556,1,1,0,0.706135074946986,0.216264453308789,0,0,0.637643893615541,0.234058559428125,0,0,1.17206584078989,0.366617313678571,1,1,1,1,1,1
"53",0.642355312791648,0.268444405222784,19,0,0,0.559565287670164,0.226554554050703,0,0,0.579671073974743,0.286537439219559,0,0,0.623293645246321,0.26909676172081,0,0,1,1,1,1
"54",0.767157088004416,0.24019816377704,17,0,0,0.657771746237632,0.225477954118809,0,0,0.684968284814915,0.20134844499835,0,0,0.904164321791262,0.341346352785841,0,0,1,1,1,1
"55",1.17102959325496,0.228590875301507,19,0,0,1.28309752405137,0.283810742746723,0,0,1.23685382355592,0.242741341647448,0,0,1.36408684692275,0.25082419664259,0,0,1,1,1,1
"56",0.649898524609298,0.267341370747699,19,0,0,0.712391155854153,0.185129164594593,0,0,0.64710748830884,0.185416762635747,0,0,0.817274017687511,0.408021336879341,0,1,1,1,1,1
"57",0.580808707244888,0.215135442772788,19,0,0,0.641236160359058,0.218518110155881,0,0,0.64556607027083,0.207828043986358,0,0,0.719218962881076,0.266067625836232,0,0,1,1,1,1
"58",0.471940934721855,0.226873159239481,15,0,0,0.517679160223973,0.201709018948049,0,0,0.494453467840381,0.211680526936619,0,0,0.658450925496554,0.256541168674148,0,1,1,1,1,1
"59",0.709681710473727,0.272967240540236,13,0,0,0.604497806835846,0.274886028000573,0,0,0.664806412491932,0.238087816707052,0,0,0.566254203978312,0.348410442631709,1,1,1,1,1,1
"60",0.865691532134241,0.260525571351832,19,0,0,0.896898168745418,0.242652895447883,0,0,0.906362624521677,0.251636958023017,0,0,0.807356485160338,0.323438942167286,0,0,1,1,1,1
"61",0.636490985524095,0.233616868702359,19,0,0,0.590157327004832,0.215543077635429,0,0,0.610257454800871,0.221854742360029,0,0,0.547030482255958,0.290667654519509,1,0,1,1,1,1
"62",0.595201894327525,0.242933810445328,5,0,0,0.55872683637444,0.233149084368181,0,0,0.626275490396757,0.257383601172558,0,0,0.359018447109809,0.257004402225004,0,0,1,1,1,1
"63",0.706645787583682,0.262486259587613,15,0,0,0.601798997749606,0.333790366239447,1,1,0.599206436113069,0.284351187691681,0,0,0.429636084827428,0.313816370338079,0,1,1,1,1,1
"64",1.00873368312574,0.324680837458684,11,0,0,0.940554327804531,0.238597755832571,0,0,0.952115604297901,0.287530945798517,0,0,0.979139879060936,0.374957420306738,0,0,1,1,1,1
"65",0.736171625095812,0.313116822818054,15,0,0,0.526049605993338,0.268787994576509,0,1,0.569486503298107,0.265375743429615,1,0,0.626042647153526,0.287505511120023,0,0,1,1,1,1
"66",0.811536160766684,0.239254423082668,19,0,0,0.85378099634129,0.270519826354344,0,0,0.904557523944123,0.244815539763675,0,0,1.04526776189406,0.303417774754501,0,0,1,1,1,1
"67",0.785303305174146,0.2621666150205,13,0,0,0.827907063574766,0.29073735862681,0,0,0.81012208714893,0.261115870808818,0,0,0.645048785356249,0.334542074487077,0,0,1,1,1,1
"68",0.502515696092324,0.26243253407201,5,0,1,0.635854457255735,0.23822541865213,0,0,0.583266232280142,0.233426487166297,0,0,0.525151798251207,0.268379971066078,0,0,1,1,1,1
"69",0.841240868659118,0.241831433816332,9,0,0,0.798162827507387,0.226954939087433,0,0,0.801003509116985,0.241787790598479,0,0,0.981635723393292,0.300420335433899,0,0,1,1,1,1
"70",0.249555422016105,0.30634375389876,9,1,1,0.49546533163062,0.223655240550088,0,0,0.464482689459376,0.234462247909412,1,0,0.379144223594027,0.326382957612561,1,1,1,1,1,1
"71",0.903901278124604,0.237972063944001,7,0,0,1.00219601801904,0.320714844751756,0,0,1.03963532685948,0.276576875331699,0,0,1.15592745137046,0.305017860009915,0,0,1,1,1,1
"72",0.670364469190584,0.236839207229449,17,0,0,0.640656093417305,0.298829470099635,0,0,0.662301078157249,0.246133648276706,0,0,0.589814566157834,0.322463557827406,0,0,1,1,1,1
"73",0.682469126090237,0.254438704717639,11,0,0,0.730942768157158,0.210921130297596,0,0,0.677571158222125,0.211444257518703,0,0,1.05041603049225,0.287855551287902,0,0,1,1,1,1
"74",-0.269173934875949,0.320783938974144,1,1,1,0.208214032088247,0.212544649057402,1,1,0.185706834216387,0.239822270734346,1,1,-0.272596444419707,0.344880180172251,1,1,1,1,1,1
"75",0.398483948624575,0.26263341778775,13,1,1,0.384946472346407,0.222157235588419,1,1,0.369963070891074,0.252769899313404,1,1,0.577509600923503,0.334149720132077,1,1,1,1,1,1
"76",0.683962135987827,0.230037758806098,17,0,0,0.636101094478755,0.393582542052678,1,1,0.681807377751921,0.307809757007074,0,0,0.929465934500588,0.297484476294864,0,0,1,1,1,1
"77",0.5568674975605,0.258269512840734,13,1,0,0.370605996362351,0.217762942293881,0,1,0.500955171070703,0.237020878429234,0,0,0.211231933315317,0.27382600029556,1,1,1,1,1,1
"78",0.324658736383068,0.237049783236286,3,1,1,0.0873509360271317,0.342241187395479,1,1,0.0871708731685785,0.282098609626025,1,1,0.457826413913727,0.235765207673132,1,1,1,1,1,1
"79",1.1915769745636,0.272240048262,7,0,0,1.07315473681018,0.264196137733462,0,0,1.0932502219535,0.279111243393048,0,0,0.678214892875902,0.377129676253386,0,0,1,1,1,1
"80",1.12537680836047,0.245317884757595,13,0,0,1.20453773626627,0.273693163551924,0,0,1.27297077313061,0.311805413081647,0,0,1.16380763925986,0.259913332987516,0,0,1,1,1,1
"81",1.02655482816672,0.217564501529418,17,0,0,1.07410209233444,0.208514252737739,0,0,1.12270537851276,0.220631181715591,0,0,1.19182034708422,0.307308418353509,0,0,1,1,1,1
"82",0.753502159171941,0.283226099163679,13,0,0,0.827941359374019,0.2545041069741,0,0,0.789646847050175,0.237489585447441,0,0,1.02273672678548,0.350799613310864,0,0,1,1,1,1
"83",0.910288175038806,0.222508826076981,17,0,0,0.891970600266396,0.20625781121973,0,0,0.902506936665163,0.233583175162883,0,0,0.786721182742919,0.358986375981649,0,0,1,1,1,1
"84",0.663534313812955,0.240095292699122,13,0,0,0.69613252751888,0.235184356898237,0,0,0.746090089938535,0.211094983711924,0,0,0.385604217313938,0.287801325025351,0,0,1,1,1,1
"85",0.625272384093014,0.287967170613976,3,0,0,0.746910902618265,0.248526151590582,0,0,0.809178997928318,0.252239572683623,0,0,0.667731077509743,0.286785022567246,0,0,1,1,1,1
"86",0.664260872229903,0.29161435428452,9,0,0,0.642497209150484,0.228841757031193,0,0,0.747229213182081,0.229883569665225,0,0,0.4944574585962,0.312170887188964,1,0,1,1,1,1
"87",0.431272397854829,0.258720541397362,11,1,1,0.460369308997182,0.206308798311226,0,0,0.465222283322927,0.206201911970254,0,0,0.438907714035977,0.26173810401145,1,1,1,1,1,1
"88",0.765576749367596,0.233668708989298,11,0,0,0.663686921131694,0.219314667310279,0,0,0.700584836506144,0.186719302763855,0,0,0.544327533880462,0.25104674724598,0,0,1,1,1,1
"89",0.869952747954018,0.255756333215737,9,0,0,1.06844589643262,0.223493564453007,0,0,1.03170708877907,0.254901655023235,0,0,1.11268008224045,0.285710975776332,0,0,1,1,1,1
"90",0.770481300066619,0.240758166732015,7,0,0,0.930628049450279,0.228247864428648,0,0,0.946495019374814,0.248108203631085,0,0,1.22681051420552,0.294768699713864,0,0,1,1,1,1
"91",0.618725538990099,0.30813191788987,19,0,0,0.730017701955802,0.307784209547639,0,0,0.721411701511499,0.268557102976069,0,0,0.671421579898577,0.319248389989423,0,0,1,1,1,1
"92",0.510465845760724,0.217103059104057,17,0,0,0.592642218705015,0.224871760909476,0,0,0.579633413053188,0.226442938957391,0,0,0.643143398036702,0.228467289714478,0,0,1,1,1,1
"93",0.87286379862767,0.283317521284689,19,0,0,0.942246750894038,0.216268294937106,0,0,0.967104223642647,0.248342602395409,0,0,0.856254765960144,0.315001360999633,0,0,1,1,1,1
"94",0.695986706542119,0.258018460406862,17,0,0,0.686606431652171,0.299901545344141,0,0,0.664258186699612,0.274447424209342,0,0,0.611720167124294,0.334868718797852,0,0,1,1,1,1
"95",0.458598505443661,0.249582713333653,19,1,1,0.64134357517606,0.230264704418718,0,0,0.637274920175595,0.22536114075764,0,0,0.636049487148189,0.329063779866234,1,1,1,1,1,1
"96",0.74759736710549,0.274659418352549,3,0,0,0.832162674887539,0.322882214059098,0,0,0.81657964696611,0.247197130999593,0,0,0.684448564756104,0.285570824248986,0,0,1,1,1,1
"97",0.27207459590901,0.231158799990672,13,1,1,0.253020724049072,0.250678173802111,1,1,0.252958711525553,0.242499970106481,1,1,0.128559620248312,0.288320926654986,1,1,1,1,1,1
"98",0.481448708418778,0.219083248417465,17,0,0,0.411647306136219,0.234086774276731,1,1,0.455636104652594,0.254373672008492,0,1,0.663852278099391,0.270585144862164,1,1,1,1,1,1
"99",0.0825895122593928,0.286380378087127,17,1,1,0.249759449455742,0.243146366451923,1,1,0.231644175985834,0.235123798453814,1,1,0.428821050104239,0.369619870354797,1,1,1,1,1,1
"100",0.510048147749289,0.262787600176626,17,0,1,0.624458749122713,0.225868173916547,0,0,0.622488568116069,0.217022006647265,0,0,0.599614329808753,0.257304244439364,0,0,1,1,1,1
