"","V1","V2","V3","V4","V5","V6","V7","V8","V9","V10","V11","V12","V13","V14","V15","V16","V17","V18","V19","V20","V21"
"1",0.52959673953743,0.387436452328228,15,1,1,0.326499971845824,0.386148704890168,1,1,0.273532214592925,0.404951528094216,1,1,-1.16975022724589,0.988814480020077,1,1,0.568769494881691,0.909667676346594,1,1
"2",0.500145683042738,0.266837501233609,15,0,1,0.750911527844494,0.330312434163676,0,0,0.792491555637025,0.342571137201243,0,0,0.691697716257626,0.485181468040248,1,1,1.03509169758535,0.476036252549516,1,0
"3",-0.237895572355965,0.360123301394671,19,1,1,0.496047679216999,1.05178819012473,1,1,0.468431250001005,1.04240778893917,1,1,-0.339831847570232,0.571031582045049,1,1,0.437508599336498,0.588743567373389,1,1
"4",0.0116128489563062,0.447850794804217,5,1,1,-0.19603927755842,0.256888547868775,1,1,-0.156783463051297,0.279494806861988,1,1,-0.29942108595412,0.380618271166765,1,1,0.19728995394262,0.496451487802856,1,1
"5",0.276657817145747,0.442341099209744,11,1,1,0.0898608557501649,0.306521703544742,1,1,0.149582261215231,0.331721377317273,1,1,-0.206405705642344,0.334235684823736,1,1,0.681876076135041,0.39187585675828,1,1
"6",0.347053482655018,0.438887928394913,15,1,1,0.32539620405928,0.547090614819548,1,1,0.245309353739386,0.548924365640752,1,1,1.52946175423509,0.845239417667768,1,1,0.634722190146358,0.907461158770089,1,1
"7",0.449581873005754,0.388005985925057,13,1,1,0.476621665325758,0.296720482606792,1,1,0.496958136917519,0.322040562226732,1,1,0.700324480183963,0.568166339135276,1,1,0.643429585569562,0.594405313891736,1,1
"8",0.102292014426613,0.335058242648086,17,1,1,0.309426466388286,0.357317417611561,1,1,0.340818573121307,0.40304097727077,1,1,1.2464868919253,0.703420265276194,1,1,0.736131294584587,0.743798969037542,1,1
"9",0.518166770695114,0.367307730922519,11,1,1,0.58918387693252,0.244279612674797,0,0,0.609960448160491,0.28476999599207,0,0,0.32909911862508,0.41106306023777,1,1,0.529339929183714,0.469037345510649,1,1
"10",0.147191692437361,0.316149249055674,15,1,1,0.463455698446725,0.439589172514187,1,1,0.512888366669862,0.533889679962787,1,1,0.600023911776961,0.46521878186765,1,1,0.398515966249788,0.42967438646324,1,1
"11",0.324833293002751,0.40959513174154,17,1,1,0.369638516190935,0.312992181441549,1,1,0.448695833879031,0.37894578172454,1,1,0.944694488491977,0.573600889079314,1,1,0.895523815861886,0.727057820901973,1,1
"12",-0.0723179795228237,0.347988891232147,13,1,1,-0.301309466303871,0.502636098018322,1,1,-0.199246751366768,0.458181782931987,1,1,0.168601432052827,0.796646371169665,1,1,0.368863257235242,0.773135582575914,1,1
"13",-0.0673513226706178,0.43117071775969,5,1,1,0.129436102649176,0.353135467672243,1,1,0.112033059378312,0.38692372674819,1,1,-0.802733948906561,0.537573281634201,1,1,0.274015306874597,0.567960914051009,1,1
"14",-0.326488595493912,0.46103668051049,5,1,1,0.00521824120647321,0.264539138188546,1,1,0.201490531182677,0.356228601332712,1,1,0.0459557659894185,0.335000103745915,1,1,0.808594100695406,0.440787341887692,1,1
"15",0.450921300207041,0.27840417446556,17,1,1,0.382754083322955,0.300138913919016,1,1,0.460526515121312,0.353630487781111,1,1,0.703434063475159,0.572805735911896,1,1,0.603574778611753,0.573792766832348,1,1
"16",-0.0552090428922777,0.323589617761769,15,1,1,-0.579814693956393,0.645661749501019,1,1,-0.705751456584667,0.670321348675707,1,1,-0.1051024305948,0.387314375649571,1,1,0.719606959273398,0.392551811997201,1,1
"17",0.150423200417913,0.316359249683247,11,1,1,0.522220434714333,0.317464269183046,1,1,0.547694218113472,0.348939345363382,1,1,0.534664191598154,0.430647821393453,1,1,0.569921558392817,0.451865960943446,1,1
"18",1.09794032395113,0.419287023465173,3,0,0,1.13306705675236,0.3842871718823,0,0,1.14229151014709,0.380228873290869,0,0,0.730701341179477,0.397042138933374,0,0,0.900351189330413,0.433897210497724,0,0
"19",0.384470233533683,0.489324546307648,7,1,1,-1.31117476179027,1.64434455965395,1,1,-0.705878023046524,1.26162674021018,1,1,0.259210155889995,0.542942848630904,1,1,0.553788771876095,0.522510727073695,1,1
"20",0.634008858804388,0.301328539009964,11,0,0,0.387959597632012,0.36602971264308,1,1,0.314563098534462,0.380666621863429,1,1,0.35985431408832,0.3567236523197,1,1,0.813915894488673,0.404688802901123,1,0
"21",0.776001395339464,0.341909537140353,15,0,0,0.284827437780667,0.267668650288567,1,1,0.508244244573054,0.355504701035154,1,1,0.00646077008237494,0.395406168183301,1,1,0.893910389734469,0.476993359051507,1,1
"22",-1.45247583168947,0.5285234002915,5,0,0,-0.816253363675151,0.931663151530405,1,1,-0.909167782643561,0.723539909261041,1,1,-1.83952541007618,0.734002136211832,1,1,-0.132694954518781,0.663358646223096,1,1
"23",-0.0303913615018916,0.379359645508674,11,1,1,-0.0284782597628316,0.531540671632106,1,1,-0.181543573591922,0.47960168206108,1,1,-0.00768630472544739,0.733091233062716,1,1,0.400592362582098,0.645117594390663,1,1
"24",-0.00770281595309915,0.347493830188881,19,1,1,0.367850376174918,0.210099877886839,1,1,0.277485497341563,0.249774256815689,1,1,0.400027221690422,0.543503061147525,1,1,0.551923716637667,0.521343631070423,1,1
"25",0.45616059341711,0.358596987813867,19,1,1,0.645833010887123,0.441769727083412,1,1,0.720049903283741,0.424169816569855,1,1,0.831877144435091,0.871494348810537,1,1,0.965374180495537,0.768669069177183,1,1
"26",-0.230616304390607,0.398593675894582,17,1,1,0.152110114301789,0.422216175651077,1,1,0.19226880534143,0.427644819869001,1,1,0.115843330708023,0.504020377725952,1,1,0.417802614023982,0.560562494537984,1,1
"27",0.0298265470491298,0.512921755514987,17,1,1,0.0636293760141062,0.393402553801492,1,1,0.107490496455101,0.447545779766691,1,1,0.279280304562441,0.9727513982241,1,1,0.629785525335312,0.974800322824428,1,1
"28",0.347905641812322,0.396630787729906,9,1,1,0.489519623524723,0.565369001344144,1,1,0.316469248472081,0.56181656950576,1,1,0.840413479648054,0.936177369190482,1,1,0.458924401518359,0.969287994611031,1,1
"29",-0.0305333714389896,0.436905940770382,11,1,1,0.247271417099491,0.984792064073387,1,1,0.355453130533315,1.04179321397769,1,1,-0.317848998567371,0.595646439705037,1,1,0.106562235158623,0.544435030569853,1,1
"30",0.103313208269569,0.351556712831607,17,1,1,0.0135670196121423,0.301050183505587,1,1,0.00698120948352472,0.381382130552336,1,1,-0.491130123133676,0.325572115972845,1,1,0.626956384647469,0.446241182096534,1,1
"31",0.495180642740405,0.436994617729424,19,1,1,-0.217706785310369,0.746487562332096,1,1,-0.138408380307052,0.637627812904503,1,1,-1.12619530337267,0.935626240348073,1,1,0.60484969190954,0.863040562270308,1,1
"32",-0.503398987224224,0.43448808876711,7,1,1,0.0101179417122805,0.425606187780058,1,1,0.00269922765732827,0.390825318391608,1,1,0.11216843835747,0.523946422519287,1,1,0.4943569802135,0.557461502543611,1,1
"33",0.450952737047048,0.407699017669898,15,1,1,0.640822229425669,0.222678697211364,0,0,0.69501273708441,0.269416487122973,0,0,0.924237685959289,0.359007965922962,0,1,0.760990428326809,0.439987276754156,1,1
"34",0.556497183299987,0.391252332668193,19,1,1,0.717815374108441,0.516836551838037,1,1,0.762419929347531,0.573002766724699,1,1,1.59941520531454,1.14983935919759,1,1,0.713278516681802,1.11328391414421,1,1
"35",0.308554899254522,0.38809461383488,17,1,1,0.137994198836227,0.359982823277207,1,1,0.0574492875417991,0.397362938557889,1,1,0.332140363392941,0.489182792306172,1,1,0.651844898631223,0.605387183117747,1,1
"36",-0.167921652508065,0.39964262683424,11,1,1,0.247997042713849,0.286565503131078,1,1,0.168646831004691,0.322622072101844,1,1,0.0176745489739912,0.476661888447886,1,1,0.686216594076073,0.5126541228337,1,1
"37",0.578305434600076,0.363063555331781,19,1,1,0.488123690434581,0.300532423590174,1,1,0.575284847930654,0.304098276089134,1,1,0.306973994651297,0.695849344989587,1,1,0.997421662464933,0.691023892096556,1,1
"38",0.213196090177083,0.472154506899869,9,1,1,0.25933750347031,0.39288700696246,1,1,0.170764995832461,0.431639987123684,1,1,-0.325716769598657,0.673410433717592,1,1,0.695122999512159,0.701400571960725,1,1
"39",0.494691673262738,0.368431487996067,15,1,1,-0.504322986773039,0.808334373859994,1,1,-0.649579564450474,1.08534055056194,1,1,-0.120384579443715,0.417889421017204,1,1,0.461611838069118,0.492788178577336,1,1
"40",-0.0904829264834658,0.272564712734401,17,1,1,-0.00891639282991253,0.272265447235779,1,1,-0.081168251117472,0.281215558615532,1,1,-0.327370474573882,0.502050795316303,1,1,0.382102095100835,0.490413998642667,1,1
"41",-0.973928176914714,0.501082176573387,1,1,1,-0.375381072042604,0.453354933900945,1,1,-0.342984828129797,0.606309954757297,1,1,-0.959072705297794,0.467528156028321,1,1,-0.973928176914714,0.515721341061847,1,1
"42",0.189845053187199,0.400646149518909,9,1,1,-0.615357361655756,0.661244435398116,1,1,-0.586267184004417,0.70518011952713,1,1,-0.596534361437162,0.443410964737844,1,1,0.397992890138582,0.468209712951358,1,1
"43",0.579560641178611,0.414866216140855,19,1,1,0.65831159261949,0.364653456761234,1,1,0.596214222039017,0.366999984443496,1,1,0.0811826203636739,0.741446335017212,1,1,0.62691838152579,0.816386783016528,1,1
"44",0.717200207603987,0.374400333613891,17,1,1,0.589772140811336,0.390240082057971,1,1,0.681291649308582,0.38917451470467,1,1,0.798092955060019,0.695404202350579,1,1,0.901102732164315,0.627464374771901,1,1
"45",0.201953350911943,0.346190832068464,15,1,1,-0.369730977520139,0.503166626040552,1,1,-0.260611225377214,0.413190417567164,1,1,-0.0142077743329675,0.451408138390062,1,1,0.389216621114442,0.395985271583662,1,1
"46",0.0263912383684433,0.486049004387837,11,1,1,0.224709394897742,0.287950291687589,1,1,0.19864229798695,0.305016758225569,1,1,-0.574262669601299,0.743221280115739,1,1,0.575447234797799,0.669671211755223,1,1
"47",0.193553620615924,0.370171161346073,9,1,1,-0.247941808274791,0.913324001451436,1,1,-0.348579415298164,0.902155950406671,1,1,-0.163839644621783,0.51985785681579,1,1,0.593228234618352,0.532212966955909,1,1
"48",-0.230511484371411,0.413722904787991,13,1,1,0.018718198804358,0.447006426535474,1,1,-0.0251449924724859,0.520594488817453,1,1,-0.638772220590114,0.826243931609598,1,1,0.601795754791231,0.874812827066405,1,1
"49",-0.186053073186493,0.360909996837674,17,1,1,-0.14037490577226,0.248206366802838,1,1,-0.294907076716402,0.322548138271965,1,1,-0.736330290935764,0.54828565309036,1,1,0.224436699957952,0.579445271402762,1,1
"50",0.658117613724503,0.363051999626705,19,1,1,0.843145265533093,0.401748634199485,0,0,0.833919349348384,0.375816037385074,0,0,0.843293021345942,0.624927321174995,1,1,0.878493364720071,0.572659521586329,1,1
"51",0.971415719090641,0.398437821409704,17,0,0,0.653340657693485,0.250612974814383,0,0,0.640509742651672,0.259495895849455,0,0,0.759720352570527,0.396333494125427,1,1,0.890151569575628,0.438404271874471,1,0
"52",0.31026919389262,0.303235937598086,17,1,1,0.459008873084032,0.269551392377346,1,1,0.448109060134144,0.287698081616219,1,1,0.688940308139902,0.5692934492639,1,1,0.668513553944649,0.50405355813035,1,1
"53",-0.325261475679559,0.424813267480219,5,1,1,0.148965878086055,0.236863675688839,1,1,0.209810269576881,0.28373171645191,1,1,-0.469654812342993,0.366520415911071,1,1,0.545115889875431,0.426927334542822,1,1
"54",-0.269427194757575,0.318205089554334,17,1,1,-0.137290923599059,0.302763099852059,1,1,-0.246691281714698,0.334260771034613,1,1,-0.236195981350971,0.713797569223722,1,1,0.298993020883749,0.702670737386777,1,1
"55",0.0112170162572232,0.399178962718538,5,1,1,0.0656424572797197,0.258182119504129,1,1,0.122505286354321,0.298578248095139,1,1,-0.273412520857078,0.491155167098253,1,1,0.654344499445612,0.478470708880485,1,1
"56",0.440978020361645,0.510362918943734,15,1,1,0.0900341102067614,0.323661707985348,1,1,0.0951576265678475,0.369525073032041,1,1,0.142055245799518,0.640336974694581,1,1,0.559662981655795,0.652215752643985,1,1
"57",-0.262575932219217,0.334821126586025,13,1,1,-0.372199367212454,0.477076593645719,1,1,-0.324168694237256,0.494223351862325,1,1,0.826437986178143,0.723273548463215,1,1,0.550267274421908,0.66066896759718,1,1
"58",0.48220603720159,0.364851711274366,15,1,1,-16.2984678945285,18.9157697029527,1,1,-18.0206691410484,21.1447362428517,1,1,-0.616381800446384,0.791747848997274,1,0,0.761444306647592,0.81585795272343,1,1
"59",-0.0279884880398794,0.309696601813856,19,1,1,-1.12895476331659,2.10614564964122,1,1,-1.04283412321932,1.46416639468366,1,1,-0.879143835392888,0.739660286070013,1,1,0.128834477299574,0.700950324872425,1,1
"60",-0.300934170614701,0.338904107714591,15,1,1,0.0615962751169378,0.489668416413604,1,1,0.0206466252697205,0.451632900051683,1,1,-0.408487477875491,0.650381197363155,1,1,0.477810309208634,0.653619233899259,1,1
"61",0.690472878764326,0.346278238889901,13,0,0,0.387055071164815,0.281125575233582,1,1,0.439118170346115,0.317931736504787,1,1,-0.167299179213753,0.723340420200487,1,1,0.81629696137395,0.705865883436764,1,1
"62",-0.306337043521749,0.383989739839879,19,1,1,1.1688178740313,2.39464412176689,1,1,0.626521663453122,1.80349338823578,1,1,-0.0358950059525675,0.434510159653613,1,1,0.505516243071636,0.44607713742841,1,1
"63",-0.242665012171431,0.486173582435556,9,1,1,-0.553476244540305,0.973903716439843,1,1,-0.634698258845837,0.87238835672984,1,1,-0.123855721586606,0.64027425241135,1,1,0.504547878202219,0.633318560092493,1,1
"64",0.492933611945206,0.52938726549633,3,1,1,0.300071268995817,0.314758442653861,1,1,0.405904177006426,0.314447250194425,1,1,-0.579079810388049,0.695457556201462,1,1,0.62202074228255,0.632230153508562,1,1
"65",0.182156485581276,0.333682588465335,19,1,1,0.333722876952845,0.270605462911251,1,1,0.343897759639629,0.283357509105982,1,1,0.150897752567771,0.542232192067602,1,1,0.570321272823645,0.52950791795317,1,1
"66",0.488730168607725,0.421591421490053,15,1,1,-2.44435263433117,3.09104280779645,1,1,-2.32783314319487,2.68772910517553,1,1,0.0247105848837853,0.490430917423999,1,0,0.986777344683897,0.469064737501222,1,0
"67",0.299247417780092,0.350504310661576,17,1,1,0.71651518966317,0.501211545179085,1,1,0.57476690786838,0.446162924161473,1,1,0.701877668467139,0.665325076443564,1,1,0.714435047525791,0.654960377749252,1,1
"68",-0.267084196039927,0.453730764877774,15,1,1,0.105061033555829,0.262820545326098,1,1,0.12490224678372,0.274574384347784,1,1,-0.227602587069423,0.685737043057264,1,1,0.634564584851434,0.674715837724915,1,1
"69",-0.292008038287506,0.524549280081285,11,1,1,0.0347864636873077,0.382549921695166,1,1,0.225641693279966,0.443249550536705,1,1,-0.28149530396614,0.690514969881914,1,1,0.71087648962053,0.740350515417898,1,1
"70",0.806539862119023,0.442134212132554,9,1,1,0.0050651779782388,0.979920954585135,1,1,-0.0514532683310367,0.994163628108499,1,1,1.93169320112778,0.724750973684645,1,1,0.961104827857173,0.74814819533042,1,1
"71",-0.108714474013408,0.558331824797802,11,1,1,0.250623505412054,0.348974639414867,1,1,0.253446016554612,0.383278237459711,1,1,-0.187844915352594,0.890055846326925,1,1,0.597201004222031,0.912762558661817,1,1
"72",0.193980005517915,0.471864781102383,9,1,1,0.770526536510966,0.430764067212371,0,1,0.803187876235209,0.406236669200219,0,0,0.973939186774768,0.505253585562023,1,1,0.82617079376428,0.520955079700902,1,1
"73",0.128441292789266,0.39185439588676,13,1,1,-0.0292150800233684,0.666624962495014,1,1,-0.0612402445685963,0.728372227153526,1,1,-0.469185361942559,0.645255453871163,1,1,0.60694073006523,0.6735849971869,1,1
"74",0.746909149459844,0.307532010786473,11,0,0,1.24607658947957,0.541020666216076,0,0,1.01545796965917,0.459518215738062,0,0,0.725309465722284,0.32540478938314,0,0,0.415568877177885,0.29401953816979,0,1
"75",-0.0788436459968452,0.402692137112539,19,1,1,0.820291446371751,3.55776852205042,1,1,0.887148753867902,3.29406610143764,1,1,1.27449454298209,0.67598318852889,1,1,0.699945981340208,0.716995429358886,1,1
"76",0.316608326953156,0.318294442357985,13,1,1,0.469187713138238,0.182317172465588,0,0,0.467959839992422,0.289697559541877,1,1,0.596234122169889,0.340240172043103,1,1,0.831037698035569,0.414391242999991,1,0
"77",0.425386003189984,0.349226116784681,15,1,1,0.0423455277889685,0.533413063334895,1,1,0.00838003281626735,0.67876341350561,1,1,0.581590054349824,0.622576276641268,1,1,0.580082664556098,0.554644978390354,1,1
"78",0.620143909067759,0.336098232556514,19,1,1,0.965218413342756,0.728527225226348,0,1,0.986212633794497,0.798804388730519,1,1,0.593678251467629,0.678079971238038,1,1,0.775965133261895,0.63219773719546,1,1
"79",0.491224417452168,0.503050737799604,7,1,1,0.488162223063556,0.547180126356539,1,1,0.390773241126095,0.50188758032615,1,1,-0.0364977323461275,1.00882957317641,1,1,0.348207758659836,0.8783263758708,1,1
"80",0.390041215862302,0.496497375575545,7,1,1,0.481719192439248,0.44142118026186,1,1,0.530321831397959,0.442070374142595,1,1,1.75424596382687,0.99980487054176,1,1,0.614358356048086,0.879974482707037,1,1
"81",-0.0933093693976313,0.502236186258717,7,1,1,-0.219520770066822,1.02798390582107,1,1,-0.197041638290026,1.02726641797492,1,1,-0.95642214127766,1.03738412810854,1,1,0.5657055771272,0.924594722234549,1,1
"82",0.265383855952923,0.427623785687954,9,1,1,0.332805198280201,0.279096755399973,1,1,0.30101856133616,0.301328408945343,1,1,0.927307972310291,0.650189445809638,1,1,0.464113960430073,0.647836951532218,1,1
"83",0.414176594611021,0.364122124770069,5,1,1,0.154664167844425,0.360858626285462,1,1,0.296739595356888,0.377581087182665,1,1,0.199786647592613,0.367601317810776,1,1,0.788974501082589,0.358645481442184,1,0
"84",0.485576788143744,0.386401471101462,17,1,1,0.757199186714749,0.314159422845845,0,0,0.726576699186445,0.334438874440552,0,0,1.09838560154246,0.524273901513888,1,1,0.816020617498152,0.568447890965525,1,1
"85",-0.495328690276456,0.422663285936462,19,1,1,-0.0257369089328914,0.462018457961878,1,1,-0.295326739365478,0.407611226909811,1,1,-0.054056308928934,0.647666090418069,1,1,0.183574294662411,0.635797577449593,1,1
"86",0.155325222015947,0.360893065442329,13,1,1,-0.337042677970998,0.895077355318404,1,1,-0.361810686821295,0.832264910119631,1,1,-0.142231424195505,0.483325766447808,1,1,0.489030008330325,0.526985413334081,1,1
"87",0.252237044486686,0.334065936796774,17,1,1,0.350210617871898,0.260284155477345,1,1,0.413324206926057,0.286963997024185,1,1,-0.48416000048308,0.676532316303678,1,1,0.668672429918907,0.616911396880462,1,1
"88",0.331461419649525,0.427889876786439,15,1,1,0.966433201453683,0.834146409691183,1,1,1.15968673446528,0.929463408722594,1,1,0.79672399977365,0.751874532979188,1,1,0.793185719325238,0.737657275778598,1,1
"89",0.119166381052738,0.332936727862439,19,1,1,0.334352940485209,0.262528122721128,1,1,0.327522938894072,0.298333616766062,1,1,0.433852347330435,0.750214280874361,1,1,0.693207909853966,0.713913770100455,1,1
"90",0.53412011943329,0.332268665636618,9,1,1,0.603459029930396,0.527553400395744,1,1,0.627862989790364,0.617998202246199,1,1,0.490327706489108,0.378805058225506,1,1,0.894782318779575,0.35230379647908,1,0
"91",-0.510707818909368,0.348918484202437,15,1,1,-3.62151859213371,3.59887807572173,1,1,-3.45383840434339,3.29414079699024,1,1,-1.21093744545641,0.468407105690775,0,0,0.126476098314358,0.530973533310994,1,1
"92",-0.00967593048731094,0.372707697531788,17,1,1,0.429925014139178,0.356653711489659,1,1,0.306932767330525,0.347076958179162,1,1,0.925986603424713,0.673473512134753,1,1,0.461200839824426,0.664083864119602,1,1
"93",0.634930297875399,0.479442902899884,9,1,1,2.37831702512613,1.63542871192325,0,1,2.11794772615971,1.39698288800583,0,1,1.82978571815504,0.545438647181499,0,0,1.00916970929303,0.553532740133435,0,1
"94",-0.293671195986319,0.37300087087565,19,1,1,-0.0225417821359018,0.377561211074442,1,1,0.011870069322343,0.370242217270201,1,1,-0.22271069189616,0.550930970585474,1,1,0.165729843943736,0.523546080657734,1,1
"95",-0.0451345121589894,0.309376479213455,19,1,1,0.848930308256105,0.772146114784688,1,1,0.9265115940586,0.894518430851024,1,1,0.101313298815048,0.415606560753059,1,0,0.650698297013584,0.453536510935866,1,1
"96",0.450372108561789,0.425677561023091,19,1,1,0.921455273490825,0.77565755255259,1,1,1.06909343344714,0.655332551426316,1,1,1.338630358208,0.771282787232534,1,1,0.762256156042999,0.708382224156759,1,1
"97",0.301277000921661,0.359094493966781,17,1,1,-0.0991124994764391,0.739720834471787,1,1,-0.08135187211985,0.703839000902726,1,1,1.11947715299338,0.691777619890495,1,1,0.442555601347914,0.69878540749156,1,1
"98",0.844410575106065,0.388856234248319,13,0,0,0.0247737212747021,0.395915714545365,1,1,0.254651254144271,0.349565259393776,1,1,-0.48472558671173,0.681182796636744,1,1,0.79651593877651,0.660428440654172,1,1
"99",-0.221525484536934,0.46656875216926,9,1,1,-1.78760275218861,2.48149461054099,1,1,-1.94304086618921,2.46662511769342,1,1,-0.749113753241112,0.81026148742856,1,0,0.568682180139782,0.793636831178948,1,1
"100",0.195674153342841,0.377526722746448,13,1,1,-0.0230082669770876,0.395592604737422,1,1,-0.00395585607525087,0.368410254234028,1,1,-0.143640116037936,0.506942403415135,1,1,0.566771549832179,0.52531472228541,1,1
