"","V1","V2","V3","V4","V5","V6","V7","V8","V9","V10","V11","V12","V13","V14","V15","V16","V17","V18","V19","V20","V21"
"1",-0.0665082309503034,0.376401227488954,17,1,1,-0.528355851826902,0.748626030480226,1,1,-0.468156976342433,0.823933536729384,1,1,-0.56837444101286,0.552955423770057,1,1,0.10890536365356,0.613343061809774,1,1
"2",-0.623314305850215,0.398712023305902,11,1,1,-0.0867033844815818,0.267338538028958,1,1,-0.626254746698712,0.288437967946122,0,0,-0.574725763667611,0.656350146700164,1,1,-0.577152864759475,0.636861487246967,1,1
"3",-0.118999597929913,0.379955157968282,17,1,1,0.143518408988524,0.292359626144906,1,1,-0.135426752458118,0.36583740183812,1,1,-0.0741056204195007,0.674230057668711,1,1,-0.156082579052532,0.766905202480589,1,1
"4",0.199122048827016,0.494003901451833,13,1,1,-0.0603938318493169,0.426295462128166,1,1,0.012036129698016,0.378157259462519,1,1,1.17194613272266,1.04900725634252,1,1,0.189800047862196,0.968343194829368,1,1
"5",0.401330794426556,0.389898589940737,19,1,1,0.525569844499072,0.273103760493784,0,1,0.271986813754171,0.345009921721211,1,1,0.434322790697348,0.419428567417536,1,1,0.18068673279701,0.475172912409904,1,1
"6",-0.0228900408389894,0.315748509362462,19,1,1,0.31571391431969,0.33955067912194,1,1,0.528795618774842,0.574648469435867,1,1,1.01421076440849,0.781892640294306,1,1,-0.137808093628271,0.793716362331447,1,1
"7",-0.149674890100225,0.502592494403721,17,1,1,-1.62509590908772,1.07477685306595,1,1,-1.71909129122251,0.87391182169394,1,0,-1.17265981314474,0.605175295094615,1,0,-0.350842318912409,0.602611971886749,0,1
"8",0.120743800351228,0.519946170222837,13,1,1,0.949010608748261,0.547984425042649,1,1,0.757074889118779,0.530502925887845,1,1,0.790744448223407,0.480696148660281,1,1,-0.112104706248289,0.545062106108528,1,1
"9",0.166348135902972,0.557753084080901,9,1,1,0.331841598449521,0.379596114205399,1,1,0.10695162348304,0.406543491000022,1,1,0.585241530243257,0.698255716678015,1,1,0.231939340765896,0.703300609661428,1,1
"10",0.152811776950917,0.410002940857202,15,1,1,0.231151020109988,0.42654495160894,1,1,0.117075646737961,0.403779894571561,1,1,0.597697065646708,0.479540131546494,1,1,0.290330709553773,0.562811219173067,1,1
"11",-0.0297575328023373,0.375123255926753,19,1,1,0.673891638916043,0.690301322996079,1,1,0.518902555351864,0.710247235894952,1,1,0.910824985815021,0.726750783949059,1,1,0.0505396658705113,0.71358393110528,1,1
"12",0.446696062556887,0.361686304906833,15,1,1,0.883191267086389,0.397695434776235,0,0,0.688834322207884,0.363062458587628,1,1,1.15463386253354,0.568466100212947,1,1,0.393547011252568,0.458093914228571,1,1
"13",0.722121526271224,0.388605720806403,19,0,1,0.542505794483098,0.210081862303611,0,0,0.61126898142538,0.308077979428199,0,0,1.55622866499943,1.22735674939021,1,1,0.731976482304839,1.17021428084198,1,1
"14",0.854978633553019,0.476020610273956,3,0,1,0.896947337639718,0.653484020531574,1,1,0.94037640215344,0.826351002455762,1,1,1.13815185565137,0.473473635556647,0,0,0.518220934218791,0.497275578936002,0,1
"15",-0.240599006556589,0.358513136991828,15,1,1,-0.054814191967073,0.383887579948999,1,1,-0.253018513041225,0.341337800893296,1,1,-0.0836118076512293,0.461044091142388,1,1,-0.252040466352175,0.488501853740544,1,1
"16",0.0206992197228153,0.342271674718747,11,1,1,-0.414912537897567,0.923829083648425,1,1,-0.598962892196142,0.813023177157208,1,1,-0.55663957234175,0.566791150345254,1,1,0.124839879233035,0.624428612152331,1,1
"17",0.922891593421793,0.367553519728283,19,0,0,0.445853175138921,0.391494618171557,1,1,0.851539211865405,0.512063826373183,0,1,0.618583765223072,0.498346720080752,1,1,0.594256012829666,0.458566085555076,1,1
"18",0.0923294985831578,0.362182985184614,19,1,1,0.267064161369751,0.286051554453425,1,1,0.0351982240204804,0.288323865981631,1,1,-0.627054578208589,0.612117078210519,1,1,0.0222245209716057,0.571513737716362,1,1
"19",-0.047206284739931,0.409103414796752,19,1,1,0.00589537410986314,0.697543444748546,1,1,-0.131590600144407,0.617383442368162,1,1,-0.341612489017596,0.775569391159783,1,1,-0.067804534455196,0.993063776036768,1,1
"20",-0.29230193357334,0.339939939451824,17,1,1,0.0713076680034993,0.250982776174638,1,1,-0.271054281525106,0.271129832433122,1,1,-0.861532022655978,0.48347915546817,1,1,-0.304916023062421,0.556570600320377,1,1
"21",0.212201901600541,0.409437706837964,15,1,1,-0.0337676122080749,0.363173893094396,1,1,-0.130390882358055,0.361640824709756,1,1,-0.195959891970693,0.534478302745529,1,1,0.125785171906726,0.580382685430369,1,1
"22",0.500947720985196,0.583252947314298,5,1,1,0.407948611138063,0.649113579618274,1,1,0.188957475639494,0.568056412891419,1,1,1.01485473125374,0.661284574900742,1,1,-0.0492772634113842,0.62773321015945,1,1
"23",0.486870445562312,0.386014528112941,13,1,1,0.316902869061605,0.321810217268731,1,1,0.160069595742127,0.237452614388694,1,1,0.092323178450698,0.289962776671082,1,1,-0.0852985049044652,0.309063675726089,1,1
"24",-0.213872127046224,0.439059334944472,15,1,1,-0.603633186509578,0.560098266413996,1,1,-0.683713587534962,0.34589186917714,1,0,-0.449216283380411,0.398321265701044,1,1,-0.550570365524295,0.503126272813717,1,1
"25",0.347212730936812,0.282839641011158,19,1,1,-0.299216283540312,0.842184717903481,1,1,-0.375439189791572,0.770346303356908,1,1,-0.227673096493354,0.454241764998982,1,1,0.17643783663926,0.390874408005334,1,1
"26",-0.138474999435317,0.473573528824319,7,1,1,0.117177179343661,0.19647253117239,1,1,-0.131200868813892,0.249013318624756,1,1,-0.33394837283187,0.63365478997305,1,1,0.0347706672576926,0.790177052911296,1,1
"27",-0.443949165183091,0.32284055884751,17,1,1,-0.319776849656467,0.325270585885614,1,1,-0.464107948850407,0.427345848356415,1,1,-0.654745080694989,0.442388617367986,1,1,-0.56885352903308,0.473029005100645,1,1
"28",0.222173715156354,0.431649238926951,13,1,1,0.24330496585063,0.285051641427244,1,1,-0.0578499156234288,0.280131006476585,1,1,-0.34364851005957,0.925434036234593,1,1,0.00946744178422678,0.864637640277856,1,1
"29",-0.32419799504415,0.39918528794692,5,1,1,-0.331969098973883,0.565738275158043,1,1,-0.463970307744575,0.380717595131097,1,1,0.089406441609881,0.336843533932213,1,1,-0.00693320184757257,0.525607102769646,1,1
"30",0.176709232545149,0.387796989297347,17,1,1,-0.480260696784045,0.968887441504245,1,1,-0.275907758961634,0.465029610632234,1,1,-0.119352491148713,0.435775535165427,1,1,0.0752271970411761,0.483567436519229,1,1
"31",0.666105244805056,0.410293977712908,15,1,1,1.29912516995769,1.97943745027505,1,1,1.48627665706911,2.02314882411935,1,1,0.185393271986348,0.788860066427263,1,1,0.444907105940629,0.727337011168325,1,1
"32",-0.315270206695106,0.416481392009061,19,1,1,-0.386619480057274,0.4830698941344,1,1,-0.62028262479715,0.431374053078732,1,1,-0.335619832714079,0.333652695928234,1,1,-0.332428883992851,0.361975623231911,1,1
"33",0.255026326165382,0.411580487689517,15,1,1,0.317292937040284,0.23713035028789,1,1,0.000116445192435422,0.32968078753259,1,1,0.0103786210832517,0.522903738390236,1,1,0.111762519123241,0.495867956695897,1,1
"34",0.371535795739043,0.403573243036346,17,1,1,-2.97323172538143,4.20955128477385,1,1,-1.80753745334242,1.82279219688329,1,1,-0.425583185132458,0.661934052778886,1,0,-0.17611696623261,0.616032317292033,1,1
"35",0.62937536806356,0.409177827195307,17,1,1,0.588175296519263,0.316820867887917,0,1,0.566143708474543,0.307536885449235,0,1,0.769366942379043,0.661505466963589,1,1,0.564656838143599,0.625836420419563,1,1
"36",-0.0515180001887922,0.314596843242596,19,1,1,0.136038414544802,0.539351944515356,1,1,0.354181735213813,0.848535503907366,1,1,0.100882304949749,0.642578405291556,1,1,0.118074619036095,0.611916730489225,1,1
"37",0.353350238626029,0.44730154394377,7,1,1,0.60044190240087,0.261917940328723,0,0,0.236900438383876,0.375584305628468,1,1,0.155053157955936,0.550619406086488,1,1,0.00319097616784063,0.639640286588519,1,1
"38",0.577258750632681,0.413105465250179,19,1,1,0.577018928986154,0.203956951900488,0,0,0.580701865968692,0.324035700286961,1,1,0.998723373937369,0.462463910130957,0,1,0.488768404678197,0.397628971383303,1,1
"39",-0.123689067452366,0.399979005570345,15,1,1,0.0826965659316557,0.217659370744991,1,1,-0.231366039311581,0.273312379148631,1,1,0.233693020101774,0.505726356630868,1,1,-0.243530767256091,0.52129958222712,1,1
"40",-0.257059971397045,0.434012649071039,11,1,1,0.31724727884695,0.327490415585896,1,1,0.0199050926651053,0.326625521174916,1,1,0.699041413428292,0.66168357962675,1,1,0.0974218757575574,0.824523046360049,1,1
"41",0.106992187415616,0.427825154192449,17,1,1,0.123045826103614,0.570835192200457,1,1,-0.129315195090181,0.524539084490985,1,1,-0.710624979425477,1.06937074611467,1,1,-0.167503776961877,0.923925684810528,1,1
"42",-0.776040944674711,0.307959977094393,7,0,0,-1.98885145452191,1.33482147263342,0,1,-1.53476187241998,0.799144294298731,0,1,-0.747195421761606,0.384906629257165,0,0,-0.506490109141091,0.33995186937066,0,1
"43",-0.234063379774526,0.447182509485013,19,1,1,0.10340767100459,0.275436449455042,1,1,-0.169149130342769,0.340415702439104,1,1,-0.081973514792093,0.835474250867446,1,1,0.0127042646849696,0.600457520835965,1,1
"44",-0.442736604345002,0.425919462345596,13,1,1,0.555290709994581,0.692737336254539,1,1,0.30326176994531,0.578181439019791,1,1,0.687316027929608,0.523653668685321,1,1,-0.334886263534379,0.479806315884159,1,1
"45",-0.0414116508375269,0.410832043156538,19,1,1,0.519995036918095,0.365988486382275,1,1,0.379856862567129,0.406569354518219,1,1,0.988082100192023,0.609746382820038,1,1,0.264408107811803,0.71082237449774,1,1
"46",0.673515171450657,0.409884202081519,17,1,1,-0.137874189343792,0.78809004284046,1,1,-0.198638386365021,0.877162306989213,1,1,0.160342839562622,0.397740217844577,1,1,0.529895607780726,0.460650452946644,1,1
"47",-0.0395671845463403,0.403592561838836,15,1,1,0.250728978164091,0.246635145704002,1,1,0.0210244942614562,0.274344699752692,1,1,0.176657428821493,0.61780638742027,1,1,0.0836312860627087,0.512828491446482,1,1
"48",-0.398808448852807,0.345453991355275,19,1,1,-5.30390030982759,5.9663289048069,1,1,-0.758585120455438,1.46613412106998,1,1,-0.816281572943708,0.664239895421363,1,1,-0.383826570480937,0.651836801082808,1,1
"49",-0.268011617308181,0.416963964595424,19,1,1,0.375644467415333,0.401955175634064,1,1,0.17018574006413,0.546450632872071,1,1,0.408812404948026,0.686800650005458,1,1,-0.133267431575618,0.806991354487679,1,1
"50",-0.40223732342883,0.432163512007101,9,1,1,-0.577483889428146,0.522600710874806,1,1,-0.840661091955677,0.556250725350959,1,1,-0.519296580736625,0.54400162761388,1,1,-0.291124509149408,0.561188148917926,1,1
"51",-0.11131303014523,0.363950809400922,11,1,1,-0.166174160423183,0.513834260244648,1,1,-0.308484245233387,0.400175734129259,1,1,-0.575401634531435,0.504715469665393,1,1,-0.0639305286593554,0.469661031828794,1,1
"52",0.223484697965782,0.370769730709085,17,1,1,0.214021327648837,0.26037592307308,1,1,0.156629664015887,0.317724707835289,1,1,0.122562830836881,0.462578209772216,1,1,0.252775245892267,0.526701781289012,1,1
"53",-0.571862974972159,0.412986088525111,17,1,1,-1.76102773039369,1.85296873632087,1,1,-0.943307746998945,1.02547392083915,1,1,-0.0913261349860854,0.62840437029633,1,1,-0.357395716819023,0.670340118284621,1,1
"54",-0.413746651777744,0.369525563150038,3,1,1,-2.05474889553754,2.07254706020298,1,1,-0.988647251763806,1.14342793538549,1,1,-0.467810021061686,0.468195552366119,1,0,0.0263433062060741,0.407906234513037,1,1
"55",-0.106894928911922,0.359544352085199,17,1,1,-0.808263714384557,0.742080468391852,1,1,-0.627436690898793,0.528937548518748,1,1,-0.187899178765059,0.422374652603366,1,1,-0.208070736292706,0.400475124365956,1,1
"56",0.58832574087896,0.485969340671598,13,1,1,0.53060136957598,0.364334937623874,1,1,0.480522325231998,0.426683792269498,1,1,-0.780598261946693,1.02196468580014,1,1,0.428236162323974,0.996313363201667,1,1
"57",0.391925510427159,0.289626952469236,11,1,1,0.947422683951033,0.573993722535308,0,1,0.699664232431514,0.601350907593678,0,1,0.655115788601882,0.269795993243399,0,0,0.148644338284929,0.29522718876511,1,1
"58",-0.615048887725785,0.37336241202541,19,1,1,-3.12726322001307,3.11671010333873,1,1,-0.852390237316101,1.70036367650108,1,1,0.893345666286309,1.09948885568016,1,1,-0.241181980603202,1.10284299736247,1,1
"59",-0.476578172692629,0.355689178246345,19,1,1,-1.64419691220894,2.08731743621908,1,1,-0.999812194003159,1.61976571516945,1,1,-0.103498419170289,0.494143500664732,1,0,-0.275205791406488,0.563910415064719,1,1
"60",-0.456746502369637,0.377290778084686,19,1,1,0.00930695498361513,0.300153430720384,1,1,-0.2100201625742,0.321176889162399,1,1,-0.45057079174588,0.535672537318266,1,1,-0.0707302524607101,0.595374316867699,1,1
"61",0.191317700974572,0.318044820118657,17,1,1,-6.35400991904793,8.72700496691159,1,1,-5.27427170970386,4.93698083218438,1,1,-0.394560147398774,0.512865657362842,1,0,0.23583565458975,0.524734441613547,1,1
"62",0.324941836772699,0.311514539926014,15,1,1,0.403033348665911,0.339976015656696,1,1,0.455780848571444,0.409838403929387,1,1,0.508152959643114,0.364133277976063,1,1,0.308473756531127,0.450110011143893,1,1
"63",0.695466732476835,0.341801970471917,19,1,0,1.27410679387717,0.929616811505335,0,1,0.971864447823664,0.76354458029543,1,1,0.641835088682907,0.686390050563318,1,1,0.422586465064987,0.644568429301802,1,1
"64",0.120292310559072,0.371534684942203,17,1,1,0.321598297187057,0.225223312574028,1,1,0.107816344580364,0.268774688677723,1,1,0.281185804133664,0.667951035228574,1,1,-0.00564463728720615,0.494024271813715,1,1
"65",0.0972052041770165,0.350063813708754,15,1,1,0.15226072002019,0.288865098406604,1,1,-0.0393341128179895,0.320279453412021,1,1,-0.36576687404216,0.559962891769987,1,1,0.0452108417488527,0.549748780749004,1,1
"66",0.964608715408477,0.457872335698829,7,1,0,3.24654913875765,2.97640792838472,0,1,2.82122127126254,2.81526863927535,0,1,1.3345108853476,0.377511187199447,0,0,0.399215933773497,0.453329783679844,0,1
"67",0.370875633742588,0.391070454288241,15,1,1,-2.92617835869034,2.96871750780211,1,1,-2.32815898484851,3.18176970505566,1,1,-0.23734895925586,0.566066923184611,1,0,0.338839629899355,0.539010135533467,1,1
"68",0.593728801499513,0.384403134904652,15,1,1,0.303319296878051,0.29298487027528,1,1,0.125352956334113,0.339726253890714,1,1,-0.0377717656036338,1.01419407763608,1,1,0.0299624848801902,1.00764525198486,1,1
"69",0.318676104426722,0.331612088914742,19,1,1,0.409098519179911,0.465221147045653,1,1,0.190711740382483,0.471555102940952,1,1,0.945303524059518,0.675023682666684,1,1,0.289831254243188,0.707947958054756,1,1
"70",-0.0622132761078105,0.360011474086712,9,1,1,0.365709344592745,0.204423646525492,0,1,0.0374926659315395,0.273520703252632,1,1,0.295332577527618,0.441303291125901,1,1,0.0390822449071303,0.354174896340241,1,1
"71",-0.167312287700674,0.526023374155728,7,1,1,0.627893831451832,0.657023623262913,1,1,0.608977392490402,0.915169560279946,1,1,0.622512941871535,0.834141384406023,1,1,0.182204841906824,0.754478720399618,1,1
"72",-0.151913810737655,0.367680547089561,17,1,1,-0.722598316765948,0.835114721840188,1,1,-0.974243794123535,0.722034349734631,1,1,-1.4140115943097,0.738534683023353,1,1,0.0518603912854532,0.617991297312283,1,1
"73",0.42150060198912,0.44855399060573,11,1,1,0.60369157962924,0.314768258549146,0,1,0.451806743789552,0.34541915557497,1,1,0.875111646758993,0.551468309842873,1,1,0.591556648724902,0.696230305902087,1,1
"74",-0.546435683499689,0.498774832409841,7,1,1,-0.18535938470785,0.341375110057675,1,1,-0.542941006683822,0.358531130460796,1,1,-1.70220180518412,0.778722702572166,1,1,-0.470224233823679,0.794342687543283,1,1
"75",-0.331255680042256,0.344556920651792,11,1,1,0.016744785779775,0.427333014472612,1,1,-0.207699666961507,0.50596009859656,1,1,-0.785790195142691,0.611115190008945,1,1,-0.118156556892009,0.68394835390374,1,1
"76",0.234859291766529,0.419344198566478,17,1,1,0.195939782724409,0.411105622112076,1,1,0.307611904245193,0.430299583122943,1,1,0.110141732817969,0.678977643152433,1,1,0.0588774199159252,0.696385141672264,1,1
"77",0.645461573245932,0.32771472055328,15,1,0,0.601851859990115,0.22475241288876,0,0,0.436088291799738,0.3579174631127,1,1,0.554786927512121,0.619405270379411,1,1,-0.0653158133236527,0.571143203745795,1,1
"78",0.0624021862366434,0.320852379779224,17,1,1,-0.0973061100077249,0.38201205401024,1,1,-0.261695760932847,0.406094216062812,1,1,-0.0860844492419086,0.414119793800108,1,1,0.0556161183604493,0.387999000178492,1,1
"79",0.543044672353451,0.292624072573648,9,0,1,0.0281249069808405,0.598871174440364,1,1,0.182583244594329,0.380965205092937,1,1,0.451153059694956,0.342352306705497,1,1,0.174394437344446,0.354096528832453,1,1
"80",0.393110183923738,0.334709976568486,11,1,1,0.16410174782987,0.464241586393495,1,1,0.669212032670992,0.490408815481745,1,1,1.16721856678265,0.611836847236243,1,1,0.528935737269357,0.563642081653405,1,1
"81",-0.147620725030763,0.382261061002275,11,1,1,0.42474867386904,0.562789690758069,1,1,0.379284649712377,0.584583299754086,1,1,-0.0479292100855162,0.527362897903118,1,1,0.00429028043472184,0.484784589179787,1,1
"82",-0.187069732070875,0.463574671521985,19,1,1,1.06441961487105,0.857777349254555,1,1,1.22123076794293,1.0908341460703,1,1,0.6006249127682,0.870705857522356,1,1,0.33320097089245,0.892094342966053,1,1
"83",0.496098154684808,0.390387823820289,19,1,1,-0.144895274780225,0.634292275651158,1,1,0.321987429826297,0.375960235570858,1,1,-0.190139758760154,0.959176078573352,1,1,0.329372304787436,1.02879448798454,1,1
"84",0.396607523913045,0.389335070440992,15,1,1,0.149917612475801,0.372091615990791,1,1,-0.0012887416627804,0.476148349157049,1,1,-0.0322372688329337,0.419193331280632,1,1,0.280638867341433,0.51312916171766,1,1
"85",-0.640294262116962,0.435622568327088,11,1,1,-0.768176332167473,0.467489837115172,1,1,-0.716155208798942,0.413731885223206,1,1,-0.430928564721082,0.538357810076843,1,1,-0.47586845892328,0.573244838004691,1,1
"86",-0.42517407253362,0.314973403329433,17,1,1,-0.0351152473692496,0.245006862622899,1,1,-0.406140194127166,0.266559979321089,1,1,-0.0521907973988355,0.60936619777939,1,1,-0.552149583598506,0.586078576688121,1,1
"87",0.817090489317321,0.408323361728762,17,1,0,0.51013116095639,0.421872315010725,1,1,0.37405128782904,0.449714040005017,1,1,0.76817136100917,0.762671168409396,1,1,0.442563762333906,0.763118623687636,1,1
"88",-0.259945122518742,0.337916174681865,19,1,1,-0.559913247329574,0.960679555167589,1,1,-0.932879441223835,1.02870278194972,1,1,-0.506479588189597,0.679415656146642,1,1,0.133108380059868,0.717531143862681,1,1
"89",-0.156518098396192,0.351204674336272,13,1,1,-2.28631667269758,2.08708488949606,1,1,-0.791303238934328,0.748689396002842,1,1,0.365928765569065,0.648077031455596,1,1,0.143704440171188,0.656909918083349,1,1
"90",0.515772648751377,0.488376511673549,13,1,1,0.393845482781887,0.360148663272685,1,1,0.230268327385493,0.366330854183771,1,1,0.165756596054654,0.732528087686494,1,1,-0.0192694605490883,0.812854994415829,1,1
"91",0.255375192520482,0.484037138673375,11,1,1,0.33569193871175,0.245477878499605,1,1,0.148369505860484,0.300454309477723,1,1,0.710801985147172,0.985362681223583,1,1,-0.00406643539197154,1.05123229615154,1,1
"92",-0.122841924641124,0.465381781305306,13,1,1,0.692407974546422,1.26034188407884,1,1,0.671434324510218,1.35793062812138,1,1,-0.251288513894986,0.896917633853141,1,1,-0.109526665083316,0.849265276545158,1,1
"93",0.12442187666678,0.321420751120209,3,1,1,-0.828081371713998,1.67237526070319,1,1,-0.500892518373879,0.8318337318442,1,1,-0.175209132336241,0.338679005039968,1,1,0.0206327860499272,0.291422285808585,1,1
"94",-0.199419695697821,0.433827538868015,13,1,1,-0.666818702208297,0.995474810340497,1,1,-0.708533796365416,0.943657452449928,1,1,0.120065839331605,0.53057304572836,1,1,0.00892557447084754,0.457963276294818,1,1
"95",-0.317305910386101,0.356655528268798,11,1,1,0.62443236266075,0.528605731375439,1,1,0.50295903345977,0.587139484688002,1,1,0.397544721891882,0.634620922014024,1,1,0.0960626355505535,0.697978723471612,1,1
"96",0.551505507751955,0.34495723309418,3,1,1,1.86514251844134,1.17153000445993,0,1,2.00368709193071,2.00017967126477,0,1,0.868266395874518,0.373306447656974,0,0,0.0679338080174982,0.398882215751421,1,1
"97",0.255901658675698,0.318495511286546,9,1,1,0.289556673141477,0.459642164796652,1,1,0.0877175774446373,0.380266386798268,1,1,-0.758151731079354,0.68427551098213,1,1,0.0846188233007759,0.63616431141114,1,1
"98",-0.385535692882703,0.397421768559951,13,1,1,-0.0668078174065392,0.379578476641847,1,1,-0.138761705294421,0.384250098209793,1,1,-0.237736350144119,0.396512121458743,1,1,-0.342040530274024,0.392054528128521,1,1
"99",-0.315480041387164,0.412089413638668,17,1,1,2.93161474825156,3.4301211155549,1,1,4.16450457510035,5.31157009295915,1,1,-0.111968893126115,0.55574034645245,1,0,-0.207150539803951,0.623344822738944,1,1
"100",0.0164409773156459,0.437649830397484,15,1,1,-0.0481574670033056,0.386154082163315,1,1,-0.244182384231327,0.352243889191669,1,1,-0.139721276240632,0.460946107198116,1,1,0.0607934992658506,0.531245538635501,1,1
