"","V1","V2","V3","V4","V5","V6","V7","V8","V9","V10","V11","V12","V13","V14","V15","V16","V17","V18","V19","V20","V21"
"1",-0.175360798636775,0.320022715881933,9,1,1,0.50069945991677,0.226814290778697,0,0,-0.153226020337553,0.309195318521157,1,1,0.472197006938576,0.320662285949764,1,1,-0.191196606757631,0.368695422691779,1,1
"2",-0.0127528653162174,0.263208735216621,7,1,1,0.716672300878776,0.25174074570571,0,0,0.0343742587886094,0.311418108706946,1,1,0.720203377265335,0.270498866381714,0,1,-0.115295450126236,0.321592226830951,1,1
"3",0.0601279907703536,0.342414574610537,1,1,1,0.472880816576627,0.251386140884714,1,1,-0.237009582926789,0.311129381192559,1,1,0.795102194792286,0.335995949474295,1,1,0.0601279907703536,0.314129703030737,1,1
"4",0.5010521270545,0.323713350746729,7,1,1,1.21491599338593,0.230193607972037,0,0,0.598106232473619,0.308483047619478,0,1,1.21078148786777,0.253658698270251,0,0,0.305964153149315,0.320293946717659,0,1
"5",0.0172111684786431,0.280817624286351,5,1,1,0.708626752402077,0.23698657938002,0,0,-0.0137692623525933,0.297239123009829,1,1,0.751145458746197,0.262282534850835,0,1,0.00279904650437669,0.319325050155891,1,1
"6",-0.201726683714897,0.287011426097878,19,1,1,0.74817846645332,0.230623261307228,0,0,-0.235424338265984,0.305158651560964,1,1,0.734628802826061,0.320519544363492,0,1,-0.22836749638172,0.327062894421956,1,1
"7",0.568711821853313,0.29052833676131,1,1,1,0.817348274075442,0.246626790606178,0,0,0.47596079675106,0.265194939478532,0,1,0.877757871979175,0.259233579073259,0,1,0.568711821853313,0.309714512214918,1,1
"8",0.157354581222238,0.312697635170941,15,1,1,0.725349392458246,0.231316130754944,0,0,0.0404686304227451,0.30279392225312,1,1,0.483454625240685,0.286558883298956,0,1,-0.0618229612967365,0.34920155878126,1,1
"9",0.0756557017617882,0.323566181099447,3,1,1,0.621293917927231,0.225236727986659,0,0,-0.00410303849183555,0.27151009299395,1,1,0.684032859205893,0.282436967798536,0,1,0.0265092988713599,0.29288980099773,1,1
"10",0.371055347831935,0.312594967551504,11,1,1,0.894101656895732,0.237706168029758,0,0,0.361041658082775,0.265187712344907,1,1,0.866737959019995,0.295153359654171,0,1,0.307686245109257,0.368392696820775,1,1
"11",-0.014188467852782,0.297621887770131,11,1,1,0.918001116426397,0.216811465316988,0,0,0.11104706325742,0.309835403996531,1,1,1.03272357709439,0.240075174628375,0,1,-0.0142913416652845,0.348326302032706,1,1
"12",0.177199699148549,0.341560170253815,7,1,1,0.762906060003617,0.214937462157924,0,0,0.0878848653149584,0.301410332853384,1,1,0.813565750165031,0.320273415004838,0,1,0.00674115746957256,0.333968441970944,1,1
"13",-0.212891011700896,0.31422977338204,11,1,1,0.49584892596755,0.228229648837687,0,0,-0.281650987910715,0.290465066384431,1,1,0.704451110159259,0.275518555630829,1,1,-0.493647598867012,0.311976283237036,1,1
"14",-0.431524065246873,0.282602495254448,5,1,1,0.440664479341519,0.23505268977127,0,1,-0.38934222999494,0.252134973871913,1,1,0.452342772724632,0.263443261674465,1,1,-0.430330632855108,0.286943177257433,1,1
"15",0.344534750724832,0.321442353790835,15,1,1,0.999564947328912,0.30609992313628,0,0,0.30196669040789,0.326543617079332,1,1,0.78456313556624,0.254932992717478,0,1,0.124512336149688,0.320373810801142,1,1
"16",0.0160576947197022,0.327950317751242,19,1,1,0.953406982511593,0.251028468354944,0,0,0.217068398612137,0.332433525351789,1,1,0.854930875652999,0.377718748837449,0,1,0.0137989968217927,0.318506984833131,1,1
"17",0.120047139545867,0.27070944730362,15,1,1,1.09125624126211,0.257477688375837,0,0,0.157940734070684,0.305239940093477,1,1,0.837555818926676,0.325876597930087,0,1,0.132246254498753,0.404818915820145,1,1
"18",0.204458983091354,0.304758865964162,11,1,1,0.835273234364516,0.210902789871034,0,0,0.217194455535625,0.314635909826467,1,1,1.03612875709111,0.273190883356325,0,1,0.132356880720477,0.292837874839253,1,1
"19",-0.290394996634631,0.304138024732124,11,1,1,0.617410130939737,0.252021834757018,0,0,-0.230393515839609,0.296201589533923,1,1,0.395055067405479,0.270776152981275,0,1,-0.216317692223735,0.323800908703462,1,1
"20",-0.311014553632001,0.297413852292802,3,1,1,0.463807021895501,0.214760632089862,0,0,-0.226066281126722,0.285334143031009,1,1,0.305373368497057,0.197254211044966,0,1,-0.210560285044159,0.300844794587388,1,1
"21",0.365449454009346,0.307696391963641,7,1,1,0.435153986988157,0.306768435007267,1,1,-0.0447130060732986,0.310054208073633,1,1,0.729830988939861,0.293619795201943,0,1,-0.0120408071469504,0.384621517106545,1,1
"22",0.401969087933822,0.291678073812618,3,1,1,0.797692466385658,0.204942714455213,0,0,0.315808982738034,0.284905642277999,1,1,1.00109439824548,0.281382836883296,0,1,0.209423391084105,0.285600989241137,1,1
"23",0.374916480080622,0.335652427833432,1,1,1,0.851435011302635,0.241693226238254,0,0,0.244750880184492,0.293310942653117,1,1,0.967030553822552,0.284632335975085,0,1,0.374916480080622,0.295443536596516,1,1
"24",0.267838921095739,0.300941360336637,17,1,1,0.597481393060894,0.208968140848859,0,0,0.133847454627495,0.275621192913365,1,1,0.581428402323673,0.219836034588137,0,1,0.0730319076698636,0.303673082723171,1,1
"25",0.203209499735433,0.32648172092473,7,1,1,1.07836530039726,0.19890528065664,0,0,0.207261209935708,0.303226325493291,1,1,1.05309546165632,0.290376925858462,0,1,0.174205617752052,0.38131009958128,1,1
"26",-0.179658215217049,0.375255899571658,9,1,1,0.659755128711775,0.236085421065593,0,0,-0.155858802773583,0.31699146586469,1,1,0.658100780766457,0.383208950827446,1,1,-0.0624169701176654,0.3521660786653,1,1
"27",0.12580485908644,0.343207489458653,17,1,1,0.574477834025386,0.223157241442709,0,0,0.018364093029511,0.312136425203925,1,1,0.733133008631208,0.343049863513389,1,1,-0.0322313442247711,0.421471591605861,1,1
"28",0.0970452536126777,0.361702478559391,3,1,1,0.672867822226843,0.360920155386585,1,1,-0.0943126157499419,0.389073488720786,1,1,0.557923694672691,0.279198433746771,0,1,0.0433868369082316,0.341515810597371,1,1
"29",-0.276595708559313,0.323516005185761,17,1,1,0.431242038970233,0.223830820767412,0,1,-0.293217680551988,0.307721900814919,1,1,0.419148217363639,0.287314306747972,1,1,-0.277931802786419,0.359588307272866,1,1
"30",0.612708993145845,0.319794478168553,11,1,1,0.94263305424535,0.334511955023622,0,0,0.373632398290605,0.364848153484857,1,1,0.8624609590655,0.349938225193951,0,1,0.204874693367936,0.434947636093812,1,1
"31",-0.288086215645066,0.27130615702328,7,1,1,0.0846960431937315,0.66870139092348,1,1,-0.614195851166533,0.526991055789307,1,1,0.743906173417562,0.248442953956691,0,0,-0.13686620273053,0.320778805595713,1,1
"32",0.241698699099987,0.316497007945795,15,1,1,0.703874038394141,0.238674885962356,0,0,0.0992384732971476,0.27419734840309,1,1,0.667121482089168,0.251174184080011,0,1,0.119589678726437,0.332922359646837,1,1
"33",0.403041120582434,0.377287720418475,11,1,1,1.06109598255031,0.284924302164295,0,0,0.413043693925815,0.340292717276927,1,1,1.08379274865198,0.340766196404144,0,1,0.261727154638704,0.423480682653283,1,1
"34",-0.385962611455932,0.317899624675736,11,1,1,0.464903203937016,0.264035437885369,1,1,-0.370692146017103,0.288670548391843,1,1,0.377092791311143,0.291925802189797,1,1,-0.50738396063414,0.297952256489954,1,1
"35",-0.290797769048056,0.276142800703546,19,1,1,0.561438415700264,0.169706404320947,0,0,-0.231675185501087,0.23476201765452,1,1,0.513469736549521,0.258218417083736,0,1,-0.116258475342673,0.316558032239646,1,1
"36",0.147392192601722,0.310298736234554,5,1,1,0.90165447418653,0.20687465522702,0,0,0.206921543923259,0.265446609395434,1,1,0.808149029995838,0.260991583853834,0,1,0.165954775185491,0.302098117937318,1,1
"37",0.11448556737071,0.318815548271691,11,1,1,0.687932233342195,0.298301265029316,0,0,-0.0895604723332229,0.333782669772601,1,1,0.828104037793393,0.297632696120289,0,1,0.0315176137874714,0.298774078881708,1,1
"38",0.13494691226065,0.294275767130763,7,1,1,0.963650003234559,0.221506780326096,0,0,0.126560274167954,0.298223109282774,1,1,0.828684800995197,0.236469898079632,0,1,0.0164091254053296,0.312072556567098,1,1
"39",0.0924394339109206,0.340808601598838,15,1,1,0.787859216589352,0.309963258042025,0,0,0.0877258505224087,0.360498429182128,1,1,0.894946811203187,0.383804558540961,0,1,0.0623509641952854,0.38159833756366,1,1
"40",-0.125579234113686,0.29109481282041,9,1,1,0.746972723660423,0.216796641340694,0,0,-0.111657046458731,0.28764132330125,1,1,0.754883940200584,0.328605062690854,0,1,-0.124812993902778,0.326574728571258,1,1
"41",-0.379956121269947,0.28723801318125,13,1,1,0.320058936587307,0.233362035674973,1,1,-0.403110570889984,0.320549314948935,1,1,0.194684742319566,0.314863630803623,1,1,-0.430256263910804,0.360022772294611,1,1
"42",-0.406016206282292,0.343491987344769,5,1,1,0.403728752086218,0.225010458304962,1,1,-0.31893469790182,0.252961700504492,1,1,0.261539748307919,0.274828783148356,1,1,-0.310666556214685,0.311833861107763,1,1
"43",-0.0234318789409093,0.332854682800329,9,1,1,0.182579140995442,0.278720288961956,1,1,-0.198153909232104,0.280530490457403,1,1,0.252852097622373,0.282572333302915,1,1,-0.191550247966585,0.380127959304656,1,1
"44",0.486781833685266,0.304976079235124,19,1,1,0.763232819504481,0.228416457143071,0,0,0.424840795192386,0.307116209488105,1,1,0.687107440278037,0.352262023944326,1,1,0.238433143289862,0.391715701666296,1,1
"45",0.311072868242806,0.330711752534294,19,1,1,1.06478464476805,0.203306949289262,0,0,0.201219048695392,0.284463680369896,1,1,1.03003358419199,0.281645602559504,0,1,0.214465699418673,0.385906158690107,1,1
"46",-0.113281442272069,0.276164819442613,11,1,1,0.611734196587343,0.218552635146215,0,0,-0.100302543604988,0.254979385815603,1,1,0.517648744400062,0.295447279175806,0,1,-0.137287763227118,0.296758698911475,1,1
"47",0.468443082801277,0.311371144829602,9,1,1,1.08596867458562,0.20945905966903,0,0,0.513763373870631,0.283050427629333,1,1,1.21662614001268,0.279234973950491,0,1,0.388973144039991,0.317640487238416,1,1
"48",0.11045004005446,0.299844146827422,19,1,1,0.785701110536803,0.2664331944113,0,0,0.0307347373745385,0.316807025111475,1,1,0.660145774436967,0.318587711997137,0,1,0.0486334234761397,0.356707953549898,1,1
"49",-0.0289657998945665,0.292852649735912,11,1,1,0.550464156739342,0.243181313016752,0,0,0.0442523623493997,0.272886374997638,1,1,0.571806174194159,0.257089568984212,0,1,-0.0221191728108366,0.303692635520123,1,1
"50",0.822952593757624,0.321482702572985,9,0,0,1.0298544534025,0.210050098888098,0,0,0.648828932825704,0.262391000797962,0,0,1.00370038559514,0.272876939596814,0,0,0.782571079650707,0.312839394731799,0,0
"51",-0.536981605298179,0.285749591374172,1,1,1,0.499899477892037,0.227795674335399,1,0,-0.328792238535247,0.278103792996466,1,1,0.26477696218794,0.301691580990537,1,1,-0.536981605298179,0.317833043287039,1,1
"52",-0.172856878667594,0.35041890448695,5,1,1,0.385826461746148,0.381552729067187,1,1,-0.208104940258628,0.450065348554888,1,1,0.437256723429704,0.300866988219976,1,1,-0.00597039530084782,0.425020839402056,1,1
"53",-0.307203732764555,0.280908009330995,19,1,1,0.555656968160332,0.222493294602535,0,0,-0.231481800924909,0.278617228498492,1,1,0.565526866896553,0.295430371801381,0,1,-0.150415133032696,0.401495395186773,1,1
"54",-0.265248961376755,0.311204092438549,5,1,1,0.801922434802865,0.21251323146108,0,0,-0.167039415925177,0.282234516597749,1,1,0.632857224169489,0.223480314658591,0,1,-0.299316312247081,0.30994382294529,1,1
"55",-0.165671245965757,0.296356213312306,13,1,1,0.512434008615088,0.23112278206081,0,0,-0.203110455413353,0.26515257769165,1,1,0.386270146415684,0.293763036543146,1,1,-0.0902890491600874,0.345054819584452,1,1
"56",0.0473301361467434,0.324491975653745,9,1,1,0.641558243343628,0.24838612776388,0,0,-0.0711654242069186,0.328474458218551,1,1,0.772578376792609,0.257102997281897,0,1,0.0133045596258847,0.353209604372414,1,1
"57",-0.0238797906005075,0.350687844071267,1,1,1,0.540543434154892,0.235736382017392,0,0,0.0542964558084884,0.283928687811086,1,1,0.414724265990152,0.323332499851123,1,1,-0.0238797906005075,0.338367115269958,1,1
"58",0.290721083123327,0.267041589000013,1,1,1,0.819617141969905,0.204479807931577,0,0,0.368277570671971,0.291997863632953,1,1,0.76130141485438,0.236505691297709,0,1,0.290721083123327,0.326256035808407,1,1
"59",-0.187749392868685,0.259395025329317,19,1,1,0.688918826913656,0.226670284496807,0,0,-0.276803998676119,0.255527343253247,1,1,0.580384355964323,0.309022551428905,0,1,-0.614590955939341,0.355679755540798,1,1
"60",-0.138703000472498,0.234751734426049,19,1,1,0.535987049786803,0.21388987665942,0,0,-0.205623866630586,0.243195188876383,1,1,0.730723204499002,0.23934115063096,0,1,-0.15554942801868,0.291876468884716,1,1
"61",0.501825034970745,0.291599906246769,15,1,1,0.97441759321554,0.191921185121986,0,0,0.478423957546596,0.286044078095133,1,1,1.19373435328276,0.302389708796212,0,1,0.545764355130218,0.339615082929405,1,1
"62",0.161981181366992,0.322130154251253,9,1,1,0.777462568110263,0.213400238184437,0,0,0.0444674289889178,0.275998832477428,1,1,0.725736294321975,0.267984271678877,0,1,0.050372619068564,0.325284624666432,1,1
"63",-0.0221735712176307,0.289632084981701,5,1,1,0.708382008542222,0.227066707877041,0,0,-0.00140699175078416,0.278753607288549,1,1,0.541161253576759,0.285951382932496,1,1,0.0127240102101752,0.269683831083936,1,1
"64",-0.2788924132447,0.292510142042187,11,1,1,0.524421206584092,0.230165243874903,0,0,-0.203782100539504,0.231630861539367,1,1,0.437226046753705,0.282326181538345,1,1,0.0168095838938318,0.310796854332032,1,1
"65",-0.913767356770114,0.285956947909167,3,0,0,0.279654349761686,0.208244555622582,1,1,-0.698260540820642,0.293189239064072,0,0,0.167500087268637,0.271383299168583,1,0,-0.663844326945098,0.303532985551355,0,0
"66",0.572556845978006,0.330546071289246,9,0,1,1.00128506346359,0.232271726805616,0,0,0.633243773554346,0.269013707750652,0,0,1.11435197511055,0.22056218245936,0,0,0.543422835678781,0.284781402226032,0,1
"67",-0.0828479296525698,0.266037563708831,9,1,1,0.617120733671397,0.19576096113143,0,0,-0.0256592892932706,0.267415923315474,1,1,0.51533161480472,0.282433010799936,0,1,0.0672584141983141,0.308604868308683,1,1
"68",-0.0534681198464927,0.339662716916038,15,1,1,0.780459161306641,0.258393983615069,0,0,0.0527554969556552,0.31077997404871,1,1,0.702147659533741,0.282346992322713,0,1,-0.126825580047601,0.407046396153512,1,1
"69",0.187658323613203,0.296621708042634,17,1,1,1.01290196610701,0.249947432653067,0,0,0.284812820213223,0.338379781796293,1,1,0.978829272454138,0.307272235682423,0,1,0.225381007044875,0.399394338641386,1,1
"70",-0.0271242076763094,0.245440000795926,15,1,1,0.520451778310476,0.226968485082619,0,0,-0.0845146482975321,0.236845745986234,1,1,0.689955573763559,0.290764491266648,0,1,-0.117723085304104,0.313763627592026,1,1
"71",0.11752628800343,0.330942475418884,7,1,1,0.840742277624699,0.209044799156592,0,0,0.096480738843005,0.265039147621522,1,1,0.794768693336864,0.26636704727281,0,1,0.0222724640935424,0.338668564612741,1,1
"72",0.303790618601594,0.398405112768888,11,1,1,0.760524784171429,0.261155473485662,0,0,0.261625313890936,0.41809322394381,1,1,0.651985345854516,0.487597004077994,1,1,0.400216693697276,0.465192678451,1,1
"73",-0.445054196485273,0.323503437038799,3,1,1,0.738257739524381,0.208077930453717,0,0,-0.30834596110923,0.256415010628643,1,1,0.621518354492546,0.233956901331376,0,1,-0.357305409543652,0.272871832628012,1,1
"74",0.153287113369231,0.317748331294972,19,1,1,0.674771657141965,0.218619741194708,0,0,0.247601029652791,0.252986262770726,1,1,0.651150379765636,0.28542836307298,0,1,0.30690366910283,0.326805167594972,1,1
"75",-0.145646424142669,0.296513020120339,19,1,1,0.445015899980135,0.24547241802275,0,1,-0.154539118261366,0.304741654397372,1,1,0.624284192108671,0.442386048164917,1,1,-0.0468056081295507,0.41814683752838,1,1
"76",-0.0261009069883794,0.308017292839358,5,1,1,0.763035391800397,0.179489302239153,0,0,0.0185163368585499,0.241352954736562,1,1,0.611514087441452,0.218359434625402,0,1,-0.148246970536031,0.285461734846519,1,1
"77",0.133815666190045,0.269119480054826,17,1,1,0.8861455365637,0.23448652511364,0,0,0.210901116218075,0.290160831160765,1,1,0.778635004038423,0.289855765528353,0,1,0.135247887290013,0.28128578388179,1,1
"78",-0.128680825381871,0.367427803302847,11,1,1,0.67565290269186,0.204820529646216,0,0,-0.167598191316594,0.294343831167906,1,1,0.55962340945809,0.303636770570649,0,1,-0.190982779904661,0.338004773239547,1,1
"79",-0.163003107456213,0.331355383940451,3,1,1,0.39526211076062,0.251842299968449,1,1,-0.196125630792446,0.274651065289286,1,1,0.34555544782546,0.282385767026928,1,1,-0.141721813632004,0.302583892275731,1,1
"80",0.1185644809441,0.309511194951936,9,1,1,0.525525377697187,0.276801541724604,1,1,0.00190147735411803,0.274285479826343,1,1,0.538947809706303,0.257813555651675,0,1,0.0547595769950758,0.315478443132073,1,1
"81",0.23574277056313,0.302561629275705,13,1,1,0.869800859154464,0.215774889556874,0,0,0.203491067455321,0.292178850627064,1,1,0.679227422137697,0.245012776356838,0,1,0.223199465870496,0.343085144782902,1,1
"82",0.16326059759246,0.295861683467009,13,1,1,0.767533930705472,0.205576259602892,0,0,0.186721261169788,0.311484153153788,1,1,0.740944832201927,0.2794272332774,0,1,0.244363470933087,0.347135527981088,1,1
"83",0.499707066830785,0.284055779349771,9,0,1,0.83484493402218,0.199423357017202,0,0,0.419785703281425,0.268050575094256,1,1,0.898460079846679,0.315522082133905,0,1,0.333887200270867,0.291332847158995,1,1
"84",0.0293577180444383,0.338692163209681,15,1,1,0.48625843672624,0.246242915629421,0,0,-0.0668419658091089,0.326106945699062,1,1,-0.055233539141151,0.451192992753839,1,1,-0.160700016295449,0.504029740123079,1,1
"85",-0.166138625283834,0.227388816600507,13,1,1,0.710387407657647,0.260764003211068,0,0,-0.244949512712322,0.32467725760239,1,1,0.932426002913001,0.24318510684783,0,1,0.00566626110108804,0.320486856859927,1,1
"86",-0.437579207586253,0.328801391818502,5,1,1,0.202378992638646,0.214656851008526,1,1,-0.474606033040099,0.337867718048121,1,1,0.270258861149399,0.319148736022298,1,1,-0.43339857918506,0.341165020896137,1,1
"87",0.184663622055612,0.296749406550251,19,1,1,0.66657376054091,0.207033399298734,0,0,0.379880495270735,0.270246821789107,1,1,0.776826363767417,0.244253452923204,0,1,0.39862463068636,0.320050488539898,1,1
"88",-0.221988101925995,0.299619000810789,9,1,1,0.581091417872989,0.196936463405216,0,0,-0.291811776557356,0.25283468651542,1,1,0.504096984152762,0.275940359041077,0,1,-0.220240102559608,0.29957042017655,1,1
"89",-0.300981532458704,0.282592774110456,11,1,1,0.749801868499071,0.214455836215879,0,0,-0.225541126722903,0.232421399911458,1,1,1.14246426769033,0.314263107038582,0,1,-0.277487680880682,0.405104632490293,1,1
"90",0.582881552609122,0.272404893480718,11,0,0,1.26204317891092,0.245968511468397,0,0,0.657335872170572,0.343504231554592,0,1,1.38098048734004,0.254623164565322,0,0,0.472348268639356,0.294896459591888,1,1
"91",-0.597991675890015,0.270533605184272,7,0,0,0.288618743640878,0.259159199322749,1,1,-0.588319558989467,0.270491865260299,0,0,0.620440288948857,0.25835120429677,1,0,-0.532036754627496,0.339585372421394,1,1
"92",-0.261997398483655,0.283139992233853,13,1,1,0.442222572587322,0.204661800641167,0,0,-0.219120504384619,0.285351138381118,1,1,0.509871756418452,0.252811773637241,1,1,-0.114167321313677,0.341848462176643,1,1
"93",-0.204760912189,0.280771705918452,19,1,1,0.8409459025342,0.217678538058096,0,0,-0.0778576706777213,0.268389861938299,1,1,1.00680086734624,0.29558669387151,0,1,-0.200906244997354,0.325825062536362,1,1
"94",0.515278385699301,0.272790776183661,15,1,1,0.734986550242179,0.244661404578041,0,0,0.386774015820387,0.297809523503787,1,1,0.650248782375855,0.271331444195579,0,1,0.251709360200932,0.338019459222171,1,1
"95",0.272115977647936,0.325134972299679,17,1,1,1.13094442929085,0.263716767915455,0,0,0.410694701979837,0.292329889572738,1,1,1.37352209921383,0.333696391573118,0,1,0.325781380623974,0.328808975421082,1,1
"96",0.151300894182879,0.318097808547803,7,1,1,0.721489263516768,0.206007489582383,0,0,0.0320030900557461,0.277917678747237,1,1,0.712627107306924,0.274608677373578,0,1,-0.0599617397849242,0.31044543497288,1,1
"97",-0.0461767405222342,0.29793762006701,13,1,1,0.576084187542084,0.202202721716003,0,0,-0.0395866265502748,0.270312280331998,1,1,0.328580404924507,0.235324803983455,0,1,0.0717810717449078,0.285887064855563,1,1
"98",0.16859967602147,0.343913272093809,1,1,1,0.823926401018764,0.184279228183593,0,0,0.196613243254871,0.281902243922084,1,1,0.7351929316246,0.24890574294661,0,1,0.16859967602147,0.289503047121344,1,1
"99",-0.48840042524862,0.345674407673199,3,1,1,0.423759982187207,0.20581737258471,0,0,-0.480277280035469,0.262199236673505,0,1,0.46048477129121,0.275227193768183,1,1,-0.373356611439212,0.341540571146374,1,1
"100",0.278083754715776,0.288251227243882,17,1,1,0.845966268305679,0.1825890132575,0,0,0.254478048417307,0.258517086126554,1,1,0.876126212609883,0.286407014074402,0,1,0.180014171351567,0.345025567731195,1,1
