"","V1","V2","V3","V4","V5","V6","V7","V8","V9","V10","V11","V12","V13","V14","V15","V16","V17","V18","V19","V20","V21"
"1",0.627553155668199,0.23072577217343,9,0,0,0.33301600841223,0.333179196954326,1,1,0.374911910568799,0.310817330904838,1,1,0.717541146353189,0.262590880443526,0,1,0.446554560396206,0.272396696515838,0,1
"2",0.623655499107714,0.244999169037809,9,0,0,0.711166985434904,0.242648426185455,0,0,0.70503693454563,0.272354182071735,0,0,0.750549645472573,0.314427029096358,0,0,0.630693277912175,0.312855374161197,0,0
"3",1.05014455561154,0.248983618270448,11,0,0,0.968169440707087,0.22882311357121,0,0,1.06571363490875,0.23589669476561,0,0,0.809062273730115,0.376276571847984,0,0,0.905153809688172,0.360605950113388,0,0
"4",1.0672060934084,0.208810424215391,7,0,0,1.03463105176367,0.202469708605016,0,0,0.997942484330648,0.204659695319139,0,0,0.893501905288246,0.230035030652982,0,0,0.96827871032388,0.223966311937913,0,0
"5",0.739958909721231,0.214966885613719,9,0,0,0.776600339330647,0.201205940341774,0,0,0.777355601296362,0.209909613117361,0,0,0.814048064921584,0.266981659112019,0,0,0.85180282683837,0.272973000162897,0,0
"6",0.557357013799748,0.273705692783401,3,0,0,0.602444729628486,0.277933880789027,0,0,0.610017967987952,0.293595783518923,0,0,0.617849427225304,0.304070858611172,1,0,0.51179176765223,0.324909075449302,1,1
"7",0.579953978998978,0.245962795889253,13,0,0,0.701097930871774,0.203959099134365,0,0,0.698164751837309,0.237583723830498,0,0,0.669264958463013,0.241976560395715,0,0,0.625790941109361,0.233832214152326,0,0
"8",0.654437725613349,0.32392568208324,13,1,0,0.386114013148955,0.262568493530829,1,1,0.453058810784007,0.276521337550687,1,1,0.625862992393458,0.446661032853654,1,1,0.478658921270007,0.439555041764485,1,1
"9",0.922815856773558,0.250712646476034,9,0,0,0.763331706532481,0.242189133575581,0,0,0.77829173391305,0.265355028913161,0,0,0.768516005299415,0.296240278316101,0,0,0.745866081723501,0.302915368762127,0,0
"10",0.72731211243021,0.261900123196498,19,0,0,0.685439525435893,0.303478889114239,0,0,0.682401421878269,0.304395061251617,0,0,0.38123335412031,0.397959587848021,1,1,0.558456159766613,0.454629563583232,1,1
"11",1.15288324401229,0.205986564678409,19,0,0,1.19817864478761,0.226663884962885,0,0,1.20043445022143,0.262629101985302,0,0,1.0984620918066,0.258834787695815,0,0,1.11050099465117,0.258917427584329,0,0
"12",0.63866228134616,0.240658738826642,13,0,0,0.634679920121732,0.214867891904445,0,0,0.587662463228805,0.243077080163719,0,0,0.432702864248218,0.292322600804163,0,0,0.489371472834297,0.250206077246159,0,1
"13",0.586329635434487,0.261999545128323,7,0,0,0.821191191368499,0.302422288762191,0,0,0.837895523489225,0.300370625700803,0,0,0.760827695667521,0.251007680460854,0,0,0.681223134815146,0.286721875571549,0,0
"14",0.741409681453057,0.303858454479955,7,0,0,0.590403505954027,0.194481409744285,0,0,0.577986450382025,0.241125474538094,0,0,0.77117313859023,0.320972888929324,0,1,0.518784067759157,0.313374523158897,0,1
"15",0.389510872514924,0.228749915559695,19,1,1,0.553505477334491,0.167336132770543,0,0,0.525375316644346,0.220999267096751,0,0,0.510095432429654,0.243284411034271,0,0,0.586485288055289,0.264470539437676,0,0
"16",1.12598426375487,0.251837181945599,15,0,0,1.0382935376627,0.197786203500468,0,0,1.0298800297334,0.209880714209603,0,0,1.04304112230501,0.281237218830703,0,0,1.15281658612464,0.269621880185979,0,0
"17",0.466761408257031,0.258502748180994,11,0,1,0.675248268307933,0.288059791083688,0,0,0.685087516903696,0.311467451507404,0,0,0.72670916918123,0.285966955802366,0,0,0.761832803662432,0.306978718039958,0,0
"18",0.269099032236635,0.31407138807583,13,1,1,0.299182273088364,0.20552607175323,1,1,0.286161056279488,0.237353808844128,1,1,0.459133190948606,0.331213496532855,1,1,0.362970552106794,0.348442514550783,1,1
"19",0.433785163647086,0.253607078891187,17,1,1,0.445770973065596,0.275249026636239,1,1,0.415128849633033,0.292519671850178,1,1,0.697039008626955,0.486372614499392,1,1,0.460885973540928,0.423146269747076,1,1
"20",0.815869175492554,0.252266452737041,13,0,0,0.702818470174783,0.208164609278591,0,0,0.650925230115215,0.212179078667266,0,0,0.523330625858717,0.318040596766802,0,0,0.489622165217195,0.29223477402928,0,1
"21",0.801031258756218,0.252619465352238,17,0,0,0.780499636403302,0.241063370161306,0,0,0.797438165979873,0.213138282295825,0,0,0.850822114169314,0.265191443624137,0,0,0.707719370519386,0.301061096300854,0,0
"22",1.26038609576964,0.298492381675288,17,0,0,1.16139441978798,0.203846327838509,0,0,1.14095341620413,0.209114952654936,0,0,1.36691881228438,0.298871814121409,0,0,1.02604269232204,0.297404409853606,0,0
"23",0.83580058993882,0.243816704565672,19,0,0,0.849114483105456,0.274710304136489,0,0,0.938789649815088,0.360391682598453,0,0,0.107289745482137,0.432040985304527,1,0,0.664123991288343,0.436352632740661,1,1
"24",0.77871884522602,0.245575345916851,15,0,0,0.836933358426706,0.20941955803226,0,0,0.828993105507219,0.206030928417486,0,0,0.998755019856652,0.28846921560734,0,0,0.813700209057391,0.291145365741919,0,0
"25",0.408929967135647,0.260906748790562,9,1,1,0.561146498765288,0.260425097420925,0,0,0.581988934351082,0.312083480938936,1,1,0.346452668567547,0.332109872530966,1,1,0.478930488628106,0.319774587328864,1,1
"26",0.7807648759812,0.249419707929612,11,0,0,0.706159345005064,0.239493995830171,0,0,0.736412769846603,0.249522867143089,0,0,0.595020278363166,0.252438379992803,0,0,0.82046025341745,0.283504904717303,0,0
"27",0.679716587128105,0.291975235358066,19,0,0,0.617312054980313,0.229801776028107,0,0,0.625035015212347,0.228338540451818,0,0,0.578020632494037,0.299173084677116,0,0,0.60949215576662,0.31967809935046,1,1
"28",0.676945842529197,0.248062825420488,13,0,0,0.607806431808489,0.230061299911788,0,0,0.633143339968926,0.240796979353287,0,0,0.689105521411224,0.304188451866563,0,0,0.531021939688257,0.266950848590665,0,0
"29",0.572636154694379,0.275619939215834,11,0,0,0.670779651270371,0.262018362953347,0,0,0.718417300671402,0.252247445864737,0,0,0.569935822980243,0.284362434533833,0,0,0.57664318904572,0.267743868030727,0,0
"30",0.685299117570797,0.288621867104687,7,0,0,0.724274931477496,0.233362526743508,0,0,0.792032965800589,0.225617132995306,0,0,1.03407891951306,0.503117275976576,1,1,0.753537167440908,0.432163325373798,1,1
"31",0.750946738138961,0.27071689988257,19,0,0,0.814560581416912,0.22758466811284,0,0,0.872947130237222,0.257029624643766,0,0,1.02442401346261,0.326768499906154,0,0,0.695501807776719,0.371315670548196,0,1
"32",0.421831768923231,0.248856004536541,7,0,1,0.410990905150599,0.256288060478079,1,1,0.401370231325273,0.244139302620461,1,1,0.368722358873353,0.306924125333191,1,1,0.343685053414544,0.298735562421526,1,1
"33",0.630076363223165,0.2504561301687,5,0,0,0.57968523291436,0.196863042829303,0,0,0.606535089293435,0.208052657348776,0,0,0.708478084307262,0.241172596209504,0,0,0.541115114160592,0.239234093244874,0,0
"34",0.77509801298754,0.272992799201967,11,0,0,0.672021155836227,0.248048643668779,0,0,0.822700226022279,0.220376869633071,0,0,0.675745749841676,0.250782484703678,0,0,0.83445780973653,0.275433107053025,0,0
"35",0.43300667510519,0.261380694730396,17,1,1,0.437586928350899,0.208120215341039,0,0,0.45918874138231,0.212911948137717,0,0,0.382415726032704,0.250191177930607,1,1,0.377790136857194,0.302147529150349,1,1
"36",0.989973532751017,0.254567686495206,13,0,0,1.00543633615143,0.205153665005616,0,0,0.994408492073106,0.182559663078901,0,0,1.00925071545536,0.24493956554403,0,0,0.931904495851842,0.258648518033163,0,0
"37",0.488588089230915,0.253104259691012,7,0,1,0.450251913523809,0.239294621079463,0,1,0.500067739226532,0.193249145121043,0,0,0.438752425495266,0.277702970006832,1,1,0.389192724196286,0.239772441606419,0,1
"38",0.658375638540866,0.325223294679728,19,1,0,0.717684647446262,0.245983611311411,0,0,0.683471870590893,0.22796254969759,0,0,0.818422876978124,0.356966404713389,0,1,0.641264350621086,0.317713184496895,0,0
"39",0.0861367783367507,0.273719965058933,17,1,1,0.174707417227729,0.233213095566001,1,1,0.0913895382722718,0.28293700417262,1,1,0.0722369884321138,0.392024410343077,1,1,0.119368591193681,0.469856748117463,1,1
"40",0.518906309228836,0.230369161783705,13,1,0,0.194016513175325,0.279909604828111,1,1,0.254109826080947,0.257619972257547,1,1,0.461715126971867,0.280906982831287,1,1,0.230808212386122,0.334566058582821,1,1
"41",0.769195472729524,0.221226531785938,3,0,0,0.767257243708814,0.196994448429303,0,0,0.799384292062335,0.186923007442731,0,0,0.628131090173012,0.218079698496179,0,0,0.817095571151954,0.271172917217853,0,0
"42",0.321503308881917,0.204214604665046,15,1,1,0.354664796966183,0.218519489491817,1,1,0.366901427711203,0.239797931286774,1,1,0.590312961203258,0.283183572678554,1,1,0.339916548205744,0.254052090930044,1,1
"43",0.949657540781328,0.244290979245164,19,0,0,0.898410304783581,0.206334122479548,0,0,0.898693093219567,0.231669465594837,0,0,0.783728617202287,0.317863848795958,0,0,0.799951576156046,0.326624678785838,0,0
"44",0.410146713694272,0.189342927456777,15,1,0,0.272778147940052,0.235509390703423,1,1,0.274061781221162,0.260869925657355,1,1,0.112593367809781,0.340822115092232,1,1,0.363944440381592,0.296883644052052,1,1
"45",0.466508267294749,0.260595192731221,15,1,1,0.41656009800574,0.272471567283339,1,1,0.427977341924983,0.262588994838894,1,1,0.234392923475961,0.383690440616465,1,1,0.405641109141634,0.363600912821163,1,1
"46",0.606278336859964,0.289339794573802,7,1,0,0.480339391305939,0.287150742551581,1,1,0.449813153253883,0.270264977412409,0,1,0.810500688093228,0.286823627353089,1,1,0.668825084858811,0.296312484412273,1,0
"47",1.14848673229766,0.238609345586373,5,0,0,1.01802750278423,0.22775791300735,0,0,1.06161855108188,0.235212268481415,0,0,0.877501653244041,0.280397746095691,0,0,0.940797321700263,0.256882691086841,0,0
"48",0.616229834060114,0.218715490536501,19,0,0,0.736886458685099,0.230760926754955,0,0,0.736507873356033,0.240151902074256,0,0,0.568112683905029,0.239480288002268,0,0,0.593388594575547,0.263595273634705,0,0
"49",0.658996369152273,0.244357318668583,9,0,0,0.661607531197478,0.227043590629047,0,0,0.680288999783262,0.20906143862522,0,0,0.332656697858806,0.271715937634605,0,0,0.656923124737189,0.31522887236016,0,0
"50",0.820242531315317,0.258859163397839,5,0,0,0.684683624722912,0.218411307644594,0,0,0.735862618408792,0.184738944430687,0,0,0.910681638721509,0.265482067695426,0,0,0.673487569558415,0.261719761467142,0,0
"51",0.927949059614496,0.234778567521677,5,0,0,0.775518003904595,0.203906555575327,0,0,0.775296202743505,0.206276594040092,0,0,0.913324474952166,0.226315042780237,0,0,0.78875091947331,0.222056992992621,0,0
"52",0.579944513487404,0.264486515059898,9,1,0,0.748113543240004,0.251883007936049,0,0,0.750930984516016,0.221041712352451,0,0,0.919147122484055,0.351967329998356,1,0,0.602109833116359,0.385094084504737,1,1
"53",0.448888684424609,0.232671343145983,9,0,1,0.524074142996311,0.256771120376834,0,0,0.528001482473239,0.23610522812495,0,0,0.618443778631175,0.247006372639849,0,0,0.569254219862876,0.245971480631388,0,0
"54",0.237666876787137,0.263527770104269,3,1,1,0.438935733179125,0.242826412129698,0,1,0.430218562079529,0.248666914709679,1,1,0.355708353941406,0.345527094031901,1,1,0.415618178114318,0.326860683156816,1,1
"55",0.512565732723795,0.263094583950573,17,0,1,0.469269337256384,0.251778804196922,1,1,0.443896085501523,0.221588123313975,0,0,0.789678646755292,0.291015405059386,1,1,0.427550331946757,0.304399930570689,1,1
"56",0.446609276427029,0.284142573665839,9,1,1,0.595006326304063,0.282774358318306,1,0,0.644868291961247,0.271153694963538,0,0,0.757128958755164,0.334614491476809,1,1,0.546299291196473,0.324644534698697,0,1
"57",0.627715396389008,0.242290335440711,11,0,0,0.873224953785765,0.245087620623766,0,0,0.86477511751384,0.268606442453087,0,0,0.949670932978894,0.241534855708088,0,0,0.741830360617089,0.274538424767059,0,0
"58",0.449684506928045,0.227290177386994,17,0,0,0.486779572534056,0.229524745453188,0,0,0.480832345788658,0.241098520020122,0,0,0.660369642353062,0.253033379706487,1,1,0.594428687624639,0.244479951451349,0,0
"59",0.458941234119022,0.233295391854547,7,0,0,0.482187138497229,0.22003511542278,0,0,0.486725854514605,0.212094642061412,0,0,0.401918744271171,0.227760241044005,0,0,0.505603563653396,0.219371557879205,1,0
"60",0.46457977613021,0.283403108252008,19,1,1,0.531272494916594,0.210853050683894,0,0,0.54932588411839,0.215191862910319,0,0,0.565427777881969,0.27660847169961,0,0,0.559421126532397,0.276138692588124,0,0
"61",0.526382097127657,0.249170663911271,17,0,0,0.56410581484332,0.228306623713863,0,0,0.543192444704568,0.20321835665727,0,0,0.777020665896713,0.243452023871192,0,0,0.47848995699527,0.256989346167591,0,1
"62",0.889194941110649,0.285839970586255,5,0,0,1.21534326253121,0.361640162072773,0,0,1.22139569737705,0.294438726320674,0,0,0.716387194879696,0.300027198880476,0,0,0.897130635491831,0.285982393687967,0,0
"63",1.30051484591029,0.328569077941517,3,0,0,1.06019801475926,0.219943727371928,0,0,1.05184268862547,0.215372128560567,0,0,1.41026654597373,0.317535100620115,0,0,0.977659034342011,0.344200367783724,0,0
"64",0.352562274221264,0.29212103080631,13,1,1,0.350483506877403,0.208212862878328,1,1,0.353469992920251,0.213166337473898,1,1,0.496103632746157,0.324670392319118,1,1,0.389843166883202,0.307261894740357,1,1
"65",0.101998460408554,0.315696939721301,19,1,1,0.0782230594920599,0.275632429477321,1,1,0.0352716433133917,0.265876785170972,1,1,0.248226044849462,0.335814022021989,1,1,-0.037317972742539,0.296099680258749,1,1
"66",0.464282537181985,0.24000227759745,17,0,1,0.57813052733354,0.237530412016621,0,0,0.670717672064905,0.255212173152968,0,0,0.4699079086098,0.389452807993948,1,1,0.604437483280314,0.463952483535583,1,1
"67",0.516950190116918,0.274624016510042,13,1,1,0.62672279154472,0.215311519654431,0,0,0.605549551664138,0.243661752360438,0,0,0.620064694413602,0.354844399932629,0,1,0.600803907206821,0.365305899010887,1,1
"68",0.50224535046099,0.309026719587141,15,1,1,0.623164345806536,0.235119935367484,0,0,0.528054474205571,0.226645879704639,0,0,0.665351176103434,0.316352061493445,0,1,0.333782387357132,0.327263606119141,1,1
"69",0.639830816505693,0.244253571241712,5,0,0,0.558392119695389,0.245085686124976,0,0,0.560721434459449,0.24243868992135,0,0,0.704251103116095,0.243616335395427,0,0,0.545222409538371,0.220445917890212,0,0
"70",0.577584472966798,0.260523915164446,5,1,0,0.606784519746468,0.224388038757297,0,0,0.618349833645062,0.247926721707014,0,0,0.559890543115287,0.341860545336577,1,1,0.519542180107867,0.28510497365591,1,1
"71",0.769882415182358,0.24551323913181,13,0,0,0.699741637546411,0.189852853893794,0,0,0.71745981861347,0.214602259506685,0,0,0.396354433485535,0.229627107473562,0,0,0.691661784113087,0.228718772838585,0,0
"72",0.977075057523185,0.247213475919269,17,0,0,1.08830115037524,0.259415890389651,0,0,1.13562842248923,0.231451930046379,0,0,1.22438527930385,0.300132117669073,0,0,0.937247342756646,0.275788662222737,0,0
"73",0.305839977914562,0.242774187470788,9,1,1,0.195156571401223,0.239369792963187,1,1,0.189968571277677,0.239231434430429,1,1,0.211477314786033,0.267288874054315,1,1,0.28348243156207,0.271075229916127,1,1
"74",0.555872719595016,0.234373237057805,19,0,0,0.541644416321567,0.227890990484337,0,0,0.548444839653831,0.210845649935497,0,0,0.322957269780887,0.244609776088536,0,0,0.560897285002249,0.2636152364473,0,0
"75",0.344374186401223,0.245089678059212,19,0,1,0.459379935080335,0.208343984658149,0,0,0.415473337760563,0.210587860873157,0,0,0.34592389484884,0.34352730737953,1,1,0.342693089992275,0.403476539764347,1,1
"76",0.816857986946746,0.249790591002955,7,0,0,0.730125395767657,0.223784778071866,0,0,0.770171743145383,0.208545932031934,0,0,0.872900371795398,0.334196187111695,0,0,0.793676163253864,0.292657966936016,0,0
"77",0.681807836979123,0.252710297129561,7,0,0,0.67203488614284,0.245995732255216,0,0,0.646986330640914,0.212106561625813,0,0,0.452288673516664,0.290034218613311,0,0,0.617145558203779,0.294306135237702,0,0
"78",1.01795796481337,0.237283364721083,17,0,0,0.949945707443052,0.18883698288926,0,0,0.950251146027024,0.231460855862947,0,0,0.998513438161312,0.345654388860252,0,0,0.913514780537668,0.345814548639408,0,0
"79",0.32291212031849,0.261481595841307,17,1,1,0.495366661520666,0.2400492229828,0,0,0.468458327218972,0.211060347880564,0,0,0.384155082803124,0.325304842327173,1,1,0.515949054663419,0.327112498016174,1,1
"80",0.979629339684816,0.232350355941043,19,0,0,0.96018370876956,0.221801929890706,0,0,0.943688879292743,0.195205809466906,0,0,0.906170676086096,0.244291418166545,0,0,0.880134827588234,0.247444482820929,0,0
"81",0.387135324061221,0.278198050366621,17,1,1,0.404447903119814,0.231359829486201,1,1,0.359336413938876,0.234684220208235,1,1,0.122172293618622,0.312275257619066,1,1,0.299527070722999,0.327251605946837,1,1
"82",0.476246629182366,0.277717128853836,11,1,1,0.488444562276724,0.209094435579154,0,0,0.546116324818372,0.215887850109401,0,0,0.134445143094024,0.259982496769743,1,0,0.492964834391196,0.259703537821835,0,1
"83",0.768174952139931,0.251354160649564,13,0,0,0.714405831389921,0.241323316030113,0,0,0.679267683789862,0.219248912905126,0,0,0.744999913920944,0.307085268264911,0,0,0.72692910922477,0.319389698658356,1,0
"84",0.370184823006097,0.207906807849905,11,1,1,0.392543437672247,0.212257805804531,0,1,0.38530962455857,0.248052360113114,1,1,0.438167517969714,0.273369170508168,1,1,0.456900629052782,0.248972452384391,1,1
"85",0.611474473375122,0.289511132390119,19,0,0,0.661689221813115,0.214311828764008,0,0,0.64334286855561,0.240921522169032,0,0,0.3962283578982,0.276650486774326,0,0,0.586872151976056,0.293572968275357,0,0
"86",0.64592009096403,0.24917324867437,9,0,0,0.609676503574874,0.214454075465591,0,0,0.597114903175386,0.263069718408908,0,0,0.851337380953629,0.25538363164432,0,0,0.489732308446836,0.242756140205537,0,0
"87",0.541101415845469,0.210623470561307,7,0,0,0.555898288259467,0.233929764491689,0,0,0.538490374300781,0.229027013707908,0,0,0.684921045694108,0.240696377770108,0,0,0.468463433810782,0.264057531532415,0,1
"88",0.633323349920458,0.2535791889734,19,0,0,0.775719335985005,0.19337456564435,0,0,0.753151999850313,0.203147782035431,0,0,1.12047788474813,0.317769022262945,0,0,0.713382086891649,0.23622846584047,0,0
"89",1.39971794284327,0.246625358988078,11,0,0,1.29556568511886,0.197872841867369,0,0,1.30847963349306,0.213722870539532,0,0,1.64108376572061,0.246602732293626,0,0,1.14745173688625,0.26248833817252,0,0
"90",0.76499698351064,0.280994394180646,5,0,0,0.840088206757655,0.281880976606507,0,0,0.827961560355665,0.255814542386726,0,0,0.941058737501685,0.377974314240453,0,0,0.782871647898017,0.403250426267347,0,1
"91",0.787667329415368,0.269753902403714,13,0,0,0.807719204715588,0.249441865049116,0,0,0.819860920652657,0.263549558262688,0,0,0.524462025108066,0.311015998741855,0,0,0.804640728704512,0.25996167385388,0,0
"92",0.967271951723081,0.296391500553007,13,0,0,0.920261197315898,0.204022302778243,0,0,0.941425447212754,0.236375158032879,0,0,0.914746658239374,0.279575986147552,0,0,0.926645928424738,0.233147882671906,0,0
"93",0.304671474055515,0.303276312646798,9,1,1,0.559650899271425,0.269351889201159,0,0,0.555865619165328,0.230076228469418,0,0,0.412173701160031,0.326493246201771,1,1,0.386474168037978,0.321335118656146,1,1
"94",0.674147459141892,0.200021721500589,9,0,0,0.726860495380818,0.1911837738923,0,0,0.756423396052297,0.199257117562236,0,0,0.713740680871461,0.265560416700178,0,0,0.702863960489476,0.247466628036891,0,0
"95",0.475311171163276,0.249505939519701,11,0,1,0.537454694003123,0.182795413075782,0,0,0.540767834134326,0.222078171182442,0,0,0.150282861453702,0.304371954783087,1,1,0.586092977233339,0.290682932676803,1,0
"96",0.566042826683041,0.265539113533821,11,0,0,0.556595038328685,0.259287390331371,0,0,0.564252279297879,0.223095122701982,0,0,0.276250530295036,0.292152016865479,1,1,0.465421515732824,0.29977676888647,1,1
"97",0.885828680565878,0.287954743699918,7,0,0,0.860596898253699,0.242341033043009,0,0,0.872617913855635,0.219056301220834,0,0,0.689846794057708,0.298394201793357,0,0,0.86851138689612,0.27172603393839,0,0
"98",0.754177658276101,0.261638282106834,9,0,0,0.777115901028041,0.258057427948083,0,0,0.730069845504837,0.243484742087849,0,0,0.540693760198429,0.26065288289277,0,0,0.659114881014563,0.256390436855794,0,0
"99",0.369025104381948,0.261755099651798,13,1,1,0.268109468345541,0.302057741992569,1,1,0.306411519979846,0.293820526999833,1,1,0.334032867429114,0.317325557965763,1,1,0.498448229376343,0.355182730034344,1,1
"100",1.02396757081486,0.270677786756248,9,0,0,0.948593950119059,0.240010051141515,0,0,0.957204520978924,0.205439160424292,0,0,1.05775711909186,0.290001658491118,0,0,0.966975636948733,0.260317595732322,0,0
