"","V1","V2","V3","V4","V5","V6","V7","V8","V9","V10","V11","V12","V13","V14","V15","V16","V17","V18","V19","V20","V21"
"1",0.375722112060667,0.234616178044339,15,1,1,0.485115381513587,0.230561444607524,0,0,0.500231741405584,0.266400817726142,1,1,0.312030912030155,0.237188589053088,1,0,0.402324413619104,0.237312777865388,1,1
"2",0.357311940710233,0.20226449467719,19,1,1,0.370503843111976,0.218688140772987,1,1,0.369816452241163,0.207769036955825,0,1,0.392584202347828,0.218536913674049,1,1,0.374028087865032,0.245789502412746,1,1
"3",0.514776945259616,0.178755704542882,15,0,0,0.530033140969492,0.171476707562833,0,0,0.533359784232458,0.206324440712324,0,0,0.615761338664103,0.219190545780558,0,0,0.522610661876399,0.229970816641787,0,0
"4",0.330169908524762,0.22950004085287,7,1,1,0.420358454907432,0.182706491294668,0,0,0.413901345235693,0.189740772897614,1,0,0.548549887923713,0.223658875009049,1,1,0.427538697387977,0.228552487612088,1,1
"5",0.213343185507112,0.185012118673703,11,1,1,0.203163056513283,0.21171215695588,1,1,0.214828523060852,0.173145626012132,1,1,0.190144136917061,0.229734444009056,1,1,0.189095921901814,0.215672265528835,1,1
"6",0.448460903316583,0.200313597754192,11,0,0,0.373573607257291,0.19878795431272,0,1,0.38604842195363,0.198045541191819,0,1,0.506285652056539,0.254716436656076,1,1,0.438859877713914,0.253368799474947,1,1
"7",0.329064274442314,0.207967572099783,17,1,1,0.340038861016907,0.204899888874534,1,1,0.34147784980439,0.194820792324093,0,1,0.512761746583069,0.295112548131441,1,1,0.363249973193685,0.247015688088814,1,1
"8",0.642201701787947,0.217608607035314,3,0,0,0.63859529692644,0.194998429749233,0,0,0.637898547701117,0.198817405181423,0,0,0.56370110362894,0.21784143978954,0,0,0.579665329767252,0.234484815905342,0,0
"9",0.343510329599954,0.233252995833001,3,1,1,0.351491050312335,0.212215464940515,1,1,0.33715960200263,0.192111614239253,1,1,0.111296326907293,0.256973296900376,1,1,0.253122211152407,0.238769043808193,1,1
"10",0.373317378078295,0.195642537580024,13,0,1,0.299747750135724,0.165818852666476,0,1,0.311319440331786,0.198503673430717,1,1,0.471054345029736,0.230227685207824,1,1,0.368653449600575,0.2222895441577,1,1
"11",0.487082914991196,0.199940328212424,13,0,0,0.440013885838339,0.201420959111112,0,0,0.4437272345271,0.236422714399028,1,1,0.367798562417713,0.245387501410028,0,1,0.421619488785984,0.248988717428155,1,1
"12",0.273170022536046,0.204809864443836,13,1,1,0.300569488316521,0.216596630595127,1,1,0.300485372506236,0.186549974876899,1,1,0.243846242211128,0.212865790270363,1,1,0.243710697124291,0.216628862059308,1,1
"13",0.542452055973815,0.232886488667509,19,0,0,0.545247345172123,0.204060061002315,0,0,0.546652455305188,0.192039829132498,0,0,0.770444577637092,0.250353205360387,0,0,0.535721688014668,0.216170468276638,0,0
"14",0.568168766976864,0.187414014501102,19,0,0,0.563345172335051,0.210616542047064,0,0,0.548388849812713,0.196984698120443,0,0,0.388789375165679,0.243278372692624,0,0,0.511288567727712,0.244306854628536,0,0
"15",0.455999443029734,0.225835619082866,17,0,0,0.393751368376144,0.183148041624854,0,0,0.412945453765855,0.206222382859356,1,0,0.314121690454371,0.23455141526176,1,1,0.404282892814395,0.23104553174671,1,1
"16",0.325636489294906,0.201602267172901,17,1,1,0.366228005236651,0.201063582432492,0,1,0.355020727157821,0.185655066653117,1,1,0.410145046289485,0.238153217634965,1,1,0.340463677733175,0.203756570300511,1,1
"17",0.431268243711561,0.219095800747734,1,0,0,0.460892652232702,0.209818509723705,0,0,0.459564038999978,0.209836442481398,0,0,0.408718064748253,0.217463644954084,0,0,0.431268243711561,0.2503905267242,1,1
"18",0.03686939907616,0.218815678702878,15,1,1,-0.0403697869699413,0.211817761568719,1,1,-0.0553155407224006,0.189632082738833,1,1,0.10376259197823,0.23785389335986,1,1,-0.0406076908828742,0.254829540711645,1,1
"19",0.413402356099376,0.226936984657591,19,0,1,0.424566421233415,0.186764768970918,0,0,0.410485009291491,0.208592192813957,0,0,0.524840320388943,0.240071839079365,1,1,0.397585619505946,0.248278729273959,1,1
"20",0.549949429445966,0.232356024840794,19,0,0,0.537289254126197,0.230168094787635,0,0,0.549829619708709,0.205565065805203,0,0,0.553260553502267,0.228064764988132,0,0,0.507785236739604,0.237951285368648,0,0
"21",0.630305423737924,0.209040472381911,9,0,0,0.570104469021778,0.252783122086722,0,0,0.608493190994121,0.223794732913417,0,0,0.535330048226709,0.243252557515421,0,0,0.603387249833981,0.280114796807415,0,0
"22",0.0601764739332317,0.188228361032873,17,1,1,0.118727930171396,0.194012358597334,1,1,0.102221465664029,0.204967143072149,1,1,0.123556078225744,0.207240616164674,1,1,0.120309631742258,0.233673832654816,1,1
"23",0.665153778791999,0.194484238348241,11,0,0,0.732162108151282,0.222073562021463,0,0,0.723249749897025,0.199247947401959,0,0,0.573491359660756,0.226564169363845,0,0,0.616096616301974,0.233403999301057,0,0
"24",0.444991065149761,0.228461644039864,13,0,1,0.503488429983074,0.19333934971766,0,0,0.49572591507972,0.184141326868233,0,0,0.42076513216616,0.254127928857127,0,1,0.476056613986907,0.267309012427992,1,1
"25",0.75351019237607,0.210855192174978,15,0,0,0.757225231218819,0.213381101606126,0,0,0.741150473021216,0.202891118744842,0,0,0.803452201409731,0.253163683518038,0,0,0.756322229483968,0.251790453753507,0,0
"26",0.242814602712113,0.205570399653981,19,1,1,0.24197271046313,0.185714774751446,1,1,0.228224641936781,0.220032174022872,1,1,0.13430556394308,0.224618428114621,1,1,0.267116269668432,0.231964212482117,1,1
"27",0.11114647590999,0.205406129306943,9,1,1,0.10356521275086,0.199826070580253,1,1,0.109373140533548,0.194050178881061,1,1,0.134963670827566,0.200707981317067,1,1,0.130578203987002,0.21219141778146,1,1
"28",0.102591319143425,0.268388228884165,15,1,1,0.0763958758558899,0.207528400572281,1,1,0.0935526393866236,0.234830407895558,1,1,-0.139070565610267,0.218556236552043,1,1,0.11697917955633,0.22515612283439,1,1
"29",0.0654776648617265,0.242626893633846,1,1,1,0.38054030293223,0.179950642800644,1,0,0.366237281361552,0.177186336147426,0,0,0.0720131044132901,0.242217208218149,1,1,0.0654776648617265,0.246763428220404,1,1
"30",0.229498476853576,0.22217742736018,9,1,1,0.226824817014686,0.199650535966883,1,1,0.213683105201959,0.203965746842491,1,1,0.229995507052289,0.22704243215582,1,1,0.203911195946053,0.214303182588347,1,1
"31",0.0667110828476238,0.218334804810484,7,1,1,0.0373879090016049,0.197090247539909,1,1,0.0535094609350294,0.203888681794919,1,1,0.138788946769596,0.247433630859479,1,1,0.0905124751713162,0.237690140115462,1,1
"32",0.18881638036824,0.216329027650616,13,1,1,0.137674941826365,0.187592689236161,1,1,0.145257098292536,0.179459876190992,1,1,0.170402573311453,0.199800682794828,1,1,0.143377279068214,0.241828097234625,1,1
"33",0.54822242437946,0.235834459909896,9,0,0,0.627268963528994,0.217319119910614,0,0,0.623074030202279,0.20836446802289,0,0,0.74137062520179,0.267390691650562,0,0,0.615653674925147,0.244529289199947,0,0
"34",0.379891605036288,0.201712851830582,15,0,1,0.383267744743789,0.194666013366342,0,0,0.388946971399585,0.212650596398828,1,1,0.566468907376865,0.246245388003721,1,1,0.407999410155118,0.250071269118636,1,1
"35",0.11863350983311,0.196984848880117,15,1,1,0.0882783915569968,0.166771638517258,1,1,0.097960035040419,0.184096154976612,1,1,0.0414860574101384,0.207293038468982,1,1,0.101957859693933,0.205339060225125,1,1
"36",0.761612819107442,0.187462281254955,9,0,0,0.80561607148487,0.187884700685968,0,0,0.807977400839662,0.167385411391486,0,0,0.740626344039685,0.246162211527086,0,0,0.810159134417028,0.232229961975135,0,0
"37",0.407480290297394,0.215415143110196,17,0,1,0.400554204895569,0.215033897001148,1,1,0.397087791797491,0.197190290900341,0,0,0.632347010973119,0.24847271614474,1,1,0.396329846575835,0.231443198563521,1,1
"38",0.20051045839306,0.217467365644852,15,1,1,0.230104718244699,0.191337107920389,1,1,0.23276128799898,0.194227894368056,1,1,0.438538135361227,0.246885804009587,1,1,0.246926624481014,0.222839236148791,1,1
"39",0.126157820397898,0.188700757637169,17,1,1,0.135687951817279,0.182978115504258,1,1,0.12654884307022,0.216425516762337,1,1,0.0170492416652506,0.223347542976546,1,1,0.108186791955874,0.260258125268962,1,1
"40",0.371625826605513,0.226044257914278,13,1,1,0.395555156455298,0.196618826530362,0,0,0.390980019845666,0.179445959989066,1,0,0.200968018310128,0.236730092205941,1,1,0.338975685549071,0.230044659495704,1,1
"41",0.440187351242499,0.206774683368834,5,0,0,0.40624980419145,0.196172174211742,0,0,0.421489025259699,0.187118281894197,0,0,0.345386251596288,0.213909586190562,1,0,0.445192601650488,0.220565077146286,1,0
"42",0.19904059028618,0.208966249793253,9,1,1,0.149315731977742,0.198142224797055,1,1,0.159621046191764,0.218374345937765,1,1,0.206910003705855,0.247372053936645,1,1,0.166101512304946,0.230453609958689,1,1
"43",0.200586305032072,0.227469981474504,19,1,1,0.252790157845115,0.200336254825345,1,1,0.23530251763543,0.176680722037637,1,1,0.238191557927531,0.231822068222208,1,1,0.24759782391109,0.259213119228998,1,1
"44",0.103594575837785,0.244115976631735,7,1,1,0.151798246983651,0.201457324433253,1,1,0.152573994912058,0.18033025069434,1,1,0.342535924606655,0.241386352781034,1,1,0.198659578675989,0.25964262759367,1,1
"45",0.743992936867117,0.204840338684027,13,0,0,0.745018592951745,0.177357393454476,0,0,0.749854309515098,0.185267775727329,0,0,0.730235951625381,0.207400063425982,0,0,0.721956336805457,0.21409494079646,0,0
"46",-0.0826771480567414,0.20055139983677,1,1,1,0.052537470989353,0.200598704771617,1,1,0.0521401739589677,0.183634955904694,1,1,-0.116384744898505,0.213401006937545,1,1,-0.0826771480567414,0.209795937999409,1,1
"47",0.295724660351815,0.178859383986202,19,1,1,0.27448112305232,0.195260175081454,1,1,0.278023543782255,0.203645863533774,1,1,0.204473437559201,0.232145643038876,1,1,0.30752670826827,0.217001366606328,1,1
"48",0.341831592210652,0.188748065421411,19,1,1,0.298952210782894,0.175434138631247,1,1,0.302578447007226,0.200732132001775,1,1,0.297960219796692,0.267915064703669,1,1,0.316840717950238,0.190070612173572,1,1
"49",0.521706381766219,0.185677375532309,17,0,0,0.49186111884689,0.184078122269173,0,0,0.50664738478365,0.214299395189037,0,0,0.652453121593361,0.216942184093615,0,0,0.498674152643614,0.248442511892655,0,0
"50",0.0982229156250987,0.21349587437223,5,1,1,0.147998778026897,0.210791261536854,1,1,0.160759679540808,0.213652061152903,1,1,0.132766358097094,0.243574265993886,1,1,0.133563333235765,0.232323306259234,1,1
"51",-0.0176137646259207,0.170173390783724,11,1,1,0.0222166706159257,0.187045700851737,1,1,0.0134306486464914,0.19514644340253,1,1,0.194833816829428,0.237495980356537,1,1,-0.0142741017989691,0.210591940477086,1,1
"52",0.0482899556067648,0.203036182849538,19,1,1,0.0466447110848998,0.173383448261535,1,1,0.0333686373872296,0.169581904597126,1,1,0.147502104966849,0.243265461923927,1,1,0.031372870031216,0.222329352570728,1,1
"53",0.189248316025831,0.185880961918982,15,1,1,0.20072527103843,0.188545850538014,1,1,0.186977197877416,0.178924227073153,1,1,0.326191159854647,0.228651739806997,1,1,0.198282642782608,0.216107683421643,1,1
"54",0.672441700485299,0.210237779869745,9,0,0,0.68871936435994,0.19745596285735,0,0,0.695203985052357,0.212164491083468,0,0,0.91720636989564,0.24816455956144,0,0,0.727585767451886,0.251115582231077,0,0
"55",0.32507741980272,0.233457824035474,11,1,1,0.329710560163185,0.186912035515661,1,1,0.349956542885858,0.179383274841611,0,1,0.340708085277461,0.230012676764837,1,1,0.311296850664276,0.258452817886884,1,1
"56",0.0603426542428115,0.205271796445374,11,1,1,-0.000674219005778655,0.19286718149225,1,1,-0.0227564710685235,0.208135833822715,1,1,-0.0812778823527917,0.219244140733971,1,1,0.0183645293584229,0.244811737901549,1,1
"57",0.706213866827233,0.212487040512365,17,0,0,0.653676513440358,0.174174650404952,0,0,0.65930744874638,0.218457656536664,0,0,0.501640237932668,0.217859162566194,0,0,0.630231304525134,0.250507265830897,0,0
"58",0.42080684656101,0.221267244524607,13,0,1,0.346107746818761,0.183661703237116,1,1,0.36075774774288,0.194473384990116,0,1,0.548117645286134,0.259710297522191,1,1,0.35723445788522,0.239740589145885,1,1
"59",-0.0399291555208131,0.227057517128475,11,1,1,0.000238081335979176,0.200200792561846,1,1,0.0185173663763268,0.208370037713505,1,1,-0.122278603994479,0.220957691509291,1,1,0.024223139195185,0.275959425217492,1,1
"60",0.319446772073182,0.220842468038802,13,1,1,0.313621524280773,0.217152612027759,1,1,0.311482928421954,0.184752877940579,0,1,0.220675702155359,0.255292244375452,1,1,0.312624983530547,0.200829843533226,1,1
"61",0.2757828755029,0.22991829635633,17,1,1,0.262928343024213,0.223691419120094,1,1,0.270353086611379,0.205406867909944,1,1,0.371454830511528,0.266464879634202,1,1,0.286440496549957,0.268454585773911,1,1
"62",0.0764514444810535,0.208679504602373,9,1,1,0.0270295820296527,0.178679824404178,1,1,0.0338142805610503,0.165457480631337,1,1,0.0777848221510063,0.232832888988109,1,1,0.0774813350994402,0.214208374101611,1,1
"63",0.420769665701297,0.182120876614835,19,0,0,0.449484123964989,0.20326946608788,0,0,0.44485370829036,0.187572824177471,0,0,0.42393102211274,0.229031606074457,0,1,0.409173082935424,0.225134223278252,0,1
"64",0.475631442393099,0.186220237631397,19,0,0,0.476601639261597,0.191515164730944,0,0,0.479481409591743,0.190972992203397,0,0,0.338219832704037,0.240159599174146,1,0,0.487470245111248,0.231269367975561,0,0
"65",0.402028792593615,0.175126227177483,17,0,0,0.435191207433798,0.187580377178746,0,0,0.425674893407128,0.179832185157128,0,0,0.502358107200826,0.21555735704815,0,0,0.389218773822873,0.205254924987091,0,1
"66",0.525115217023907,0.215166008249065,7,0,0,0.53348360710439,0.196496343903766,0,0,0.545127947599863,0.207226813569405,0,0,0.344750849499745,0.26223350993008,0,0,0.511576530683499,0.281559198528333,0,1
"67",0.123321754334397,0.212508969530533,3,1,1,0.164600064563925,0.207704108388256,1,1,0.177197381487345,0.188033699999438,1,1,0.103987048514513,0.235004424758059,1,1,0.154078942137578,0.25469078462738,1,1
"68",0.315998205707122,0.208153488095134,17,1,1,0.369398850347635,0.207269164030427,1,1,0.378722001172979,0.17767594656817,0,0,0.307406662235529,0.24729647488742,1,1,0.368385288228436,0.21917694994144,0,1
"69",0.615805471466588,0.215065009618602,13,0,0,0.532120980515845,0.187903173498958,0,0,0.535093054109119,0.209470612218404,0,0,0.675357983931831,0.227117381425238,0,0,0.564370718275172,0.225003554355326,0,0
"70",0.0409484192135776,0.184537000069566,13,1,1,0.193870413964035,0.201819670823329,1,1,0.194942507615044,0.211621447403777,1,1,0.32643681831129,0.215743613030336,1,1,0.111977647683002,0.206555126388493,1,1
"71",0.593516540841441,0.208114450718583,5,0,0,0.679078710883285,0.217238737809596,0,0,0.679369210160785,0.179976894604437,0,0,0.452998009280775,0.234846301477881,0,0,0.639039973193892,0.222956002352884,0,0
"72",0.0780045852115524,0.165693617765207,13,1,1,0.00157468247107337,0.233847139140461,1,1,0.0111550703447992,0.233384030349769,1,1,0.113991679338515,0.285004815090376,1,1,0.0576903125345037,0.233693328508825,1,1
"73",0.428037544614422,0.206716835383896,17,0,0,0.398507421884984,0.197339078361976,0,0,0.402016611848328,0.186979049869248,0,0,0.382644662737126,0.234306892676775,1,1,0.394663584299242,0.222367175669609,0,1
"74",0.473077487071321,0.180542292716706,17,0,0,0.590651848775811,0.189049590904972,0,0,0.591040897987517,0.186977766445993,0,0,0.353330852519909,0.217252331324114,0,0,0.51770668088291,0.200199333773682,0,0
"75",0.239846758642702,0.197050821529207,5,1,1,0.188258871859826,0.188538658725298,1,1,0.174619568012882,0.20668600717399,1,1,0.189696103529584,0.223583180434655,1,1,0.168719536929471,0.236403858141518,1,1
"76",0.478954513446683,0.205790671839762,17,0,0,0.474083208364937,0.18867797714631,0,0,0.474335131105444,0.211011021508317,0,0,0.454933259292381,0.227197678446783,1,0,0.474959619317244,0.215805705881291,0,0
"77",0.389844273835785,0.170590518081638,9,0,0,0.386155814905775,0.20526547692192,0,1,0.374038385142766,0.192653470595818,0,1,0.380057213865112,0.236673466374472,1,1,0.383245349962056,0.226268312709455,1,1
"78",0.402968072727901,0.257157580335988,3,1,1,0.462745515180599,0.188772680608475,0,0,0.475418128753748,0.237196891288608,0,0,0.461256934597966,0.215314778418303,0,0,0.40936277736022,0.256398414423667,1,1
"79",0.766045324768625,0.23805592024448,15,0,0,0.684778874686901,0.176892289027176,0,0,0.69118028496941,0.18383619247544,0,0,0.7907879298786,0.224554691847379,0,0,0.711736169037622,0.228442503747704,0,0
"80",0.334335586190922,0.228325257091239,1,1,1,0.15390933920409,0.187496292553477,1,1,0.167571189506086,0.169751899367036,1,1,0.339904371258888,0.225670107407407,1,1,0.334335586190922,0.221839565126988,1,1
"81",0.0250758007143686,0.230236283121433,11,1,1,0.0510104742360615,0.212966470302767,1,1,0.0438644778079491,0.217746076006455,1,1,0.0669954827024002,0.233676855383678,1,1,0.0508649971175943,0.238211200710884,1,1
"82",0.671300415084165,0.219468488965302,9,0,0,0.72015671038776,0.172383365133567,0,0,0.702719070009571,0.182473964850901,0,0,0.815831474168943,0.215274680718055,0,0,0.714419828042128,0.217691998180904,0,0
"83",0.352420151049645,0.216105522351737,13,0,1,0.440998485560298,0.192966072004121,0,0,0.422367309858336,0.170579238274271,0,0,0.627052751201356,0.24854111292608,1,1,0.488407968749858,0.244556956655146,1,0
"84",0.0563400286867498,0.206164312184761,15,1,1,0.111024025815469,0.163122124416485,1,1,0.131255094609496,0.162866745820713,1,1,0.0332260029551144,0.261474174957947,1,1,0.158924717247303,0.246697119885219,1,1
"85",0.399512257024881,0.238675597962934,9,1,1,0.456850389510886,0.220026369160154,0,0,0.443902537551795,0.216010850163749,0,0,0.621229221571074,0.239366072111372,1,1,0.454585519795139,0.208967686287841,0,0
"86",0.143062786382702,0.194048303539948,15,1,1,0.165186671676964,0.178441563683141,1,1,0.168115044674248,0.206946704133716,1,1,0.217238229569821,0.238977831200489,1,1,0.216269043595581,0.250222072776478,1,1
"87",0.226280432243284,0.19092590269876,17,1,1,0.200489321561501,0.207754244824708,1,1,0.205125809577485,0.186014184197481,1,1,0.187341570460718,0.250351476175693,1,1,0.126494800162682,0.235670785977555,1,1
"88",0.0314570367316545,0.229744294847657,15,1,1,0.0125663058579811,0.197652931080202,1,1,0.0228684883902599,0.207191861305807,1,1,0.00813765515012253,0.242466366269873,1,1,0.0260715077911234,0.227207411785395,1,1
"89",0.216839599772152,0.19658952678446,17,1,1,0.175439651629205,0.214269489014264,1,1,0.165506357668074,0.191258414043324,1,1,-0.00200308821978493,0.218024087763679,1,1,0.203796763297904,0.242692745974252,1,1
"90",0.684023139465936,0.205768259119181,1,0,0,0.425009271405669,0.200715301541964,0,0,0.435703841401584,0.196062406539378,0,0,0.710651177845207,0.244981881741222,1,1,0.684023139465936,0.228374039558912,1,0
"91",0.0763041501935672,0.206711581422944,5,1,1,0.124233509255195,0.186022933820133,1,1,0.140133065616575,0.172291194814242,1,1,0.146620275766879,0.239929669316732,1,1,0.141155996124592,0.22741283020803,1,1
"92",0.0505515278007958,0.193440365466969,15,1,1,0.0585358947997489,0.169421516585401,1,1,0.0427266266283152,0.188028635778978,1,1,0.0112771965114399,0.21145519931834,1,1,0.0528080466303898,0.234825694993004,1,1
"93",0.0633220065832538,0.204339958556445,9,1,1,0.12233265895134,0.177789715966765,1,1,0.122888454845574,0.197615029320421,1,1,0.344109237480969,0.211870540525525,1,1,0.14372131447354,0.209251151837569,1,1
"94",0.4179864135719,0.205305728714956,17,1,0,0.365972203920144,0.206075334271772,1,1,0.378393068708418,0.250779793405956,1,1,0.333151315923229,0.254017206566683,1,1,0.362704910663906,0.227000560247591,1,1
"95",0.696872799436688,0.19136383762165,19,0,0,0.64136921620471,0.191100594019831,0,0,0.637943337381437,0.199937394346082,0,0,0.58208366641692,0.232709396689691,0,0,0.649718882221265,0.266333715434269,0,0
"96",0.152486892959437,0.22288225082449,15,1,1,0.146653919699409,0.211648171346744,1,1,0.144321891765288,0.195461540890341,1,1,0.1736526313474,0.246405672353822,1,1,0.135985747236335,0.257260602213738,1,1
"97",0.427663922329226,0.21800295077987,13,0,0,0.349492459800409,0.201808080155061,1,1,0.353387849589483,0.181759622917599,1,1,0.18792084467386,0.229221111507645,1,1,0.394632978820563,0.229556889408455,0,1
"98",0.458496387660374,0.207821073831861,15,0,0,0.455307652553681,0.196816545523869,0,0,0.446353905774193,0.221779172636334,0,0,0.403359189490574,0.203803620109671,0,0,0.43308089038795,0.223508066572548,0,1
"99",0.14199779984182,0.21737438578545,5,1,1,0.153592552362277,0.192248168449573,1,1,0.164964601730505,0.188595501596129,1,1,0.00382179224318202,0.232091015876639,1,1,0.145769801073956,0.224730624780024,1,1
"100",0.523959393958269,0.215810937123131,3,0,0,0.525081110859376,0.20045453909152,0,0,0.506353003502475,0.20957812479693,0,0,0.535664816542895,0.269107780926349,0,1,0.51683599896671,0.219179846508152,0,0
