"","V1","V2","V3","V4","V5","V6","V7","V8","V9","V10","V11","V12","V13","V14","V15","V16","V17","V18","V19","V20","V21"
"1",0.206793916411319,0.206765459509629,9,1,1,0.245374869203424,0.192560878313577,1,1,0.241028100366154,0.181360991519578,1,1,0.135890987590691,0.245193975646574,1,1,1,1,1,1
"2",0.0324038239738228,0.213608650204599,13,1,1,0.0862252431279774,0.187485784119515,1,1,0.0705446177432301,0.210650726833504,1,1,0.102683324032772,0.210209100954988,1,1,1,1,1,1
"3",0.521612750661577,0.205133668290946,19,0,0,0.404848070508184,0.224958325744034,1,1,0.413952749004397,0.237534832775364,1,1,0.398401891513255,0.280150826692266,0,1,1,1,1,1
"4",0.041902274097108,0.211281549983165,19,1,1,0.0592930597823643,0.206482052056177,1,1,0.0707970017476577,0.193770697148762,1,1,0.126102925241082,0.238595574006481,1,1,1,1,1,1
"5",0.43295981258842,0.210590412693367,17,0,0,0.446612064361118,0.199063178151626,0,0,0.451875495190696,0.216913010472062,0,0,0.371809990452762,0.252406425474709,1,1,1,1,1,1
"6",0.505222332422413,0.222828366603277,7,0,0,0.691536447926768,0.206736702119309,0,0,0.666821990873819,0.193388247686205,0,0,0.506589265211809,0.189584263927805,0,0,1,1,1,1
"7",0.0245112443954085,0.179865862512197,11,1,1,0.048459853282865,0.175980892982428,1,1,0.0298970924455062,0.179568940116523,1,1,0.0826209220233693,0.194556200886577,1,1,1,1,1,1
"8",0.418629048341847,0.20813806112355,15,1,0,0.34611135204213,0.16930030682504,0,0,0.34662109397498,0.197314359944132,1,1,0.310710495969747,0.233849327536891,1,1,1,1,1,1
"9",0.0919136417131467,0.22735686385146,15,1,1,0.046931891516719,0.225281287233166,1,1,0.0643543582496282,0.20195385518896,1,1,-0.199427741178051,0.231817392993777,1,1,1,1,1,1
"10",0.426019175714047,0.207436307336081,13,0,0,0.477385705369398,0.195055191603527,0,0,0.481722577541349,0.213259093863119,0,0,0.237723712592397,0.256409800331869,0,1,1,1,1,1
"11",0.323185438186968,0.229169597180343,11,1,1,0.250109027153824,0.182655982808978,1,1,0.251822594870099,0.185192154772161,1,1,0.251714551693886,0.250715643991141,1,1,1,1,1,1
"12",-0.00889563291083188,0.265517505102762,1,1,1,-0.0575659654745295,0.222803069739568,1,1,-0.0422083211869206,0.230342881163716,1,1,0.0176949040814375,0.233343475395175,1,1,1,1,1,1
"13",0.678260421728385,0.191852638662028,17,0,0,0.740362251760813,0.186645687387433,0,0,0.722537752121253,0.178221151226654,0,0,0.968237624118306,0.233892965738925,0,0,1,1,1,1
"14",0.367530802264317,0.243295403886517,7,1,1,0.375534255797967,0.167738809753077,0,0,0.361866502541867,0.197096385500119,1,1,0.308857463699651,0.240283443706705,1,1,1,1,1,1
"15",0.396124536124026,0.221870882662841,5,0,1,0.311540663879087,0.20782517326008,1,1,0.323089599835847,0.205012566187972,1,1,0.555498125777379,0.257666776767737,1,1,1,1,1,1
"16",0.268812495362287,0.194710797449135,17,1,1,0.291515204182031,0.195912889991453,1,1,0.272140127695925,0.231574894234548,1,1,0.516308817292519,0.277455831688793,1,1,1,1,1,1
"17",0.439179862757988,0.176274103488957,17,0,0,0.43013820687304,0.182323932914989,0,0,0.418965308994853,0.162010368772717,0,0,0.453510185096888,0.216777526830214,0,1,1,1,1,1
"18",0.392138874954314,0.196366237022385,19,1,0,0.373960379924406,0.199936564509011,0,1,0.38070660695972,0.20568500284338,0,1,0.217406390233356,0.2595079359906,1,1,1,1,1,1
"19",0.352690997465385,0.195932697267933,19,1,1,0.346898774118507,0.203940704546517,1,1,0.352166714992734,0.232065775145792,1,1,0.442261971798892,0.233932520148568,1,1,1,1,1,1
"20",0.432117929564036,0.192802404785838,11,0,0,0.447736107971545,0.188029801334662,0,0,0.456373380349253,0.21143535419768,0,0,0.359655983867866,0.254363584885103,0,1,1,1,1,1
"21",0.255307692426815,0.192691189442077,11,1,1,0.281973118107849,0.185990344093575,1,1,0.295597321822615,0.200123975664182,1,1,0.463134465645757,0.244239440798534,1,1,1,1,1,1
"22",0.333253756952266,0.183086637063802,7,1,1,0.308563073026237,0.191253119559089,1,1,0.309261649945773,0.201683022223156,1,1,0.34857626497245,0.224615285138099,0,1,1,1,1,1
"23",0.200028868544048,0.224658786656023,7,1,1,0.201452723572979,0.202308879213764,1,1,0.206207753358778,0.192760156579712,1,1,0.39704123758419,0.249917444100311,1,1,1,1,1,1
"24",0.375785193774885,0.25473862391431,1,1,1,0.287644543621603,0.195681024164759,1,1,0.289652115319843,0.196928367922667,1,1,0.383830171806427,0.2438896654671,1,1,1,1,1,1
"25",0.436128623205854,0.224273059068252,7,1,1,0.432144884346892,0.196639428813491,0,0,0.440235762511481,0.162333083852713,0,0,0.564949089031901,0.211853240411523,1,0,1,1,1,1
"26",0.341843741045738,0.211369231357403,13,1,1,0.320572592457822,0.198381896117229,1,1,0.315855211545219,0.207465436806263,1,1,0.472110680168782,0.24194406618999,1,1,1,1,1,1
"27",0.190418752059836,0.196484714369999,19,1,1,0.18610009037025,0.232555695053701,1,1,0.202984072114861,0.195437683708727,1,1,0.287350723507024,0.25681657870649,1,1,1,1,1,1
"28",0.562307565730591,0.20763170487615,7,0,0,0.532228905749153,0.210347644135991,0,0,0.521388902237143,0.195341678012358,0,0,0.560087820907879,0.242347941383281,0,0,1,1,1,1
"29",0.000604469321491633,0.240084368339434,3,1,1,0.0180920487669932,0.191826624637427,1,1,0.0288403789601847,0.178262463920432,1,1,-0.0217680901704779,0.256609961395001,1,1,1,1,1,1
"30",0.303975710144892,0.194452332345757,17,1,1,0.261372307586181,0.166138779225791,1,1,0.267690382278218,0.187297437360814,1,1,0.223975953003807,0.204251651421927,1,1,1,1,1,1
"31",0.326186966467762,0.224481076004716,5,1,1,0.287055553393357,0.208006583461776,1,1,0.295014048641806,0.216753148252048,1,1,0.423261209637736,0.235183063641835,1,1,1,1,1,1
"32",-0.060507893267376,0.219881626819525,1,1,1,-0.0596101630201216,0.175119163513093,1,1,-0.0479636132642645,0.216102747158631,1,1,-0.0470899329183463,0.228447559013515,1,1,1,1,1,1
"33",0.0710889198733634,0.187254857372041,15,1,1,0.0911500275650972,0.183903417377165,1,1,0.0745585889872361,0.198590630424587,1,1,-0.0746042794383519,0.207905720803759,1,1,1,1,1,1
"34",0.133175559206276,0.172629672178205,19,1,1,0.155936161292732,0.195536966641532,1,1,0.151083243401631,0.172038934631734,1,1,0.264535175522044,0.238481807842139,1,1,1,1,1,1
"35",0.2585560583141,0.211676059346704,5,1,1,0.268979408087822,0.195592647003391,1,1,0.298796280193759,0.194658997520365,1,1,0.380232476631289,0.221750534546163,1,1,1,1,1,1
"36",0.658281632203517,0.187664842474454,19,0,0,0.623835848172201,0.202518532371747,0,0,0.623393766026107,0.208361234039192,0,0,0.666454056038729,0.25596544592073,0,0,1,1,1,1
"37",0.180757748461565,0.215308956687927,5,1,1,0.135765317450828,0.151606625743938,1,1,0.134768159322805,0.198189937246112,1,1,0.234415139296113,0.236663248309906,1,1,1,1,1,1
"38",0.261471265136363,0.187292334175192,15,1,1,0.226823881564118,0.210496294212055,1,1,0.222189367203065,0.187647481916842,1,1,0.160746862671001,0.258202839901677,1,1,1,1,1,1
"39",0.436038954214579,0.204796850766858,17,0,0,0.439217635564741,0.191572576393306,0,0,0.428309018365994,0.216128446920275,0,0,0.343647368441471,0.236097867018992,0,1,1,1,1,1
"40",0.43510021793413,0.209793894628321,11,0,0,0.491747899056096,0.218246287902613,0,0,0.48969255404497,0.186736331565055,0,0,0.441042608424995,0.234170187581294,0,0,1,1,1,1
"41",0.512479387327928,0.192093653742093,13,0,0,0.495539744434204,0.201180648424637,0,0,0.494054459252841,0.184254378308478,0,0,0.619595881387656,0.216360140135817,0,0,1,1,1,1
"42",0.207259432069696,0.178228232348743,19,1,1,0.19480797147842,0.172328474080598,1,1,0.182399675312425,0.181723771931448,1,1,0.353194366638079,0.197363905075215,1,1,1,1,1,1
"43",0.60069231832551,0.199189178724183,7,0,0,0.542191460524427,0.180738737847422,0,0,0.545001669501338,0.187558649050342,0,0,0.44731391117771,0.205021059594156,0,0,1,1,1,1
"44",0.182284292389588,0.197448433745909,17,1,1,0.20858042922592,0.200356804235949,1,1,0.220457559424532,0.194625052303782,1,1,0.32241029602308,0.240701247849121,1,1,1,1,1,1
"45",0.320103837087662,0.205453518739023,1,0,1,0.36227271041868,0.184072428398456,1,0,0.3614385274293,0.190658233557949,0,1,0.302203811657739,0.247814040269964,1,1,1,1,1,1
"46",0.331889766417522,0.234438276612091,19,1,1,0.283679416687923,0.185353779005391,1,1,0.30818677639691,0.181747647842257,1,1,0.440396637550899,0.222870579351313,1,1,1,1,1,1
"47",0.187960862020392,0.216256478556138,11,1,1,0.256807842243319,0.193009859433862,1,1,0.252789275807011,0.205704841077884,1,1,0.18408598860915,0.24713666738275,1,1,1,1,1,1
"48",0.450292859774983,0.199392170145442,9,0,0,0.452179350680073,0.183846296391466,0,0,0.464596921699936,0.21191380339887,0,0,0.613110851723616,0.230583234945609,1,0,1,1,1,1
"49",0.615385695387951,0.232663968014087,17,0,0,0.616062094597865,0.217999936001532,0,0,0.606349561611362,0.204637755489586,0,0,0.634822212385715,0.224597147330968,0,0,1,1,1,1
"50",0.132790640578819,0.168730675673904,9,1,1,0.100358242066242,0.173116811642624,1,1,0.0959883836137478,0.17280664918239,1,1,0.253545642440352,0.224660215655355,1,1,1,1,1,1
"51",0.488299465407592,0.215048578137488,9,0,0,0.45892935584438,0.173068396142226,0,0,0.467099573161635,0.225492175702723,1,0,0.727792893993283,0.255993546598097,1,1,1,1,1,1
"52",0.564739949172282,0.216737058793459,15,0,0,0.492508807904257,0.190921260995222,0,0,0.494607432351744,0.206894382156591,0,0,0.588108112232257,0.258659101382156,0,1,1,1,1,1
"53",0.27434839374077,0.187722344317013,17,1,1,0.242003306419719,0.194332517236624,1,1,0.216079942312628,0.204517597741654,1,1,0.311787337735024,0.243395842796814,1,1,1,1,1,1
"54",0.287941374869196,0.213241137298638,5,1,1,0.267068028997979,0.19871115344878,1,1,0.31368014101296,0.204196000487831,1,1,0.269256818059516,0.223626046173702,1,1,1,1,1,1
"55",0.449973510504432,0.21891399806117,5,0,0,0.469135763708177,0.191897049450167,0,0,0.451622967384047,0.195021264338875,0,0,0.409856993680981,0.23919299520036,0,1,1,1,1,1
"56",0.264845549927535,0.199486372071945,9,1,1,0.204551109951478,0.220114118165344,1,1,0.217224322207446,0.21351523761805,1,1,0.35955462525594,0.253071814479114,1,1,1,1,1,1
"57",0.120043952200212,0.198998586309979,17,1,1,0.0590033205565444,0.206636269028448,1,1,0.0584598129092421,0.194747334831654,1,1,0.121175740297996,0.253475800452011,1,1,1,1,1,1
"58",0.524793888388741,0.238052310859868,9,0,0,0.4789938178023,0.202736799910206,0,0,0.487610836785647,0.226736689699239,0,0,0.557182802282598,0.184479924591546,0,0,1,1,1,1
"59",0.105639559531243,0.219205123187006,3,1,1,0.16386953641012,0.19849962311739,1,1,0.176701788430553,0.199441038317181,1,1,0.0466355034073458,0.248569014559044,1,1,1,1,1,1
"60",0.303837642922457,0.219282328487911,11,1,1,0.241335126440475,0.196469080472377,1,1,0.257903394224143,0.212336151512521,1,1,0.358971445870064,0.23141765086242,1,1,1,1,1,1
"61",-0.0784348280901454,0.199348249388819,13,1,1,-0.0597413824473315,0.237772231482958,1,1,-0.0527919933897606,0.196974085684663,1,1,-0.0151139994665215,0.258082253056155,1,1,1,1,1,1
"62",0.0922662562369083,0.20560154739213,15,1,1,0.0698992562034436,0.213681581791708,1,1,0.0867848275350685,0.175464870104698,1,1,0.105351903110832,0.224460845814993,1,1,1,1,1,1
"63",0.232827551954018,0.187356536373466,19,1,1,0.300290336815314,0.207313602274356,1,1,0.263665627328437,0.211279892510195,1,1,0.257399651817427,0.242545989362941,1,1,1,1,1,1
"64",0.490207943805198,0.222233343004361,13,0,0,0.485880046691446,0.185005311328764,0,0,0.490187886306167,0.203765453229811,0,0,0.623988060006247,0.237715394586401,1,0,1,1,1,1
"65",0.368964395836899,0.219655475002304,13,0,1,0.350701163823493,0.184265984640634,0,1,0.353502562624505,0.156392417424887,0,0,0.47472077930092,0.227128098021137,1,1,1,1,1,1
"66",0.509354263533596,0.228887389683051,9,0,0,0.510855052620011,0.202338006972758,0,0,0.488619503620557,0.222925885712578,0,0,0.500470522784175,0.286382457033936,0,1,1,1,1,1
"67",0.285616129460118,0.241196328070409,13,1,1,0.262511213598046,0.227669156225685,1,1,0.256362413746076,0.213023726806459,1,1,0.224388254808545,0.250788691407183,1,1,1,1,1,1
"68",-0.0663455833377468,0.215053620740497,15,1,1,-0.0587809576260258,0.184711388470203,1,1,-0.0450492729693413,0.189297853491059,1,1,-0.100226536155982,0.235266387931006,1,1,1,1,1,1
"69",0.464995239481269,0.204168518763828,3,0,0,0.42679793559547,0.175290774666369,0,0,0.43890482186136,0.215963108300069,0,0,0.447106773674105,0.233742930865939,0,1,1,1,1,1
"70",0.746155134906424,0.209543917674143,9,0,0,0.710637751633636,0.215120979521051,0,0,0.727886088468783,0.214588218286342,0,0,0.801427001060726,0.222702340468524,0,0,1,1,1,1
"71",0.181804357214306,0.195216747116606,7,1,1,0.134157367293409,0.186283255093065,1,1,0.138446693974874,0.176774935904458,1,1,0.129888530453568,0.222314027903785,1,1,1,1,1,1
"72",0.326389661724115,0.215847363436734,9,1,1,0.357778942794122,0.191364853447629,1,1,0.358789047842091,0.204903864675512,1,1,0.454897640027602,0.207778976590702,1,1,1,1,1,1
"73",0.0245184785535662,0.218422993846925,15,1,1,-0.0434722668253094,0.209795670268175,1,1,-0.0383545277030482,0.197870739890026,1,1,-0.083215638931149,0.22373517349058,1,1,1,1,1,1
"74",0.405749280611658,0.23628074795966,15,1,1,0.398096767407075,0.215339281041129,0,1,0.424001582213132,0.196566154965664,0,0,0.33014958883533,0.242573701937024,1,1,1,1,1,1
"75",0.177057647513971,0.206878904889231,7,1,1,0.144961445773513,0.200905372276978,1,1,0.118753102010189,0.185431831274132,1,1,0.16299686386137,0.210013592450314,1,1,1,1,1,1
"76",0.364820440031529,0.196453271621955,7,0,1,0.434168374648999,0.193155072028021,0,0,0.421173943718444,0.210632313277154,1,0,0.389864692813295,0.253710783204947,1,1,1,1,1,1
"77",0.246500644281378,0.242532703059994,15,1,1,0.343313140308602,0.222486078020259,1,1,0.345752039418995,0.208727218078923,0,1,0.0249615331252682,0.253392656381945,1,1,1,1,1,1
"78",0.454918306591033,0.202869424050604,19,0,0,0.39958033780589,0.173017616011765,0,0,0.403147455602991,0.174898057131715,0,0,0.424786837430758,0.211888609741237,0,1,1,1,1,1
"79",0.518136612560339,0.238873511663038,7,0,0,0.447185366928505,0.206753962841529,1,0,0.450230552216191,0.226298528587183,0,0,0.490955711142808,0.241229073758781,1,1,1,1,1,1
"80",0.244312289241745,0.203269916593554,19,1,1,0.309009493469075,0.197819301325526,1,1,0.292220761490136,0.177588544213309,0,1,0.400762155394545,0.243053670274311,1,1,1,1,1,1
"81",0.396508014531054,0.216162830779495,15,1,1,0.355201867287835,0.176779313822949,0,0,0.380090725922946,0.204620921110371,0,1,0.0398844035852908,0.234182384400802,1,1,1,1,1,1
"82",0.622785621142398,0.195262267785229,13,0,0,0.554588865382263,0.201258331373739,0,0,0.569488911746295,0.200774635023466,0,0,0.689740477412822,0.249363682835571,0,0,1,1,1,1
"83",0.694088079559626,0.195046928247543,19,0,0,0.748720839768167,0.19040825855292,0,0,0.75359687066426,0.198586176033686,0,0,0.828888948039601,0.21809414933044,0,0,1,1,1,1
"84",0.0992416072176061,0.227577196542144,7,1,1,0.123553383137964,0.230058134700919,1,1,0.123708082688702,0.177491732028459,1,1,0.182710911437471,0.214621958604755,1,1,1,1,1,1
"85",0.157930413857832,0.194680685564191,17,1,1,0.122477221600671,0.217565401434748,1,1,0.127847142422392,0.209032012666355,1,1,0.0658549651470576,0.207757105834899,1,1,1,1,1,1
"86",0.173965071889947,0.231539921912727,3,1,1,0.176101076196673,0.205135700973965,1,1,0.171663746630549,0.235318247730774,1,1,0.21609199668163,0.241363027098276,1,1,1,1,1,1
"87",0.372582678978143,0.182037672017546,15,0,0,0.432585655004789,0.204258052072464,0,0,0.415893559110984,0.192144187743969,0,0,0.630775085505675,0.256219545664127,1,1,1,1,1,1
"88",0.500254846494843,0.259017439433452,5,0,1,0.53770181975277,0.203648885935458,0,0,0.535396090914917,0.179706542417419,0,0,0.493192818044149,0.227168592391229,0,0,1,1,1,1
"89",0.262071231461048,0.217786653572113,9,1,1,0.282048252484471,0.204945905367205,1,1,0.269920230280154,0.203403541176453,1,1,0.137434350262529,0.212476275992337,1,1,1,1,1,1
"90",0.564620473194667,0.20232341247364,19,0,0,0.476234580233449,0.214554923482645,0,0,0.482088063588795,0.227473297713696,0,0,0.703283939722278,0.268586292561268,1,1,1,1,1,1
"91",0.675362433437412,0.20319034359392,11,0,0,0.636792881097142,0.19183876290165,0,0,0.655171985032272,0.193889267652756,0,0,0.591027876070528,0.19305354978536,0,0,1,1,1,1
"92",0.154330796615858,0.282964109070454,11,1,1,0.315643026662774,0.172291001116565,0,1,0.320558933794411,0.219676295744815,1,1,0.338501816539334,0.26478573912421,1,1,1,1,1,1
"93",0.0131892468611529,0.200690178921953,19,1,1,0.00309374143993583,0.211624230153989,1,1,0.00517849063182479,0.182525023434381,1,1,0.192903640309393,0.215728659403951,1,1,1,1,1,1
"94",0.45686605170351,0.201555867903869,5,0,0,0.429880370160676,0.210496316832793,1,0,0.428178999386789,0.186114689275274,0,0,0.590826258827066,0.225557280799697,0,1,1,1,1,1
"95",0.457304040674531,0.253969934733049,3,0,1,0.551637893787289,0.197993071575329,0,0,0.55698416889646,0.215143359359259,0,0,0.364529761259564,0.259513796221034,0,0,1,1,1,1
"96",0.3867162629929,0.220759669967643,11,1,1,0.416391754449768,0.189787319961817,0,0,0.416507995501698,0.225360032216771,1,1,0.396162362997761,0.222856276033655,1,1,1,1,1,1
"97",0.328960384605183,0.224680791539074,7,1,1,0.340102353044801,0.202557773398723,1,1,0.338021242380572,0.186202871784913,0,1,0.313833015000805,0.259891534780504,1,1,1,1,1,1
"98",0.0234354872377726,0.211328819713671,19,1,1,0.0847071297644892,0.199067796356174,1,1,0.0779949532395632,0.22234989284552,1,1,0.0807705524264473,0.235983740175205,1,1,1,1,1,1
"99",-0.161246770822761,0.198316596546015,15,1,1,-0.0733477013091234,0.181192689998708,1,1,-0.0945277269117697,0.197857075265094,1,1,-0.117886936747548,0.218753633854306,1,1,1,1,1,1
"100",0.305347074778981,0.200360821573505,19,1,1,0.297896838647908,0.202020572347394,1,1,0.293652496264106,0.227770739748587,1,1,0.530437623323607,0.248138708642886,1,1,1,1,1,1
