"","V1","V2","V3","V4","V5","V6","V7","V8","V9","V10","V11","V12","V13","V14","V15","V16","V17","V18","V19","V20","V21"
"1",-0.0492509540253176,0.203905604951921,13,1,1,-0.112592528445193,0.186699703250615,1,1,-0.142082641135555,0.197572944292996,1,1,-0.0598482820114113,0.227538045130938,1,1,0.173148015406054,0.244423614252495,1,1
"2",0.320572153432041,0.29453696764281,3,1,1,0.338384073645926,0.244213357026525,1,1,0.337254748172268,0.251480983872165,1,1,-0.0783848716685335,0.314266337666126,1,1,0.474255283276764,0.322325703301412,1,1
"3",0.293113899549021,0.204918412879465,9,0,1,0.301477260182519,0.196752609515795,1,1,0.340928910021294,0.194510691292132,1,1,0.345558247858149,0.243706568056258,1,1,0.58674174475109,0.249218319318624,1,0
"4",0.0881091397783206,0.213126468698593,17,1,1,0.128129967845622,0.215602479428514,1,1,0.148898173216267,0.228555374670265,1,1,0.179758825479588,0.26574538851058,1,1,0.397257262373634,0.278830914987315,1,1
"5",-0.00225939534228235,0.26023955302953,17,1,1,-0.393241496761391,0.456986679870618,1,1,-0.369550066653652,0.400196719774527,1,1,0.241551650013058,0.273520414457873,1,1,0.126535539884222,0.272540057413139,1,1
"6",0.0746019174346341,0.247974395625683,1,1,1,-0.0710698658470962,0.210436577760573,1,1,-0.0706318857903431,0.209459828869292,1,1,0.0944490630889337,0.236038782732051,1,1,0.0746019174346341,0.234178070092239,1,1
"7",0.409910232522426,0.251855503446873,7,1,1,0.240226511466751,0.205182998900897,1,1,0.241773574860969,0.216244893749492,1,1,0.232095822982813,0.265675542790031,1,1,0.435847784493552,0.2679645438295,1,1
"8",0.13510301148611,0.233648766485321,19,1,1,0.316334735251812,0.223150977493245,1,1,0.301548850606727,0.227945959848244,1,1,0.402892347482,0.285539079649039,1,1,0.485646439626231,0.30248540912857,1,1
"9",0.0303738693013569,0.206789377822684,9,1,1,0.199721234577051,0.221001785640662,1,1,0.211407009016813,0.240729500470606,1,1,-0.0611420242804534,0.219549031381052,1,1,0.370742652808157,0.237997529361929,1,1
"10",-0.519320742320484,0.239820874271972,7,0,0,-0.645692096556546,0.272665769370185,0,0,-0.636070081146758,0.283048156180497,0,0,-0.60422967595793,0.250921700319753,0,0,-0.207795300879849,0.257365506179995,0,1
"11",-0.0907197861411541,0.209165441014661,19,1,1,-0.235509188152385,0.217757819980837,1,1,-0.202719992665171,0.215457678560926,1,1,-0.235400598223531,0.240743694932791,1,1,0.226470923669443,0.241815229701088,1,1
"12",0.0250034449338147,0.234955414933496,1,1,1,-0.322318599373947,0.256311660805094,1,1,-0.277250760707741,0.251359701531327,1,1,0.0259124910228801,0.239498801807526,1,1,0.0250034449338147,0.211675784999274,1,1
"13",-0.182987464560475,0.212148180879215,19,1,1,-0.154239843906211,0.201016064540216,1,1,-0.153325360574525,0.197393000988726,1,1,-0.102733860017048,0.225208145876506,1,1,0.0970768616774575,0.246278175063246,1,1
"14",-0.0384641754101689,0.250589357490498,7,1,1,-0.0509916820878446,0.262107740635933,1,1,-0.0565907974650428,0.26980282254438,1,1,0.0187228280175854,0.255923144885131,1,1,0.170096922865367,0.279638721657236,1,1
"15",-0.192106771454048,0.25358591345464,3,1,1,-0.191716247389643,0.199349504756946,1,1,-0.208370508267185,0.199788407985802,1,1,-0.0122931613225516,0.260207719372092,1,1,0.0100504244048346,0.256657952862547,1,1
"16",0.195799957630191,0.23826943845567,15,1,1,0.172768805054315,0.234764108974542,1,1,0.174462455316663,0.23346031858632,1,1,-0.10051616208001,0.261617516462782,1,1,0.476309873254306,0.289196841798942,1,1
"17",-0.105089246912995,0.214313914391891,15,1,1,-0.0690686433039706,0.21511902586734,1,1,-0.10989099695594,0.218446093034845,1,1,-0.0595513178494476,0.250184799606966,1,1,0.306016486936348,0.24450709986231,1,1
"18",0.0735885788144618,0.236762999538363,3,1,1,0.0352726002035949,0.227004662309726,1,1,0.0690803557220756,0.235459377340578,1,1,-0.0796732445598789,0.259752511081755,1,1,0.243151195343457,0.240630520153428,1,1
"19",0.143558745405571,0.218002916644336,15,1,1,0.215441623852041,0.215760675516408,1,1,0.190801110370314,0.204394111337098,1,1,0.104898207587776,0.229610243314803,1,1,0.3665335594507,0.227755120487193,1,1
"20",-0.0161668408724225,0.221617004253941,11,1,1,-0.238940643941815,0.279078862709111,1,1,-0.197428969091697,0.241809785664338,1,1,-0.108590821870821,0.242534904513612,1,1,0.131663378946481,0.250931298305207,1,1
"21",0.142060242929172,0.224754157010661,11,1,1,0.0906590506976249,0.20790630557171,1,1,0.0975825912871056,0.222321816230747,1,1,0.0983034144779655,0.277527975596595,1,1,0.332489698299015,0.271234878976677,1,1
"22",-0.139736185391838,0.227074737469288,9,1,1,-0.303900534709816,0.264815764053273,1,1,-0.294496867720098,0.265417897578784,1,1,-0.266108698686615,0.253812345398844,1,1,0.0952648761945507,0.256216244142832,1,1
"23",0.256222639756059,0.211522589431643,17,1,1,0.196747139420614,0.251791901175292,1,1,0.187600037362142,0.229622626818166,1,1,0.181710187983502,0.248637785707107,1,1,0.447421619482068,0.236354268219758,1,1
"24",0.00315492922719848,0.23654909714778,15,1,1,-0.264398966339587,0.275357314816708,1,1,-0.189270326091699,0.252808393470409,1,1,0.170849260316638,0.26364347895439,1,1,0.341495192244737,0.262968457712196,1,1
"25",-0.082304651483085,0.219778771565138,19,1,1,-0.100321896434027,0.199934187286253,1,1,-0.0770370100793163,0.194629413161936,1,1,-0.345202213958566,0.229997019240905,1,1,0.208223800774121,0.23788894496642,1,1
"26",0.434941083077568,0.211053334909528,13,0,0,0.505913025589105,0.203792789773152,0,0,0.519853961783537,0.212433656567444,0,0,0.543742761060656,0.237270160193112,1,0,0.69855685404458,0.250849634871055,0,0
"27",-0.158259146664816,0.229381396892955,15,1,1,-0.0874482247647145,0.199257664855302,1,1,-0.111175893275707,0.199482218501007,1,1,-0.0557613877842715,0.239623869142505,1,1,0.0584054222867954,0.249496975061099,1,1
"28",-0.342691009195942,0.229175994848339,11,1,1,-0.313277941411843,0.195662875920264,1,1,-0.334319157107425,0.200403515869783,1,1,-0.0488159174124701,0.225472607651073,1,1,0.123338086966204,0.239737967098821,1,1
"29",0.118634514056339,0.212793343672179,9,1,1,0.0920585833491399,0.187706093467534,1,1,0.116487283059688,0.196699036985946,1,1,0.128179391760811,0.232804228119177,1,1,0.362022932432641,0.229941041392595,1,1
"30",-0.0315598453402852,0.223140566608371,15,1,1,0.0184415865529349,0.2055034854954,1,1,0.0427183020494375,0.215129171545157,1,1,0.136241236379004,0.249152717358304,1,1,0.20656850559399,0.252043414012259,1,1
"31",0.514155420774802,0.207818720793098,5,0,0,0.479691255478504,0.191719348796571,0,0,0.527760090717079,0.195373485921716,0,0,0.486112786583822,0.213872607522075,0,0,0.67480760008874,0.217375718730127,0,0
"32",0.202711618884682,0.223072932491423,15,1,1,0.197995938579925,0.225164773391748,1,1,0.213075887471632,0.203777148884764,1,1,0.140907679179913,0.23428587338962,1,1,0.464419681297668,0.240948498209875,1,1
"33",-0.404564270274101,0.241952658421068,15,1,1,-0.497546595283413,0.227899666529149,0,0,-0.500680423014538,0.21252232586967,0,0,-0.402296801210942,0.277944095871529,1,1,-0.115755050403703,0.262936857027857,1,1
"34",0.270632034993142,0.249078192235482,11,1,1,0.285901589630497,0.224162663811682,1,1,0.256469203086817,0.210372093285023,1,1,0.579143923710262,0.265019761984639,1,1,0.582803821403874,0.250707788047411,1,0
"35",0.313375282858517,0.220368765865462,13,1,1,0.382999495208954,0.186921577959593,0,0,0.373530827970112,0.209064638372405,1,1,0.321442685320972,0.233068110093483,1,1,0.546418238435469,0.239666456876677,1,0
"36",-0.233841621375305,0.217871188887241,5,1,1,-0.0948545684368508,0.198375645452934,1,1,-0.130177187494592,0.189560372804597,1,1,-0.130691744797263,0.221313089310673,1,1,0.061734222788638,0.231300646900279,1,1
"37",0.211926518416338,0.238579316940884,11,1,1,0.190144335923272,0.214986651462118,1,1,0.215015597861444,0.204856882800636,1,1,0.253727340628627,0.234869530948001,1,1,0.431214084794133,0.25956640600225,1,1
"38",0.497689943749076,0.217041734093854,13,0,0,0.376441502883954,0.221305171870561,1,1,0.359042408738522,0.233647072831001,1,1,0.442517940149,0.252053006467679,1,1,0.685682815545456,0.248735534229872,1,0
"39",-0.0129287602367616,0.22869444140587,17,1,1,-0.0100912352615435,0.21091352041589,1,1,0.0358163876743978,0.223759457272456,1,1,0.19811532339351,0.24513245670446,1,1,0.277253704495654,0.255549635206219,1,1
"40",-0.0464738404118199,0.224965620146946,5,1,1,-0.0949657680583593,0.209782857944659,1,1,-0.0756914762974447,0.199165490929015,1,1,-0.12078766363395,0.248364044105741,1,1,0.192826009811307,0.238241255107949,1,1
"41",-0.0961995314275659,0.223839048700526,3,1,1,-0.0249305171497389,0.204276722209,1,1,-0.0123147992152876,0.204593464022973,1,1,0.0802234995815254,0.230200238466848,1,1,0.191904596134578,0.231735647222271,1,1
"42",0.0430106233032455,0.205128570036314,13,1,1,-0.0200056899668293,0.259682175610319,1,1,0.00685876286444726,0.240891551754341,1,1,0.098920346054103,0.281027802138829,1,1,0.338256013463047,0.273086683753518,1,1
"43",0.241677502658715,0.222867069815163,9,1,1,0.321662803798674,0.20072859531446,1,1,0.303617726725004,0.210578979519688,1,1,0.22456832385784,0.233759833607853,1,1,0.428982907593179,0.235452775575988,1,1
"44",-0.434507543064107,0.227017301385111,7,1,1,-0.456761559546986,0.22654454892613,0,0,-0.454616926302204,0.220643141694904,0,0,-0.545977363486526,0.232838013176217,0,1,-0.101049243356973,0.245995837775136,1,1
"45",-0.00248298683658129,0.246607501649423,5,1,1,0.0047759876858019,0.200130468094831,1,1,0.0164757106313898,0.222539542788985,1,1,-0.106815375825976,0.258852915185583,1,1,0.20670776601971,0.257192693750827,1,1
"46",0.324866410587436,0.232632342217805,7,1,1,0.238665185399096,0.20924766495424,1,1,0.245631654022927,0.227689724614833,1,1,0.135741941174699,0.247389793769026,1,1,0.543913613029314,0.275307364469766,1,0
"47",0.277251210552682,0.263240652132213,11,1,1,0.207848352273778,0.22644857124216,1,1,0.197203361219503,0.247901172490087,1,1,0.0470825933308548,0.281772372336688,1,1,0.586012549157375,0.297979043057082,1,0
"48",-0.00150557492876143,0.229219489656552,13,1,1,0.0238204789056257,0.194503302040294,1,1,0.0435377994969978,0.215435715087304,1,1,-0.0199097798784489,0.255556349659485,1,1,0.219256020503105,0.251095590549224,1,1
"49",0.110650699914371,0.242676195276358,9,1,1,0.0749452901411712,0.255839812886689,1,1,0.0872276432277496,0.232157931078248,1,1,0.0905436393151425,0.262412856600574,1,1,0.439072819937755,0.261757034219537,1,1
"50",0.148006071983657,0.247087249941907,13,1,1,0.126642759422046,0.223716083754299,1,1,0.150269893951612,0.239289374092186,1,1,0.0602618686372455,0.252760592018183,1,1,0.368850749130706,0.269807015899097,1,1
"51",0.372375273491268,0.236537407999534,9,1,1,0.31994700449173,0.203052697751901,1,1,0.36784776308018,0.224896232708729,1,1,0.10279232834134,0.28027524253908,1,1,0.626886458086367,0.274465451960797,1,0
"52",0.221243467692324,0.236922020862153,1,1,1,0.15460501455372,0.227402693802626,1,1,0.173422337009708,0.233492064868878,1,1,0.157116995485139,0.235354614423841,1,1,0.221243467692324,0.244811289205555,1,1
"53",0.0350897780311923,0.23640234889786,11,1,1,0.0117234021300154,0.238726163955568,1,1,0.0365175322782424,0.228296008909924,1,1,-0.0731816116528433,0.254138477219272,1,1,0.277472465648628,0.26814207818266,1,1
"54",-0.187061035722929,0.243252493837388,7,1,1,-0.32801379539817,0.241676690940092,1,1,-0.285728441547585,0.233130908204057,1,1,-0.535802696784571,0.275161182313179,1,1,0.084168989392464,0.274885087409395,1,1
"55",0.211057698465881,0.230945844074648,17,1,1,0.248617481917999,0.21876671347999,1,1,0.25352375355281,0.225351961924925,1,1,0.235802819579516,0.25671907730428,1,1,0.414661767954537,0.256344440871148,1,1
"56",0.0758824382841102,0.216242069871757,15,1,1,0.230514421641666,0.212116546211555,1,1,0.18356240020164,0.207087058144426,1,1,0.300527522855718,0.256695190241403,1,1,0.470356784968955,0.237899561451407,1,0
"57",-0.399202420629813,0.267199805762697,1,1,1,-0.513376875433507,0.237523262767696,0,0,-0.476636090854024,0.237150998208248,0,0,-0.397312523004566,0.260076496570459,1,1,-0.399202420629813,0.254400544426545,1,1
"58",0.0470676705800959,0.219276092130236,3,1,1,-0.000239494205861366,0.198794841254536,1,1,-0.00293331616332784,0.193369880287561,1,1,0.119814442447359,0.233964903730812,1,1,0.260916634082345,0.228971388275502,1,1
"59",-0.0169732262572754,0.219911264555468,7,1,1,0.10290847286495,0.209555553049229,1,1,0.0888333185140972,0.215759867854707,1,1,0.357406022920741,0.288536986762529,1,1,0.424727945866233,0.297264379790513,1,1
"60",0.336301555481707,0.233572417824575,15,1,1,0.0862944385608367,0.222258968295089,1,1,0.0930079309247296,0.227887178985817,1,1,0.141676123320641,0.253427740899753,1,1,0.470980353331608,0.243958134986544,1,1
"61",0.349865197601676,0.218904680288082,7,1,1,0.377097306595585,0.213577849882686,1,1,0.2985231342446,0.213652107554267,1,1,0.27369599432618,0.248160636924338,1,1,0.633993732730429,0.256496095152495,1,0
"62",0.520850598406122,0.202407091550231,11,0,0,0.395840141011225,0.195695236423151,0,0,0.397248983419785,0.203991328321912,1,1,0.390708341614813,0.223048903395538,1,1,0.637103274762263,0.24018461348435,1,0
"63",-0.151681159857867,0.267728531202474,3,1,1,-0.00494602426868945,0.209908367984564,1,1,0.0255245143561461,0.211851077539413,1,1,0.00789329739227477,0.319293143180673,1,1,0.223044297397686,0.301601584078434,1,1
"64",-0.0808056484859207,0.240673356145621,11,1,1,-0.0692621605823518,0.212469933272762,1,1,-0.0573522571692486,0.234273950974173,1,1,-0.113670606625954,0.285661755369642,1,1,0.343835851810656,0.272319725233215,1,1
"65",0.0232387051584908,0.242040558980729,19,1,1,0.149562827436889,0.230527025294741,1,1,0.0916920426772939,0.229225875782943,1,1,0.253046463088467,0.288530742235578,1,1,0.398578619314036,0.291358374736293,1,1
"66",-0.00296402268320905,0.241288181753913,15,1,1,0.167406180791077,0.230612748309164,1,1,0.145397208868742,0.218471608241944,1,1,0.202684871329186,0.324919998771764,1,1,0.299350694800568,0.316960779877707,1,1
"67",0.203252380434108,0.232583684778549,15,1,1,0.244089070736391,0.207489324873723,1,1,0.246090044246833,0.198546647175781,1,1,0.0483470926228879,0.263456918146501,1,1,0.557221495201101,0.280594543047436,1,0
"68",-0.101822808578191,0.243272979472795,15,1,1,-0.128057333410483,0.198009254322649,1,1,-0.137993296636736,0.225038786413681,1,1,-0.564245497490648,0.281500854226057,1,1,0.179016970803294,0.309888296403353,1,1
"69",0.131240627925538,0.208867081899592,15,1,1,0.0427292290479132,0.226845290076544,1,1,0.0712823954427262,0.203840013847642,1,1,0.0362011711126866,0.239940379608685,1,1,0.295978455673201,0.230242825459667,1,1
"70",-0.0319204514402408,0.237996710956769,9,1,1,-0.00468186028696071,0.205931216419428,1,1,-0.0366126225581408,0.222314572339586,1,1,0.018837475208748,0.273945228388497,1,1,0.306019148878322,0.267765355854726,1,1
"71",-0.0525602231548038,0.236637066060741,5,1,1,0.00253652937444292,0.182419277248806,1,1,-0.0186550521975129,0.20312215069966,1,1,-0.144309392942833,0.240625812079198,1,1,0.181380206517248,0.239883286661726,1,1
"72",0.205353830525772,0.207870592607171,17,1,1,0.181057639469487,0.200300056364723,1,1,0.193510752895983,0.201663757635033,1,1,0.259616598681858,0.239134831421818,1,1,0.348537109951901,0.224507446139028,1,1
"73",-0.111845955262055,0.224490941377919,5,1,1,-0.273332436941289,0.222109954027136,1,1,-0.205436544752623,0.21774851390721,1,1,0.0384179808061185,0.241663039290761,1,1,0.198508720817728,0.237734084612044,1,1
"74",0.216564809270799,0.219462933255713,13,1,1,0.263437059987722,0.221774198746554,1,1,0.290816555535659,0.217471255931007,1,1,0.298189584896268,0.237116389730227,1,1,0.559785020175604,0.261920865778078,1,0
"75",0.123196173643072,0.254352475489179,13,1,1,-0.181571587934582,0.302039665111978,1,1,-0.128099277454188,0.250188531561328,1,1,0.173253003175826,0.273187771733741,1,1,0.535803153050949,0.284554456137923,1,1
"76",0.585732235823007,0.236960274798512,7,0,0,0.575141082458748,0.217544614314912,0,0,0.571687627016157,0.209715680233707,0,0,0.398262895829987,0.230469801208511,0,0,0.652539596280169,0.228530687923932,0,0
"77",-0.0913987716624945,0.278022935397821,13,1,1,-0.308969601766025,0.422613334582656,1,1,-0.31497868833472,0.410743252306144,1,1,0.00627862130716183,0.309391591313725,1,1,0.283130122654722,0.299538420363183,1,1
"78",0.334557524095993,0.226852048015891,15,1,1,0.279583309678986,0.204835512704258,1,1,0.277903620691946,0.203112527019731,1,1,0.223368082198784,0.218815340327234,1,1,0.553941079906074,0.252851559196909,1,0
"79",-0.0362658490342021,0.233888714550759,9,1,1,-0.0308350317310849,0.22531431930162,1,1,-0.0215542675127985,0.216658060287128,1,1,-0.0682566442264929,0.262459622822297,1,1,0.15583165055338,0.25678285276453,1,1
"80",0.128731565063056,0.254053577277703,11,1,1,0.114720508049181,0.201179620278481,1,1,0.13562728555201,0.217650919378294,1,1,-0.0192377666851331,0.310747930160821,1,1,0.360894030772423,0.317071258321868,1,1
"81",0.0781698460253392,0.205226444418669,11,1,1,0.00197603316892967,0.216468652539685,1,1,-0.00651265582183024,0.200227373181727,1,1,0.0706220575119218,0.244976488244301,1,1,0.35081585381919,0.257822017223944,1,1
"82",0.396450403162523,0.221249162813377,17,1,1,0.0812143764109645,0.44017614691249,1,1,0.0742426360625759,0.39480181013927,1,1,0.466331507148674,0.265979142317474,1,1,0.647384318062057,0.270989577161013,1,0
"83",-0.334427144669669,0.235347587490509,19,1,1,-0.289388131167745,0.245190874398398,1,1,-0.31025812249981,0.241764005872913,1,1,-0.202613698908901,0.28328424665227,1,1,-0.080225245777044,0.272671179349857,1,1
"84",0.330259214127236,0.210745980057973,19,1,1,0.425237777166532,0.241942802555992,1,1,0.418850529990704,0.243547705326116,1,1,0.370463553121321,0.267033464105972,1,1,0.510454843455778,0.268946463591785,1,1
"85",-0.192276283525482,0.222042908722078,9,1,1,-0.0654643777256391,0.209945802611461,1,1,-0.0688433846500988,0.21149178870721,1,1,0.125571071376195,0.248963983186537,1,1,0.147853111482851,0.241076442504224,1,1
"86",0.365867175374368,0.211362880028293,13,1,1,0.213524019581052,0.215671670741919,1,1,0.223283630774249,0.230618472765187,1,1,0.113625494588931,0.25891454425636,1,1,0.56291605983228,0.253397888174467,1,0
"87",-0.0169352820055209,0.242391127964721,13,1,1,-0.0870835396385283,0.211417233065215,1,1,-0.0593691038854811,0.21186732513415,1,1,-0.219580825821163,0.273450162282288,1,1,0.219920110520733,0.284321577519804,1,1
"88",-0.0538485464628438,0.227718652842216,19,1,1,-0.299391773971091,0.293241163145265,1,1,-0.292690009873079,0.263043863556939,1,1,-0.129719956496853,0.279152900376032,1,1,0.305039820114536,0.2692998897677,1,1
"89",0.0108558520404844,0.216719020674997,11,1,1,-0.00406351958323482,0.191158927622096,1,1,-0.0302917967225257,0.202308773657467,1,1,0.0130099385362094,0.215261629439079,1,1,0.288970253618804,0.233734204725924,1,1
"90",0.333910654737862,0.210905911581802,15,1,1,0.214529871398761,0.210014933377967,1,1,0.227545283996031,0.214473654272535,1,1,0.251809630259814,0.234721482468472,1,1,0.484658059222151,0.226895175488297,1,0
"91",0.0543221436495591,0.229655061253404,15,1,1,0.0788875918373004,0.23778223775158,1,1,0.0790063798396435,0.24416198828119,1,1,-0.274442370973709,0.304759956505812,1,1,0.646663421671638,0.309730902958069,1,0
"92",0.0689367000570362,0.235214205939197,13,1,1,0.15966401030255,0.222239663834833,1,1,0.109651544026338,0.223736784920829,1,1,0.184120165044797,0.245781723904543,1,1,0.378427416005555,0.254483975785905,1,1
"93",-0.0583003897035928,0.216634896045787,15,1,1,-0.0178594551387668,0.196785373275385,1,1,0.0141288360557456,0.198205023052523,1,1,-0.0259518591024212,0.261367492470074,1,1,0.310922898383063,0.263852562686337,1,1
"94",0.128758101916913,0.240737456153767,15,1,1,-0.00295721819656988,0.264271511992344,1,1,0.0246712037929772,0.268506943147172,1,1,0.256719580480196,0.28903201110153,1,1,0.463652206322261,0.279569418207279,1,1
"95",0.0808825948455303,0.210478424888754,13,1,1,-0.0627899232094643,0.19207464242609,1,1,-0.0117475090506169,0.208217440540416,1,1,-0.210201418311893,0.227980635898341,1,1,0.335535445175634,0.231186851932639,1,1
"96",0.345612822930932,0.219611308227576,13,1,1,0.412084901412132,0.234907773351513,1,1,0.444086951486385,0.245915735105674,1,1,0.402838784095796,0.246923274232435,1,1,0.584579915290331,0.241200149715706,1,0
"97",-0.425756840943106,0.226723665942563,7,1,1,-0.396747877531747,0.215672628217479,1,1,-0.3870845131954,0.20680816710854,1,1,-0.577033722205829,0.240019567007642,1,1,-0.0709406341470952,0.240010416622736,1,1
"98",0.110227420966245,0.238933484250864,19,1,1,0.0655665925644116,0.220033770844885,1,1,0.0860693062428029,0.225924807630348,1,1,-0.105081573756896,0.260202450022583,1,1,0.424744766008766,0.252953636587321,1,1
"99",-0.0315732960316336,0.24828874111806,15,1,1,-0.0634404980305316,0.226642551473775,1,1,-0.104091210270195,0.230810295127715,1,1,-0.0814186149905461,0.290931846223975,1,1,0.199560984672585,0.28000406512611,1,1
"100",-0.211687582790048,0.218956056869646,17,1,1,-0.13645155447018,0.215915463871062,1,1,-0.200740932755981,0.221531026819416,1,1,-0.144996781901315,0.281027925280968,1,1,-0.0163105888347137,0.267354142151858,1,1
