"","V1","V2","V3","V4","V5","V6","V7","V8","V9","V10","V11","V12","V13","V14","V15","V16","V17","V18","V19","V20","V21"
"1",0.0535913632789809,0.217104812180824,5,1,1,0.032436196198821,0.208447450233555,1,1,0.0304176570324791,0.200814939930344,1,1,-0.153417355428539,0.261046123747286,1,1,-0.000422054285194723,0.259309521504437,1,1
"2",-0.378911003461141,0.222106544418826,3,1,1,-0.311964812570191,0.19629400459999,1,1,-0.364330980663211,0.195406090503476,0,1,-0.313748482103016,0.227924745138496,1,1,-0.397250923091225,0.238682618761729,1,1
"3",0.220401708781259,0.22985658225855,7,1,1,0.120946821728381,0.178503537288308,1,1,0.176814229490222,0.207885879034695,1,1,0.214595893253418,0.229368855617686,1,1,0.159840773809751,0.220319902827604,1,1
"4",-0.143325682459709,0.201922225044657,15,1,1,-0.0645305451729022,0.211292378725429,1,1,-0.0430999869898942,0.214575235511649,1,1,-0.0461145008113847,0.224544642593191,1,1,-0.132908348470586,0.2044218382142,1,1
"5",0.332082726354816,0.246133197532108,1,1,1,0.492711476867101,0.316555600025548,1,1,0.475173147660965,0.306402932554543,1,1,0.383777243025922,0.233892372982155,1,0,0.332082726354816,0.253553126853559,1,1
"6",0.208071259581001,0.290296391998323,13,1,1,0.22181443054123,0.215430800374272,1,1,0.19570716084184,0.247319675304041,1,1,0.174647715858777,0.263311305994709,1,1,0.180454376154839,0.283229090455153,1,1
"7",-0.546655343142567,0.23264335497711,19,0,0,-0.457241714315142,0.21281613602906,0,0,-0.468260508569769,0.202976921765919,0,0,-0.513746958215647,0.259229394119419,1,1,-0.530514496085922,0.248906392007087,1,0
"8",-0.142657468643536,0.245764960969044,5,1,1,-0.0656884038709028,0.200858996292266,1,1,-0.0736423551361708,0.206184387193894,1,1,-0.116792396713222,0.214136873809834,1,1,-0.0318707940988103,0.263542396640963,1,1
"9",-0.340390820819609,0.197359057242427,19,1,1,-0.445902307043723,0.241008958648599,0,1,-0.403652479730835,0.198155330100112,0,0,-0.198146528690378,0.239989670386128,1,1,-0.262605663835542,0.258483082457482,1,1
"10",0.110140492797665,0.226918743434547,9,1,1,0.127008061922264,0.215830424219781,1,1,0.108917144859377,0.194875869277585,1,1,0.302510673770818,0.256356010442335,1,1,0.0470880498041157,0.238846350243029,1,1
"11",0.417632741043277,0.237547322719588,13,1,1,0.339527828699061,0.20336956766163,1,1,0.312643746911806,0.197576911529257,1,1,0.229187675339404,0.254367146617016,1,1,0.299718933823777,0.237470358438294,1,1
"12",0.0938921605180105,0.21800419518155,11,1,1,0.0523401170265242,0.224225840099648,1,1,0.0560558500559562,0.209839442088698,1,1,-0.0791157092567724,0.247986651727259,1,1,0.00963883230353619,0.266027773444041,1,1
"13",-0.435361437353515,0.199580180647828,19,0,0,-0.377960804194552,0.179361280994206,0,0,-0.388542858670725,0.182265774028245,0,0,-0.533439676446441,0.231698165693371,1,1,-0.391606701753367,0.234027796770598,1,1
"14",0.113895011926864,0.217325929241618,9,1,1,0.0553118715536529,0.214828295766844,1,1,0.0608483283692875,0.193632255776027,1,1,0.130327622564732,0.218445824498545,1,1,0.0587791465264094,0.224671527968316,1,1
"15",0.4257442723732,0.228825974199992,13,1,1,0.286682400066135,0.211117457989972,1,1,0.337838424513028,0.219658111462213,1,1,0.325346085930747,0.25683218806669,1,1,0.214059381503712,0.275294927468068,1,1
"16",-0.0182281518099746,0.222937058386883,15,1,1,-0.124131075804493,0.245702448969147,1,1,-0.130311748082894,0.254284021711099,1,1,-0.0148332036235452,0.278361898229249,1,1,-0.027997527832023,0.259151585083452,1,1
"17",0.250793406577072,0.242097219651076,9,1,1,0.0486248312151364,0.240575077449981,1,1,0.0856578590401187,0.236750459728256,1,1,0.0371981665201136,0.239531167936469,1,1,0.192777301220827,0.223822998175733,1,1
"18",-0.167089686318297,0.230757553376395,17,1,1,-0.389215857956371,0.232669370096934,1,1,-0.289391116160066,0.204385503002053,1,1,0.024821502588762,0.239381287993319,1,1,-0.254643457449013,0.236486232054498,1,1
"19",0.0854987375302212,0.254695381926315,15,1,1,0.10135916967495,0.22232333672281,1,1,0.126619958005378,0.201823630474138,1,1,0.146396126661906,0.277754605691246,1,1,0.150196948853793,0.298390562513775,1,1
"20",-0.337966573684685,0.215621409236914,17,1,1,-0.274570196392859,0.189319945192024,1,1,-0.285474637157948,0.199713424661008,1,1,-0.32227134429055,0.306890998307801,1,1,-0.21809861636509,0.247434676702525,1,1
"21",-0.0574552517986771,0.201701452160263,17,1,1,-0.3628462848222,0.508133478109081,1,1,-0.311514135844172,0.269428927359464,1,1,-0.142843220893387,0.255566325523337,1,1,-0.0541131242390427,0.235870797185656,1,1
"22",-0.0176485728781672,0.243042857183687,5,1,1,0.00864733284918537,0.225954699561428,1,1,0.0722522606236818,0.21410656537399,1,1,-0.107277506445137,0.244257163811839,1,1,-0.0275390430592211,0.23666898494554,1,1
"23",-0.193653843038367,0.239727463592765,15,1,1,-0.361367895049619,0.224826352026088,1,1,-0.198070929137062,0.231083995867104,1,1,-0.145148346275585,0.275377782136999,1,1,-0.246954211731429,0.278229342265335,1,1
"24",-0.210111876955286,0.192967078435248,19,1,1,-0.276402145516654,0.261113090761014,1,1,-0.267544939969342,0.256625243886952,1,1,-0.484642709283579,0.280874874602468,1,1,-0.243113954893587,0.248046884758514,1,1
"25",-0.23410278979725,0.243815179436197,9,1,1,-0.436270345592632,0.353427729276325,1,1,-0.425639383107338,0.277994526041809,1,1,-0.385764102601828,0.261235425602722,1,1,-0.333264172078898,0.221304558987882,1,1
"26",-0.124776869633575,0.230352956306027,11,1,1,-0.323508625457854,0.262286011767277,1,1,-0.276253324534349,0.245203897018869,1,1,-0.319491841341421,0.2678268183923,1,1,-0.243968872105443,0.271920584723103,1,1
"27",-0.100566497167174,0.241601928030197,13,1,1,-0.0628316764327718,0.220195146707979,1,1,-0.129939820867204,0.194221645494089,1,1,0.0414142941734258,0.258358931971626,1,1,-0.113526346421003,0.274628453690458,1,1
"28",0.0757393166613804,0.240568333652184,11,1,1,0.101392519318439,0.169980934944475,1,1,0.0768174099672871,0.198254076929976,1,1,0.247313584105679,0.233448783868497,1,1,0.105978272831537,0.294319218204772,1,1
"29",-0.162387076981204,0.228422394259565,19,1,1,-0.140057482346885,0.234893056317091,1,1,-0.0866645167922356,0.225771401869417,1,1,-0.0150490749955339,0.228908976665891,1,1,-0.302095451540975,0.214238355264782,1,1
"30",-0.0440902754911078,0.217826005567432,19,1,1,-0.0844865750046444,0.217675824585488,1,1,-0.100004084664456,0.194968895480447,1,1,-0.0387774529139547,0.239787319576474,1,1,-0.108601035277502,0.274916721958414,1,1
"31",-0.27694007217586,0.212600989353789,15,1,1,-0.28459247177847,0.201255984049743,1,1,-0.243280720748694,0.189834982948106,1,1,-0.207439295632482,0.269417663054635,1,1,-0.293337265785703,0.204773887463971,1,1
"32",-0.0631755658530232,0.257821248728606,11,1,1,-0.198736780857924,0.228824477860649,1,1,-0.142469977858657,0.265770263902,1,1,-0.313427379778691,0.30676119441806,1,1,-0.152866789873117,0.258846601038048,1,1
"33",0.18359176490936,0.208554416256564,17,1,1,0.180972509190671,0.216472273552347,1,1,0.153382967447574,0.208879508325946,1,1,0.221392330652255,0.256051569552101,1,1,0.252638323344925,0.243962375097095,1,1
"34",0.113312256760292,0.22930246788574,3,1,1,0.11923520333458,0.188247769750998,1,1,0.0908563762448219,0.201039446981932,1,1,0.151262781766745,0.226533224233988,1,1,0.129644257381624,0.248229277513776,1,1
"35",-0.138142793065291,0.241563297847531,13,1,1,-0.27203301953253,0.249554778997201,1,1,-0.246011309823678,0.245835231372234,1,1,-0.307513354980776,0.25640713917004,1,1,-0.156475071800209,0.239163625500831,1,1
"36",-0.131145822636379,0.24096550688368,19,1,1,-0.14214444978545,0.236184965124712,1,1,-0.153159831076694,0.209406298693586,1,1,-0.113692457036139,0.274229930038525,1,1,-0.0254266630079667,0.297478676241564,1,1
"37",-0.378940369547155,0.246037432243332,17,1,1,-0.522088189879369,0.210602572395212,0,0,-0.487461760013674,0.234960209134833,1,0,-0.483579962748736,0.253253828755879,0,1,-0.396787973990805,0.223546260598363,1,1
"38",-0.166638146618264,0.269298369882871,3,1,1,-0.138669145996559,0.203591490472344,1,1,-0.149910275861762,0.193841419877401,1,1,0.00131516589491372,0.219738459742453,1,1,-0.134863418002481,0.282348534868955,1,1
"39",-0.00374033429956353,0.239562894606285,15,1,1,0.0247773969374992,0.256756596056495,1,1,0.0201885430472721,0.211077376998033,1,1,0.167465607510473,0.26601457444226,1,1,0.125467836631532,0.267625617331235,1,1
"40",-0.279842198289903,0.234928110079464,13,1,1,-0.313017333094421,0.220318801562903,1,1,-0.308156096647485,0.21203463889539,1,1,-0.230336917019217,0.233737171375983,1,1,-0.212411200815274,0.251630436766228,1,1
"41",0.0423504740367569,0.217632694725472,15,1,1,0.0560054713774522,0.226262835011276,1,1,0.0380143389808896,0.214237290887587,1,1,0.041914224279203,0.315118118743286,1,1,0.0836718431933154,0.237134954757678,1,1
"42",0.384207774727885,0.210049191768013,17,1,1,0.217832750684305,0.186129246755707,1,1,0.316408207867238,0.207177567315322,0,1,0.150246577087225,0.233949594246381,1,1,0.300141968480421,0.229822835891725,1,1
"43",-0.0427340701343501,0.232355005978149,9,1,1,0.0277791383156012,0.175598945766658,1,1,0.0207378996497547,0.192442060525242,1,1,-0.108988733354346,0.25762759995251,1,1,-0.00902539156580047,0.255085826166131,1,1
"44",-0.0291558209259435,0.234088635876439,9,1,1,0.0206969106197624,0.199946294722772,1,1,-0.0201759558825134,0.167130359429877,1,1,-0.0306203442178733,0.241432880627861,1,1,-0.0271837754788467,0.230203414801705,1,1
"45",0.0365145045703194,0.1909926167788,15,1,1,-0.00243735798212777,0.227363365644722,1,1,-0.0113432524698643,0.229549110596718,1,1,-0.210733775020841,0.219294506341194,1,1,0.0358567617641297,0.205557830744958,1,1
"46",-0.117226066204967,0.22770206919278,5,1,1,-0.244985162395234,0.2087707022882,1,1,-0.264476470978696,0.221691270393021,1,1,-0.151074127981589,0.270015424291931,1,1,-0.191058376869279,0.251627926275995,1,1
"47",-0.205700289402961,0.21594513260259,5,1,1,-0.160360718617742,0.201826703039184,1,1,-0.199421809136913,0.18619418359665,1,1,-0.0582200426547086,0.280480159291465,1,1,-0.215219008492388,0.271795602373197,1,1
"48",-0.0327241095528746,0.239154903897346,19,1,1,-0.0746523895256827,0.230734565093075,1,1,-0.00799459491277299,0.214033578044067,1,1,0.166620141681365,0.27293662941977,1,1,0.0196101210602988,0.291664952872449,1,1
"49",0.0742891860256081,0.210013654992653,11,1,1,0.0128444941352308,0.219133976744805,1,1,0.00801054628144912,0.225000022255988,1,1,-0.0148017228883993,0.260711764882788,1,1,0.0916408440204718,0.246051051802901,1,1
"50",-0.0209276391470241,0.250727580767698,17,1,1,-0.0470585460027808,0.231081445119442,1,1,-0.0773247363568284,0.228436765192281,1,1,-0.219742269183511,0.255741353090425,1,1,-0.0515416887238198,0.300797670822207,1,1
"51",0.206202703025442,0.207319252323462,15,1,1,0.228958904265472,0.190055235818279,1,1,0.249716816186547,0.189945811373594,1,1,0.334385293758797,0.256200268334441,1,1,0.228351025018765,0.23907112988955,1,1
"52",0.310086666706377,0.235703907735958,19,1,1,0.216826445106587,0.234826445666188,1,1,0.244208002246953,0.208129028912214,1,1,0.399895567203546,0.238529993573023,1,1,0.360237363401525,0.259707467980034,1,1
"53",0.18552952123375,0.287815692507238,7,1,1,0.139566083710823,0.197173811020265,1,1,0.17225346478487,0.201560891106747,1,1,0.0564098806805619,0.239271123801819,1,1,0.133670848789236,0.250135234446349,1,1
"54",-0.193743329039229,0.208894977023604,17,1,1,-0.123767805998235,0.199697957785866,1,1,-0.175867045710496,0.211364609178749,1,1,-0.169148600258532,0.287047327987786,1,1,-0.168848941098433,0.243583086950814,1,1
"55",0.0718170105855819,0.230790480261067,17,1,1,0.146024761492737,0.189096707897168,1,1,0.141263657728594,0.19192963700392,1,1,0.314185063014879,0.276346250656244,1,1,0.128749447996545,0.283546731990032,1,1
"56",-0.156768861955171,0.237387469354698,13,1,1,-0.186825520754054,0.214107737442389,1,1,-0.178920230923743,0.215631382885023,1,1,-0.287389208010825,0.295164137736703,1,1,-0.137014790474304,0.265781353145685,1,1
"57",-0.00487407145025643,0.204942103451162,11,1,1,-0.0243231671266672,0.184304381373089,1,1,-0.0275114812474568,0.180141008385247,1,1,-0.178484993949394,0.237069237848728,1,1,-0.0430396781180921,0.25726141465858,1,1
"58",0.234386321567907,0.216872625513807,17,1,1,0.183382977323139,0.207646218345903,1,1,0.161552572243438,0.22668570089598,1,1,0.217947501069539,0.229243776514529,1,1,0.137046612334972,0.268204254487204,1,1
"59",0.139905289245737,0.260657364832256,9,1,1,0.167045188588465,0.213489194004346,1,1,0.170985217126919,0.234225795109867,1,1,0.248651900917475,0.232146333951674,1,1,0.103652162473324,0.286518450774962,1,1
"60",-0.538639215847938,0.231292844886111,5,0,0,-0.527858192891659,0.19627992058899,0,0,-0.529807414561045,0.206328523926814,0,0,-0.407668164303363,0.251088254255197,0,0,-0.456158343614119,0.223606907719772,0,0
"61",-0.0194597053116002,0.182327854486218,15,1,1,-0.107395492281386,0.255648013225755,1,1,-0.0623603043595477,0.186167438277613,1,1,0.105448487970602,0.238202111875967,1,1,-0.0895212378411719,0.197633592473267,1,1
"62",-0.37547113155897,0.208768488124483,19,0,1,-0.402660891294017,0.21901746361038,1,1,-0.456122629376689,0.226247862176171,0,0,-0.374562483909156,0.26424980336128,1,1,-0.398157396918391,0.239754233205563,0,1
"63",0.133603193762242,0.241215200947807,15,1,1,0.1434704121999,0.232539424358416,1,1,0.140119363611264,0.180623112808973,1,1,0.350513810355355,0.227721470249398,1,1,0.171364876661001,0.309915091783052,1,1
"64",-0.48609984578914,0.243845869948601,19,1,0,-0.312995960928369,0.202494589557306,1,1,-0.354221341687053,0.218288629582388,1,1,-0.234602890194624,0.277913043448709,1,1,-0.329962071490842,0.260454399730567,1,1
"65",-0.130293495899434,0.213899710423539,13,1,1,-0.0889413577361163,0.198726604319121,1,1,-0.0703230021473789,0.200622608928322,1,1,-0.133273806793364,0.240714527917506,1,1,-0.0911319733363278,0.243199108837385,1,1
"66",0.275908411841075,0.218034151612027,3,1,1,0.348606110637456,0.198724288199834,1,1,0.334156155124477,0.238337466094639,1,1,0.362845774828594,0.239830129832053,1,1,0.299324903683116,0.294096905878954,1,1
"67",0.00876767053578508,0.218392295594921,15,1,1,0.0889534477784692,0.248520043374414,1,1,0.131140081595874,0.234120033173326,1,1,-0.0232048361574064,0.253502636402775,1,1,0.0511439667804873,0.232764471758622,1,1
"68",-0.480887859312363,0.217732904731311,9,0,0,-0.409325476741188,0.203160199599881,0,0,-0.441514605023214,0.191516297293261,0,0,-0.45742379130005,0.266678687068809,1,1,-0.481288619813276,0.247119147867869,1,1
"69",0.090991171037412,0.24390865303767,13,1,1,-0.00481263055964406,0.220889250779213,1,1,0.0134654163943018,0.240716851143351,1,1,0.235661575257124,0.203923711397797,1,1,0.0309297267594245,0.253642589133416,1,1
"70",-0.303040469535161,0.237974348243599,19,1,1,-0.278324879596019,0.233384478692904,1,1,-0.353627644132755,0.194422089279052,1,1,-0.261959274670553,0.258906031212159,1,1,-0.319682996998195,0.245107696941664,1,1
"71",-0.213166585496442,0.223926503869329,15,1,1,-0.329778934521935,0.280478204794751,1,1,-0.20982351433016,0.233609271813709,1,1,-0.295011906038841,0.263229168856791,1,1,-0.303360508282143,0.25172966284479,1,1
"72",0.0579280421997114,0.226986820425575,3,1,1,0.0211689228930932,0.225636701724931,1,1,0.0497595903302021,0.207593854204287,1,1,-0.188336936149261,0.270502736687118,1,1,-0.00725699854964978,0.229382715174095,1,1
"73",0.255183001876354,0.225062805427311,11,1,1,0.247724768178236,0.208050811245264,1,1,0.242463837610351,0.201847109131731,1,1,0.0416969174804845,0.253544661921216,1,1,0.274230947764828,0.261827501055681,1,1
"74",0.132107764634839,0.248460904179733,3,1,1,0.0198915968368939,0.226597661302983,1,1,0.0364400111103007,0.215184919298628,1,1,0.252770007718177,0.261264642745203,1,1,0.100437765344013,0.246933669468838,1,1
"75",0.256679849750481,0.260581644791605,17,1,1,0.0165982167936682,0.250432649713541,1,1,0.11129894639019,0.230564444675035,1,1,0.111845384085611,0.233079986376458,1,1,0.0422232155232541,0.245175479875965,1,1
"76",-0.331514941827023,0.219256990837396,7,1,1,-0.242515145447717,0.201695840543132,1,1,-0.257882059884987,0.200583005656497,1,1,-0.249777346122611,0.214256306492404,1,1,-0.343503293452777,0.253127187901817,1,1
"77",0.322223059075422,0.23940525401025,5,1,1,0.262314390133014,0.201045773062575,1,1,0.342169027542322,0.192371791124645,1,1,0.421591733056396,0.21145391619769,1,1,0.282893564744211,0.244897431780107,1,1
"78",-0.0271438786930792,0.249796473750382,19,1,1,-0.0538222446387223,0.244412902001925,1,1,-0.0883381777130835,0.21831463162249,1,1,-0.0930564607939549,0.26742410872598,1,1,-0.121012107427701,0.290871859201374,1,1
"79",0.12266457630301,0.230979038278265,13,1,1,0.207498840800118,0.184055798567794,1,1,0.240816935885209,0.210462080383681,1,1,0.401041802194216,0.249964978030239,1,1,0.150600067049482,0.251582310801256,1,1
"80",0.213344234197106,0.226871849571978,5,1,1,0.206540514704183,0.205554251992894,1,1,0.277124001830555,0.203358934984229,1,1,0.264011704551519,0.201452675548432,1,1,0.206113345949211,0.20986817448985,1,1
"81",-0.142467407674013,0.225303149046573,9,1,1,-0.0367355184590746,0.232032601659767,1,1,-0.0645656535787426,0.189723505137592,1,1,0.219482357188515,0.307671109925391,1,1,-0.0302835463403467,0.287493268087195,1,1
"82",0.0132119501345128,0.205911135549288,7,1,1,-0.0645405536537493,0.226758469324842,1,1,-0.0557850983284573,0.211626183277215,1,1,-0.0660463007883816,0.245430405614119,1,1,-0.0623071141944656,0.248982920284053,1,1
"83",0.0249150636664785,0.263362193231005,7,1,1,-0.0637889482434766,0.277049010319306,1,1,0.00787259011778253,0.230816494609985,1,1,0.133274751650493,0.280205512635068,1,1,0.0730160967184559,0.281752355207505,1,1
"84",-0.207351921708867,0.230771641160564,13,1,1,-0.22642737621628,0.236419623074623,1,1,-0.251231757008493,0.18618001689483,1,1,-0.355119020004587,0.270557445415588,1,1,-0.11458415501054,0.279942548292725,1,1
"85",-0.121286548946711,0.196412208810442,17,1,1,-0.0932986668511152,0.194123707481063,1,1,-0.0845842338353239,0.229785626709302,1,1,0.0838673611090607,0.234588748795305,1,1,-0.091866341076022,0.262007957035066,1,1
"86",0.0802908342502705,0.262743565977317,15,1,1,0.13073999973439,0.232278910593744,1,1,0.158247985719159,0.235650446605842,1,1,0.0408719102242551,0.286435926550324,1,1,0.0492128687469816,0.283938434891099,1,1
"87",0.250793107191803,0.199099985881142,11,1,1,0.203915125817781,0.199156685803546,1,1,0.240732554031495,0.219823183753216,1,1,0.24902495565518,0.267252581840189,1,1,0.263231728790184,0.252098024673922,1,1
"88",-0.0576874144671176,0.253208658855279,5,1,1,-0.323470711109484,0.279893904091269,1,1,-0.272677623526678,0.258845973846661,1,1,-0.0891602050205057,0.303840229154008,1,1,-0.186247292765049,0.254143128936966,1,1
"89",0.198452561256019,0.196920820394117,5,1,1,0.173913605500015,0.172264721325878,1,1,0.169025469004198,0.211360652419257,1,1,0.268459405309383,0.235054108655989,1,1,0.181313461483374,0.240344809420102,1,1
"90",0.210691852848568,0.254259482549926,3,1,1,0.159198496642951,0.220128554172292,1,1,0.105489432056445,0.220883741764579,1,1,0.335955935974949,0.262365653110601,1,1,0.0972749142131339,0.263147464611241,1,1
"91",0.133364472237431,0.24929486606126,15,1,1,0.190930719708333,0.229192973088192,1,1,0.178686003847033,0.229024543435374,1,1,0.0535415474574464,0.248095627566706,1,1,0.0934574848848405,0.256680251650096,1,1
"92",0.00571030159086493,0.236550757144301,9,1,1,0.0820534638171698,0.210661510982779,1,1,0.0732380002677861,0.18572683570086,1,1,0.0407886533303869,0.236345278805674,1,1,0.0578913436172075,0.226723745614476,1,1
"93",0.438668994017444,0.235225460139268,7,0,1,0.396673971874072,0.206013080693882,0,1,0.398946629043024,0.223899311750713,1,1,0.50341280646368,0.243033253441824,0,1,0.289964550642311,0.279723392044965,1,1
"94",-0.0715553859538123,0.201775095836919,11,1,1,-0.0728153112982567,0.210479830303243,1,1,-0.091002192117443,0.207214994672595,1,1,-0.0221682023140954,0.221973321686898,1,1,-0.131843039704031,0.246979990310401,1,1
"95",0.332193884058773,0.201322803774429,17,1,1,0.263891479542892,0.187243189697535,1,1,0.229529425114521,0.193975961298639,1,1,0.174312929764318,0.217736156553749,1,1,0.234970911864725,0.249549038895432,1,1
"96",-0.179998190298818,0.240351160224842,5,1,1,-0.142161624877775,0.207528316191398,1,1,-0.215321954086353,0.195372947597107,1,1,-0.00681125058008268,0.302930736487649,1,1,-0.208579105315818,0.253215692021902,1,1
"97",-0.212017793358329,0.237242565250943,15,1,1,-0.237822536010008,0.216605544269444,1,1,-0.201716973036987,0.230735800104016,1,1,-0.253033924357319,0.260889744075976,1,1,-0.0922859971170565,0.249772084619471,1,1
"98",-0.0577533844099612,0.180487354282438,13,1,1,0.157599563597672,0.217122785330713,1,1,0.171917104852979,0.263056869357825,1,1,0.18920642437892,0.264809281981601,1,1,-0.00584232331162415,0.257792321360567,1,1
"99",0.204623239097998,0.21170080768572,13,1,1,0.270765027120594,0.211602398087864,1,1,0.277641332982281,0.183238083320934,1,1,0.15354450907499,0.210784553189396,1,1,0.220296184717231,0.21281212277884,1,1
"100",-0.118611479955033,0.242605295966765,5,1,1,-0.0941628351086242,0.219306586696042,1,1,-0.0595917555773796,0.220043691914737,1,1,0.168082195523665,0.238981316890295,1,1,0.0355730745946665,0.249332757692156,1,1
