"","V1","V2","V3","V4","V5","V6","V7","V8","V9","V10","V11","V12","V13","V14","V15","V16","V17","V18","V19","V20","V21"
"1",-0.0218707277847082,0.235809798180083,9,1,1,0.247068506393749,0.210567930722712,1,1,0.0131845410782857,0.2207335209618,1,1,0.069704271208988,0.271922877664944,1,1,0.0078055208400678,0.284265896599553,1,1
"2",0.340618677128012,0.245862754328662,3,1,1,0.629913636888435,0.224632523206958,0,0,0.353102931764805,0.194660607604197,0,1,0.602286797957292,0.265323797619033,0,1,0.3240579098418,0.264061687295534,1,1
"3",-0.215666760757859,0.176803723515462,19,1,1,0.136200706636805,0.203791274757243,1,1,-0.172767040685351,0.187679607827901,1,1,-0.0212258182806876,0.234006030919192,1,1,-0.16552110771544,0.230496133695395,1,1
"4",0.178460346842363,0.206259800061849,13,1,1,0.507830714997931,0.181694520800255,0,0,0.184469597218301,0.182531816970386,1,1,0.414635929565096,0.219186038459681,0,1,0.15784670922463,0.260468080206471,1,1
"5",-0.0713427644534961,0.260310903635649,9,1,1,0.132217731197221,0.21912782986946,1,1,-0.161614791126736,0.210909530644185,1,1,0.172221454289868,0.229917581272554,1,1,-0.104171724877974,0.202580524095685,1,1
"6",-0.237012507073267,0.242151013563595,15,1,1,0.101017261626083,0.223027459474513,1,1,-0.22437333273222,0.231213755868693,1,1,0.0510166550973766,0.228234810512542,1,1,-0.195272254486938,0.235396188062598,1,1
"7",-0.0762404832569325,0.239370751597303,3,1,1,0.0217726864676829,0.209566430731812,1,1,-0.174054026766646,0.187430900530744,1,1,0.132054057876699,0.243516908479521,1,1,-0.109843149938991,0.212701662183168,1,1
"8",-0.134566958202376,0.228251494219642,17,1,1,0.145686818106388,0.213401467049694,1,1,-0.128961344856814,0.213361468734607,1,1,0.234723142726231,0.280552833358484,1,1,-0.14883623689587,0.236299559288826,1,1
"9",0.101372453831265,0.254088495056796,5,1,1,0.401945225351331,0.210748323980176,0,1,0.0611397505636695,0.235571337879049,1,1,0.612618227681431,0.214362960012241,0,1,0.112795042206287,0.248305307689998,1,1
"10",-0.0542402862763956,0.235395606589097,9,1,1,0.249772124341716,0.203067134858522,1,1,-0.0396339251550456,0.204488048816705,1,1,0.18540534814023,0.204872916895581,1,1,-0.00381919942399478,0.241759994338314,1,1
"11",-0.184357896528347,0.217879757826914,17,1,1,0.248989660198976,0.204835700913532,1,1,-0.162971921108002,0.213749513439534,1,1,0.364962592116201,0.270888703833109,1,1,-0.167897037703458,0.241556225741022,1,1
"12",0.36322154600767,0.218661686113905,9,1,1,0.652795838629989,0.191847935488778,0,0,0.334107875511248,0.21919200951895,1,1,0.724520444084767,0.224168650608271,0,1,0.24969363056966,0.259200992556906,1,1
"13",-0.0902576073179783,0.189978923973839,19,1,1,0.293642036260893,0.180051424971403,1,1,-0.12048877430134,0.203927672253218,1,1,-0.0513629576248372,0.223816960315749,1,1,-0.158408018508143,0.268103709970112,1,1
"14",-0.453156912209378,0.203556342466631,17,0,0,0.0425324644429941,0.224017659246766,1,1,-0.406686306109424,0.189787311140992,0,0,-0.0316775222072873,0.224945239113617,1,1,-0.42726405628276,0.206900038507696,1,0
"15",-0.218346544718993,0.178587422556664,19,1,1,0.0519131486374405,0.187835966265333,1,1,-0.201518233997489,0.181443065617003,1,1,-0.0165352874617218,0.223032083291976,1,1,-0.216794606396393,0.213864163369616,1,1
"16",-0.0680793663074263,0.222202214529101,3,1,1,0.214334924424984,0.20203744427348,1,1,-0.0761936326867655,0.19247178270776,1,1,0.0111635756548853,0.197036162799301,1,1,-0.146752528917935,0.213851818481652,1,1
"17",0.444898673258643,0.240292219055238,17,0,1,0.774707380915872,0.203100318628487,0,0,0.398417606927349,0.200715138881144,0,0,0.74798016042348,0.250853170844951,0,1,0.428543595034578,0.246213646074094,1,1
"18",-0.203772408752182,0.215852308572553,5,1,1,0.200646776912783,0.178489123825238,1,1,-0.231700055788606,0.199090417644544,1,1,0.170716179717927,0.20455633302761,1,1,-0.241697135315038,0.207853684708799,1,1
"19",-0.120005293982005,0.195716054876174,15,1,1,0.195024066270252,0.170603693922791,1,1,-0.167302837004873,0.197291344637347,1,1,0.129727164021771,0.225250073744995,1,1,-0.169082502216362,0.238933837835791,1,1
"20",-0.224956471604429,0.236201292092476,9,1,1,0.11208236116252,0.193987588204582,1,1,-0.165404118090779,0.19059953910279,1,1,0.121252372627982,0.255450377222364,1,1,-0.180600334775982,0.261930284380546,1,1
"21",-0.0299234985378268,0.196633916080454,13,1,1,0.24330470655158,0.173552717364352,1,1,-0.0111710498087839,0.195704500357673,1,1,-0.0114662900362764,0.244028293484742,1,1,0.0115850768930419,0.207184814326779,1,1
"22",-0.411915859614514,0.2250145241967,11,1,1,-0.0590429530246347,0.198198928535295,1,1,-0.367891231425698,0.181520229797706,0,0,0.0869580569804257,0.225891350983053,1,1,-0.303665848154393,0.228718312745922,1,1
"23",-0.533516089380284,0.2114746722018,5,0,0,-0.200971014840225,0.21043990757229,1,1,-0.494714924402864,0.223782799142297,0,0,-0.490677401440206,0.243383899378506,1,0,-0.576418851211358,0.22611791928655,0,0
"24",0.265572955626047,0.263466581480405,5,1,1,0.46756924250032,0.187371704148989,0,0,0.264511087317298,0.225588860835096,1,1,0.488523356576368,0.233140923539451,0,1,0.235390419851451,0.272740697631402,1,1
"25",-0.0898623886411969,0.226780422640935,9,1,1,0.284691975217389,0.204814172577437,1,1,-0.00993952019898126,0.235470356082782,1,1,0.174642317156848,0.21606968468579,1,1,-0.0844218488241738,0.265512453239735,1,1
"26",-0.0325896275673425,0.213522314096646,15,1,1,0.326043754726605,0.236644515537847,1,1,0.0368367853419723,0.235918857727318,1,1,0.195711874441915,0.259980113228446,1,1,0.0736146307674712,0.265567332530016,1,1
"27",0.0382233714948162,0.229355212079014,17,1,1,0.402094948734289,0.195036974518939,1,0,0.0710317194245345,0.20460450472074,1,1,0.442415671021892,0.232851019668062,1,1,0.14508540833043,0.267104444873058,1,1
"28",-0.0531520029744107,0.244483329372544,9,1,1,0.12225918492606,0.255062060957891,1,1,-0.210980440513793,0.243965946448655,1,1,0.287832897325968,0.314048480807552,1,1,-0.18480972476801,0.269567182735922,1,1
"29",0.103462137919271,0.183079312118216,19,1,1,0.358135432375695,0.224933778671324,1,1,0.0865769465301995,0.202465419867415,1,1,0.306996669890704,0.189887090069203,0,1,0.0788249750528147,0.236323569979581,1,1
"30",0.0263476474113898,0.229950737373766,11,1,1,0.347808259009835,0.216307420188249,1,1,0.0240855497830084,0.222502922819853,1,1,0.320192081585082,0.22124865663948,1,1,0.0566803393909186,0.223787414037701,1,1
"31",-0.173654206289648,0.211306127813964,19,1,1,0.242189825074403,0.212483828157137,1,1,-0.12238613416815,0.198901956688326,1,1,0.1993190655005,0.22360349968333,1,1,-0.112519575922859,0.249307210029451,1,1
"32",-0.385666738005743,0.195365256959959,1,1,0,0.199382494916485,0.172660541136243,1,1,-0.225877044389297,0.18438286953964,1,1,0.0506023433140851,0.215905659028419,1,1,-0.385666738005743,0.225465596798769,1,1
"33",0.211839492524029,0.210371259205635,9,1,1,0.581025726264604,0.187527602549985,0,0,0.26595461507356,0.196832543960191,1,1,0.552822891779753,0.260041755736414,0,1,0.276934996171033,0.253498256041635,1,1
"34",0.0392449435408764,0.212964068202006,9,1,1,0.290594734856892,0.223162395299247,1,1,0.0218825840796884,0.179449327189156,1,1,0.226129501993037,0.213039718054319,1,1,0.0594260292205021,0.241120552990219,1,1
"35",0.121544859612177,0.214012312011531,13,1,1,0.344766913899469,0.205248361680119,1,1,0.0667046327804158,0.203769877017559,1,1,0.314685371541559,0.222278136585031,1,1,0.0820216372487857,0.277563643966897,1,1
"36",-0.167713077180439,0.247542928732994,7,1,1,0.261710575501661,0.201679078716955,1,1,-0.171250229014516,0.217653543379473,1,1,0.0601359856574543,0.23178810107735,1,1,-0.198582438555833,0.233927203855771,1,1
"37",-0.147497158523021,0.22319154981928,13,1,1,0.147140445740485,0.196973754515732,1,1,-0.159960864163003,0.222441012258296,1,1,0.166065865906633,0.239966373699323,1,1,-0.159548213541732,0.238028465121162,1,1
"38",-0.0462059355805194,0.247410914878697,5,1,1,0.162641001906124,0.197810526440073,1,1,-0.139945398151824,0.235161081871795,1,1,0.173742415291778,0.271216617323713,1,1,-0.114783390037587,0.22108850624372,1,1
"39",0.168328216011211,0.217578612273838,19,1,1,0.467029379694279,0.223898943623288,1,0,0.187619746964895,0.220999170190704,1,1,0.471884747166774,0.244403373519336,0,1,0.0899221174454069,0.259290702970931,1,1
"40",-0.343611242806422,0.22412228133353,9,1,1,0.0725728989270737,0.242452828140005,1,1,-0.293253970404822,0.218219849640587,1,1,0.0336180248663778,0.259968248592535,1,1,-0.292503947391261,0.246751567926476,1,1
"41",-0.00864413078882961,0.205807524225118,19,1,1,0.434304234295162,0.220690710638309,0,0,-0.0198207939741597,0.205611185721363,1,1,0.482718517292363,0.22899894247732,1,1,-0.0149061025812025,0.222922694511686,1,1
"42",-0.227719891579011,0.209648443507316,17,1,1,0.108255406209789,0.16666750405429,1,1,-0.193268292829239,0.206265920029252,1,1,0.058557359072755,0.19657271763942,1,1,-0.204501384692888,0.226239544263725,1,1
"43",-0.107609424518058,0.244432039476717,5,1,1,0.19132719233786,0.217934263241189,1,1,-0.11609951834441,0.240832885003128,1,1,0.0721178269033939,0.263881095537018,1,1,-0.146725623724174,0.269619031098228,1,1
"44",-0.108155840045252,0.217434187637635,15,1,1,0.288477180236028,0.186089936290857,1,1,-0.077042098225625,0.195804973099627,1,1,0.240714147694709,0.219818713947745,1,1,-0.073479646407759,0.251018426873117,1,1
"45",-0.0494241526413056,0.229151515435178,17,1,1,0.284101311990747,0.194362085179065,1,1,0.0108152838157257,0.267736463960577,1,1,0.455858796949663,0.264866011620161,1,1,0.0404124331101869,0.252197866810094,1,1
"46",0.0686687339887807,0.242234031640213,11,1,1,0.409549292182797,0.19653167415779,0,0,0.0352485457095087,0.199492356915215,1,1,0.30145263577354,0.236755359244071,1,1,0.0966120759465818,0.213457261308115,1,1
"47",-0.141241726216622,0.250251471178697,5,1,1,0.128641396743532,0.201936152984027,1,1,-0.142780760900119,0.222368982860859,1,1,0.205399331932995,0.249594848767508,1,1,-0.15016839750199,0.262951877586894,1,1
"48",-0.190563966463653,0.232331513472327,17,1,1,0.165238852321288,0.17256521934098,1,1,-0.175858398598122,0.215193003723063,1,1,0.114526744748749,0.247738347951126,1,1,-0.159562850426498,0.23492026800325,1,1
"49",-0.0235367876463525,0.216645301097925,13,1,1,0.204141988918183,0.159583498792903,1,1,-0.0192615292628208,0.190419424690155,1,1,0.299117204261974,0.216795170050852,1,1,-0.00924052658369753,0.246735615839677,1,1
"50",-0.130406138315884,0.256604214847323,11,1,1,0.199155580815753,0.219602671795173,1,1,-0.13562454144225,0.209914757668153,1,1,0.304375105723995,0.270944710979527,1,1,-0.106769304002919,0.287481722750145,1,1
"51",-0.42132613159992,0.224680375498864,19,0,1,0.00116651135147912,0.167053476043714,1,1,-0.405362761327215,0.174735432300018,0,0,-0.0226059173255375,0.240141566061785,1,1,-0.359753612999077,0.217929615993841,1,1
"52",0.13496096700303,0.228921008608844,9,1,1,0.538044331008211,0.192684227933628,0,0,0.127120939329558,0.193020902130285,1,1,0.437474796970462,0.247938244279283,0,1,0.149941953526722,0.26196160870237,1,1
"53",-0.221352291776958,0.192265716588007,11,1,1,0.0842325387864159,0.195451182461477,1,1,-0.258758657747322,0.186065885388694,1,1,0.228616369218474,0.239651314602413,1,1,-0.217512196735497,0.222081614552777,1,1
"54",0.171628393678543,0.232504133376859,7,1,1,0.50823332891732,0.224219207874817,0,0,0.2027347598011,0.214796562003607,1,1,0.372578456251439,0.266410763309186,0,1,0.231882598477276,0.245118876614561,1,1
"55",0.186041702138034,0.250823042703722,13,1,1,0.471923709331808,0.216498535469996,0,0,0.155955655665246,0.193986157344676,1,1,0.303244636531417,0.246536482498196,0,1,0.170327742614385,0.256703512977197,1,1
"56",0.352952901853783,0.258039289546971,5,1,1,0.547968959121369,0.189141425334183,0,0,0.273990207967977,0.225680516582343,1,1,0.549813848850479,0.248904666747392,0,1,0.237589031919277,0.234699897887215,1,1
"57",0.222807101253607,0.196217841685415,3,1,1,0.548823347027172,0.215269182227967,0,0,0.320469747033569,0.194655283271618,1,1,0.308247124473894,0.203279808701941,0,1,0.181447802761905,0.237372133821336,1,1
"58",0.154437379499407,0.217905219945176,11,1,1,0.469429983127089,0.191578709041269,0,0,0.0671066135030805,0.213537220743241,1,1,0.603283396282445,0.249429557558527,0,1,0.0455128901801504,0.233655404469778,1,1
"59",0.124502899886171,0.239226250870159,11,1,1,0.366928220128979,0.20700815130002,1,1,0.0692011193436173,0.197737270603471,1,1,0.37551658412628,0.24424610751704,1,1,0.0908328542052756,0.266558706956191,1,1
"60",0.0922737687965127,0.230715763448815,3,1,1,0.308095386824854,0.2035357302826,1,1,-0.0731571758487843,0.209990220645946,1,1,0.598773784557995,0.23678904463423,1,1,-0.000953629466400243,0.240944722761943,1,1
"61",-0.00794829340593551,0.240810051065457,5,1,1,0.383405326083904,0.218365789030379,1,1,0.0489858797249642,0.216014803580538,1,1,0.560469538658653,0.225438862856745,1,1,0.0411469505503404,0.249801012680108,1,1
"62",-0.251603407449859,0.23231207467399,11,1,1,0.106687270455487,0.204364723016523,1,1,-0.258030037136207,0.212949211802239,1,1,0.117912116397197,0.206015558093093,1,1,-0.263649517630831,0.241919493554231,1,1
"63",-0.243184034935323,0.225976470919851,19,1,1,0.268750632075061,0.202987007645633,1,1,-0.222180670594686,0.227275823539263,1,1,0.0886120739303158,0.224878317409784,1,1,-0.233207351762667,0.257299413624449,1,1
"64",0.356736324520978,0.220805978132824,15,1,1,0.560372751356652,0.20213743712886,0,0,0.297871660054989,0.197151254730081,1,1,0.545350285989329,0.260510358877189,0,1,0.321456386271061,0.269883581330147,1,1
"65",-0.156188295073461,0.237915109207031,3,1,1,0.0460078943307068,0.193333046879222,1,1,-0.19632236804165,0.241953864618974,1,1,-0.0337174801952446,0.225431335476405,1,1,-0.219544276271577,0.252193375239283,1,1
"66",-0.263078772365856,0.239469884305837,11,1,1,0.276242882147216,0.17685163355974,1,1,-0.234241986880115,0.221308449374295,1,1,0.0291738195251614,0.269158398149894,1,1,-0.247248774518517,0.267478095327556,1,1
"67",-0.267400123156141,0.242180069111473,9,1,1,0.0702719276079301,0.187651352851297,1,1,-0.252910807457723,0.213024427474949,1,1,0.0504242146412092,0.250994909729831,1,1,-0.288717978862685,0.249685089185926,1,1
"68",-0.304270562006686,0.213086106531094,5,1,1,0.143522688611995,0.18485415654671,1,1,-0.300411237228558,0.222550531597507,1,1,0.357262117244191,0.232324573691105,1,1,-0.274204345013156,0.239892611765937,1,1
"69",0.264313417909518,0.220301873352254,11,1,1,0.501451294089065,0.218741233362394,0,0,0.206356288983346,0.197317882248456,1,1,0.480136959877819,0.238129487605616,0,1,0.230454709595714,0.23750656699668,1,1
"70",-0.422093249027653,0.192936365924582,17,0,0,-0.0986675890369579,0.229559894082412,1,1,-0.37961425182943,0.178242940973277,0,0,-0.139003906594101,0.261934088776782,1,1,-0.375026352895771,0.241468818489947,1,1
"71",-0.43415340712837,0.226006655211055,17,0,1,0.00281862400088476,0.172263216940655,1,1,-0.369355469972367,0.212840286299011,0,1,0.0339295494478292,0.217560833726838,1,1,-0.374962081593673,0.262010344682807,1,1
"72",0.257040935687606,0.200075471286542,19,1,1,0.567479823621548,0.189574240998692,0,0,0.322048517041439,0.188242587847434,0,1,0.44990414054114,0.205912952937627,0,1,0.307706473016838,0.223197889725129,1,1
"73",-0.618920461493896,0.214319425496528,15,0,0,-0.0854009707216048,0.195589687753697,1,1,-0.514642159566833,0.202107134360513,0,0,-0.229437720501027,0.198679278105243,1,0,-0.451007109021492,0.284522106332803,0,1
"74",0.339845214931414,0.218756492661513,19,1,1,0.72009048209861,0.203584402145039,0,0,0.363716253592553,0.233864259325802,1,1,0.588141338121946,0.244815948637503,0,1,0.356898482959664,0.246226538671598,1,1
"75",0.115079279993534,0.270715096307799,1,1,1,0.301466291623601,0.184986350602919,1,1,0.0257078375974244,0.215952221024955,1,1,0.4261900403625,0.232403571574523,1,1,0.115079279993534,0.260934426892406,1,1
"76",-0.214990891400006,0.247604008826728,5,1,1,0.126151882480144,0.23017373460592,1,1,-0.17285849926004,0.209165848232173,1,1,0.219654056520558,0.236389826703348,1,1,-0.139316054640955,0.235284703442211,1,1
"77",0.0359277915282563,0.211733596915748,13,1,1,0.359287118942954,0.188841217201019,1,1,0.0860405818741373,0.191692074538828,1,1,0.223095413743094,0.195141750766332,1,1,0.0626912434267271,0.216938284702953,1,1
"78",-0.313756086481323,0.210026063951377,9,1,1,0.0647704607979387,0.203079610568856,1,1,-0.283605507961919,0.188112356767855,1,1,0.294157216661228,0.260156785704021,1,1,-0.317040847572657,0.271952130924569,1,1
"79",0.0495751493172774,0.210079526941575,7,1,1,0.426503997961928,0.195394193717294,0,0,0.104336288484591,0.199324902535073,1,1,0.495258671515571,0.243879504321656,0,1,0.0784148921211861,0.206263256236175,1,1
"80",-0.095512312163845,0.229612879873868,13,1,1,0.356359723221657,0.200945677013533,0,1,-0.0335834781417095,0.196657001973392,1,1,0.279306467798896,0.223822136309971,1,1,-0.0161325331565651,0.240751643947317,1,1
"81",0.0611726761352853,0.200171354431582,17,1,1,0.400453175496127,0.219204515665648,1,1,0.00977745872660866,0.230834937196344,1,1,0.381584932309109,0.247650909075127,1,1,0.00169628600587628,0.236653776657341,1,1
"82",0.0935257153517348,0.210169489014136,9,1,1,0.313156723266985,0.171980253413131,1,1,0.0969170732729433,0.179485209296979,1,1,0.272249854965731,0.250494209200322,1,1,0.0643146022727535,0.268238892515688,1,1
"83",-0.261700462556858,0.211267288194253,9,1,1,0.16167575697283,0.191635192490473,1,1,-0.262020718642586,0.186770517794807,1,1,0.409892155227936,0.223813426250623,1,1,-0.235072733001086,0.230228132903561,1,1
"84",-0.0112790520211153,0.205989644875667,17,1,1,0.165458019745999,0.221003952840494,1,1,-0.0873742803428353,0.215278841458472,1,1,0.352842131490486,0.263255309589975,1,1,-0.0757090134941795,0.313378619607533,1,1
"85",-0.134137197645898,0.202975847120281,19,1,1,0.169043032187798,0.204039682710372,1,1,-0.127939038158668,0.20782196486485,1,1,0.321930617437554,0.241054319015824,1,1,-0.0609569827751814,0.23490005783062,1,1
"86",0.138243759284197,0.216177719111867,13,1,1,0.396684501855363,0.216105843589112,0,1,0.0891414906507766,0.205025406507414,1,1,0.509862425819133,0.255163535128635,1,1,0.0882035575882542,0.264801014627516,1,1
"87",0.158943693218382,0.225519575543977,3,1,1,0.416750289418984,0.198196733611654,0,0,0.0560816640767748,0.217254253749816,1,1,0.515081799451865,0.258737795023068,1,1,0.0455884566645286,0.218787247846955,1,1
"88",-0.172502214813842,0.224995581409525,17,1,1,0.0136433970346351,0.18569188056197,1,1,-0.156641086995586,0.188806790357569,1,1,0.0385704716791648,0.233012029154362,1,1,-0.116683146535423,0.235513441771789,1,1
"89",-0.246277083384415,0.207639669011744,3,1,1,0.0731514210298842,0.19525384283798,1,1,-0.164691344269838,0.23089633219206,1,1,-0.122270259038809,0.231055976174219,1,1,-0.246339341878324,0.225526445682895,1,1
"90",-0.46781703350175,0.262838559056307,19,1,1,0.148764202596347,0.232680526606069,1,1,-0.387357893046984,0.20990544634435,1,1,0.279537793730709,0.235419869433738,1,1,-0.41453818820833,0.267272551758336,1,1
"91",0.233590402960376,0.222140514284815,19,1,1,0.514650467130932,0.197020502915051,0,0,0.201387136553779,0.218761655282513,1,1,0.729906825100097,0.265028659561231,0,1,0.184945277450316,0.22687480099382,1,1
"92",-0.384847609487176,0.22195504067582,3,1,1,-0.173018356011153,0.182447274400865,1,1,-0.407956652277117,0.186017989024564,0,0,-0.231901508212631,0.22201909688905,1,1,-0.439080522686838,0.20585562784204,0,0
"93",0.259840263818158,0.231780854911732,3,1,1,0.536700684904746,0.23284628335725,0,0,0.330635574471571,0.242860242986831,1,1,0.53239219406929,0.230208327735235,0,1,0.304226013216052,0.235330555443583,1,1
"94",0.0236565223619441,0.252251949856758,17,1,1,0.296679391686517,0.213251794095253,1,1,0.0701939269718943,0.228784293939838,1,1,0.243368483895049,0.248517518388333,1,1,0.0572240628849178,0.27114845332873,1,1
"95",-0.224074360203675,0.202088823900546,5,1,1,0.28309318900061,0.178705646733059,1,1,-0.113409417502059,0.191680375877483,1,1,0.239475331414241,0.249473465351856,1,1,-0.108770735323272,0.228072793398866,1,1
"96",-0.313820492168099,0.205128307836755,11,1,1,0.13557347564915,0.164517052013316,1,1,-0.29126291568452,0.182648805679021,1,1,0.152116946835586,0.233936912534988,1,1,-0.273908686697207,0.223141507639217,1,1
"97",0.188543342633024,0.262860602420744,1,1,1,0.349391745315455,0.190849634004867,1,1,0.0943144745052396,0.227980752437153,1,1,0.453905664174906,0.253345352060805,1,1,0.188543342633024,0.25695628382045,1,1
"98",-0.048112936414385,0.214325299677965,3,1,1,0.289130239755534,0.187561140537422,1,1,0.0587668141419407,0.217768923391247,1,1,0.318940258841212,0.250787522522579,1,1,0.0760134885013442,0.232401177847013,1,1
"99",0.200891463462549,0.229696383735565,7,1,1,0.488910091512681,0.208302755637069,0,0,0.209574643931653,0.190466375998521,1,1,0.403214742439627,0.21851023176002,0,1,0.151456685695251,0.268287932312782,1,1
"100",0.329125537500566,0.192199511173086,3,1,1,0.641639228128014,0.179590935081411,0,0,0.304501233126319,0.194113996165236,1,1,0.824242760369662,0.216794993481197,0,1,0.36319036380086,0.20069474320551,1,1
