"","V1","V2","V3","V4","V5","V6","V7","V8","V9","V10","V11","V12","V13","V14","V15","V16","V17","V18","V19","V20","V21"
"1",1.08365349371071,0.269958771101146,11,0,0,1.05977210260523,0.227513216605826,0,0,1.02661344026844,0.233975425402254,0,0,1.20201606041952,0.347136139350222,0,0,1,1,1,1
"2",0.626995239097156,0.250139532269084,19,0,0,0.679933118177447,0.206445616849627,0,0,0.666066936122039,0.207991041861855,0,0,0.589729978441664,0.24624215874277,0,0,1,1,1,1
"3",0.324058513873022,0.270599746562316,9,1,1,0.287514182634526,0.246203174144566,1,1,0.28175637460757,0.229620639633585,1,1,0.274960258444852,0.250181238422937,1,1,1,1,1,1
"4",0.489491463543649,0.245884180040642,9,1,0,0.487804600553489,0.213522503094625,0,0,0.495349548058922,0.254901697267605,1,1,0.580687019018591,0.261827584732505,0,1,1,1,1,1
"5",0.489509530584812,0.268081756828486,19,0,1,0.420978301152707,0.230923772149362,0,1,0.43276695161495,0.257408737376332,1,1,0.727903530374556,0.298886274242352,1,1,1,1,1,1
"6",0.854639611852829,0.291531807325924,15,0,0,0.746269795584045,0.201170484515941,0,0,0.793823208072133,0.241706745524445,0,0,0.767550097898246,0.368283194224222,0,0,1,1,1,1
"7",0.703473182037573,0.246968500198515,17,0,0,0.670726043467842,0.204052891964222,0,0,0.661608782173323,0.186096212909779,0,0,0.844037644100291,0.255973377658053,0,0,1,1,1,1
"8",0.734781740717527,0.292950459989364,3,0,0,0.702766813488254,0.240454647703087,0,0,0.68152781077574,0.258233634264717,0,0,0.604891501404078,0.285445959119496,0,0,1,1,1,1
"9",0.968718974385653,0.270546598115733,15,0,0,0.611591433830877,0.29937756757453,1,0,0.58794898644988,0.313584514801333,1,1,0.952811253389118,0.328023477389838,0,1,1,1,1,1
"10",0.945206979545699,0.292276497333664,11,0,0,0.863071716664097,0.247092620181772,0,0,0.907265461662515,0.213060450924662,0,0,0.613940450785552,0.438848206624309,0,0,1,1,1,1
"11",0.686026297433003,0.245020692195889,15,0,0,0.480331912464556,0.247930379652441,0,1,0.487330395842157,0.215512931082071,0,0,0.459729302379822,0.318273186421131,0,1,1,1,1,1
"12",0.73571843143941,0.254444732399795,15,0,0,0.744376658555005,0.259412952991426,0,0,0.743613324747794,0.28689045395731,0,0,0.977361918480754,0.312464526686705,0,0,1,1,1,1
"13",0.923459662675068,0.232687302264945,13,0,0,1.03904249002533,0.268112304039322,0,0,1.01449439361547,0.219764945626906,0,0,1.16363769663304,0.27712374263183,0,0,1,1,1,1
"14",0.895060900800273,0.252757933201506,19,0,0,0.748551199537718,0.224103707168266,0,0,0.779571280123417,0.290432416678458,0,0,0.612824637410393,0.314337223180586,0,0,1,1,1,1
"15",0.544009114889105,0.225495717585527,19,0,0,0.614127166198039,0.236930558020101,0,0,0.608970606897906,0.252837868544908,0,0,0.584985142999171,0.263013827958716,0,0,1,1,1,1
"16",0.495150968970515,0.237836840510815,15,0,0,0.484163482099337,0.205306264165218,0,0,0.466692159889357,0.237497727474424,1,0,0.352125596996776,0.322934016266993,1,1,1,1,1,1
"17",0.963933531107968,0.239936773383967,15,0,0,0.922343904940699,0.230491014915506,0,0,0.936933272187267,0.202082788986997,0,0,0.868143346995291,0.275889355986493,0,0,1,1,1,1
"18",0.74441260838984,0.221334063936031,11,0,0,0.65035291736886,0.17452848706677,0,0,0.680900492248123,0.192285104096627,0,0,0.76461521113235,0.250265843308327,0,0,1,1,1,1
"19",0.795874172709583,0.258665053036985,17,0,0,0.783849912035235,0.229112021481429,0,0,0.833314876844092,0.234545458581151,0,0,0.721172739446841,0.301782574468253,0,0,1,1,1,1
"20",1.0165092395713,0.252032121537706,15,0,0,0.848717257155645,0.270273762253376,0,0,0.841029361860032,0.267487346978421,0,0,0.791072976632291,0.34791093869759,0,0,1,1,1,1
"21",0.72361941995661,0.25264407571462,13,0,0,0.774687344557342,0.224429700158069,0,0,0.759603044187672,0.233883614365934,0,0,1.04434798312092,0.355678432646993,0,0,1,1,1,1
"22",0.749144608081893,0.267988118479951,19,0,0,0.717660702409953,0.235560538724904,0,0,0.720761905824677,0.219151515248691,0,0,0.756792214828918,0.300330432086127,0,0,1,1,1,1
"23",0.656259564355125,0.226267871493253,15,0,0,0.617199915244336,0.232208508277617,0,0,0.616996233089934,0.226655810569904,0,0,0.677942439413181,0.248966722113722,0,0,1,1,1,1
"24",0.431556772287377,0.302682073728593,17,1,1,0.483852606995024,0.232229597778662,1,0,0.492182454687576,0.20207153442578,0,0,0.545350314359069,0.341088847602661,1,1,1,1,1,1
"25",0.68402878500203,0.242758713124903,17,0,0,0.701038632425118,0.221746386027007,0,0,0.712493447823846,0.204174569664255,0,0,0.644593903221646,0.243430738995189,0,0,1,1,1,1
"26",0.814613844974959,0.2562024791738,11,0,0,0.723883399919739,0.203396627212557,0,0,0.763959051346911,0.234092101108331,0,0,0.566586766255134,0.364406859418054,0,0,1,1,1,1
"27",0.804727153336645,0.220792266373431,15,0,0,0.714931933356148,0.186287890552008,0,0,0.747600468482614,0.209856581000114,0,0,0.665703533742658,0.241447610069933,0,0,1,1,1,1
"28",0.603031786634123,0.225522479409879,19,0,0,0.698175285551583,0.203720990594175,0,0,0.631756469882147,0.215090569963974,0,0,0.738821325038457,0.295004694165473,0,0,1,1,1,1
"29",0.725292375231398,0.230881970272881,15,0,0,0.803528642412981,0.248869567462366,0,0,0.79764106162928,0.23904032404292,0,0,0.884372317404326,0.272295320381612,0,0,1,1,1,1
"30",0.645804104580692,0.274742835084427,7,0,0,0.369224676209672,0.391531186436949,1,1,0.39957664130177,0.342342356712701,1,1,0.428042328065391,0.324316827932811,0,1,1,1,1,1
"31",0.866655876307265,0.206878150739853,11,0,0,0.768595850309158,0.239057110124037,0,0,0.837529130822701,0.206011315164053,0,0,0.730515249687662,0.239702157209736,0,0,1,1,1,1
"32",0.98766330691328,0.280833186008261,3,0,0,0.970346924390806,0.287232094490819,0,0,0.976477272215352,0.228884976506047,0,0,0.807907575442717,0.313902459885362,0,0,1,1,1,1
"33",0.864275731266732,0.241312590028679,19,0,0,0.829752373158599,0.206628425734325,0,0,0.848423128453042,0.228871570589572,0,0,0.969066430798748,0.228579695502866,0,0,1,1,1,1
"34",0.40578124783804,0.23654964164122,17,1,1,0.41965727357512,0.210981582272273,0,0,0.399470825330586,0.214795512068413,1,1,0.234610862809695,0.279945476813317,1,1,1,1,1,1
"35",0.566834773236895,0.291500828611554,1,1,1,0.406853725780326,0.285653813807002,1,1,0.462631433511624,0.31041705254106,1,1,0.546373273672676,0.298257294036522,1,1,1,1,1,1
"36",0.74886834796433,0.254126946462955,11,0,0,0.786384120199261,0.205733710252194,0,0,0.762280359022147,0.205176288687874,0,0,0.684490958823856,0.305696973543001,0,0,1,1,1,1
"37",0.971062586237446,0.231852929944986,15,0,0,0.801616056285682,0.246675156470365,0,0,0.834075399231468,0.219738327731579,0,0,1.06318469407142,0.259135076490658,0,0,1,1,1,1
"38",0.565770180151174,0.267525252507781,17,0,0,0.605320114788598,0.245789267606513,0,0,0.675048594923996,0.300798230079981,0,0,0.449308342290762,0.261044163644617,0,0,1,1,1,1
"39",0.593377843497233,0.262911090706757,9,0,0,0.501414078107845,0.209232676125692,0,0,0.509211628785136,0.234069488397098,0,0,0.671771239537147,0.257000890028162,0,0,1,1,1,1
"40",1.24075770919151,0.314531904054736,3,0,0,1.76070328121056,0.802097344310838,0,0,1.77046950853189,0.756489695977958,0,0,1.76475626173121,0.466347914042189,0,0,1,1,1,1
"41",0.614905453902575,0.274091145585884,11,0,0,0.645902302194557,0.206033586297238,0,0,0.618335327101658,0.254779705593575,0,0,0.634672042400535,0.287325323541245,0,0,1,1,1,1
"42",0.987702270321572,0.268512868912322,7,0,0,0.974920222742843,0.273126119253519,0,0,0.958696309615225,0.241339858464145,0,0,0.629662459956114,0.301693076004254,0,0,1,1,1,1
"43",0.886918170307785,0.255442420248694,11,0,0,0.76853229479928,0.236055763510183,0,0,0.804871629904779,0.233955380308683,0,0,0.87718509527875,0.333928804984846,0,0,1,1,1,1
"44",0.775326471186605,0.296167342830724,7,0,0,0.784304234283513,0.213436200439907,0,0,0.790466465849868,0.267508051223192,0,0,0.975411655695609,0.292701145669727,0,0,1,1,1,1
"45",0.50113603060074,0.273214796572411,11,1,1,0.284197078436649,0.266315184196623,1,1,0.317936164156848,0.241299353550721,1,1,0.312122548265873,0.307945717573032,1,1,1,1,1,1
"46",0.39557890107425,0.235485427243014,11,1,1,0.374178027469313,0.247790985936492,1,1,0.349437205220897,0.244265328124558,1,1,0.1318610499301,0.297692051301812,1,1,1,1,1,1
"47",0.931659135190798,0.309957244687621,1,0,0,0.823890123353781,0.271076923336571,0,0,0.873266599721754,0.24942099456643,0,0,0.910441662561357,0.305188789368528,0,0,1,1,1,1
"48",0.0521262581130494,0.276893888699041,11,1,1,0.242742069616604,0.296906382732648,1,1,0.149160781411032,0.255431226701992,1,1,0.0217528693283438,0.319292180423667,1,1,1,1,1,1
"49",1.14154666565759,0.233323934405029,9,0,0,1.15030783317902,0.201237693129164,0,0,1.16114447565751,0.213441264570506,0,0,1.08481543250122,0.27384088150442,0,0,1,1,1,1
"50",1.17526471529453,0.276623030838085,15,0,0,1.1699704363762,0.272668753904372,0,0,1.19828249968908,0.273628292446888,0,0,1.12619202391774,0.307117798629154,0,0,1,1,1,1
"51",0.519351169547922,0.278213127181176,9,0,1,0.473797746642575,0.222367667120181,0,0,0.544252609374992,0.227797790213788,0,0,0.292704628717755,0.273645044061737,1,0,1,1,1,1
"52",0.69511049490244,0.206245615661532,15,0,0,0.710871020854478,0.188413466250761,0,0,0.680874088217879,0.218681320639479,0,0,0.826472767526577,0.24480401819236,0,0,1,1,1,1
"53",0.730378912945696,0.275428059704801,11,0,0,0.792449645545742,0.319251216241563,0,0,0.806386839420314,0.288089726930754,0,0,0.66436464398105,0.293055612626215,0,0,1,1,1,1
"54",0.635358757633933,0.253252569382029,19,0,0,0.792357462701366,0.202098717267959,0,0,0.785322207898735,0.216839097109186,0,0,0.961253059075665,0.258370565202655,0,0,1,1,1,1
"55",0.615086557438038,0.22519366286136,17,0,0,0.7500382025568,0.215515994288264,0,0,0.747885127709348,0.252294511234806,0,0,0.874496663921597,0.307036627659103,0,0,1,1,1,1
"56",0.459295430311337,0.292224426501419,5,1,1,0.562017030335722,0.265628716905622,0,0,0.498434053705378,0.253642382181441,0,0,0.361458856335522,0.299228033898248,0,1,1,1,1,1
"57",0.799728977468014,0.223332692437858,7,0,0,0.808055743260872,0.224008913946919,0,0,0.770755694520623,0.244500759114829,0,0,0.552102501767482,0.335433381715916,0,0,1,1,1,1
"58",0.930603612321124,0.232168173167587,11,0,0,0.918712798355693,0.209361821197643,0,0,0.905723081940447,0.227778459987119,0,0,0.681879411563431,0.289870520541042,0,0,1,1,1,1
"59",0.708407354819745,0.242619616161926,9,0,0,0.79204251768733,0.232944941370539,0,0,0.721457826400024,0.25256170466057,0,0,0.565810028020406,0.316751841828659,0,0,1,1,1,1
"60",1.16197057106363,0.27172403004588,9,0,0,1.19788541391912,0.272294531819825,0,0,1.22163279461749,0.318579444743488,0,0,0.90727736552015,0.333537060477734,0,0,1,1,1,1
"61",0.827597598968153,0.266682552351175,17,0,0,0.772104082346554,0.229720491722808,0,0,0.842721363808731,0.225286511157572,0,0,0.77609684963493,0.239189244593121,0,0,1,1,1,1
"62",0.2236785830744,0.287979136496759,9,1,1,0.419128564036256,0.257560264439985,0,1,0.421641000127364,0.29184934038387,1,1,0.0836637630551072,0.31036968250619,1,1,1,1,1,1
"63",0.631310129068784,0.289805092670792,13,0,0,0.510288756291947,0.196038422937286,0,0,0.514888160505506,0.241074160708127,0,0,0.457841220094184,0.294281375380018,0,1,1,1,1,1
"64",0.697501098723938,0.321275219372649,3,0,0,0.703582580374621,0.327081983312983,0,0,0.640539482041051,0.317708592566979,0,0,0.448614916671464,0.335159624994269,1,1,1,1,1,1
"65",0.755987465992308,0.294380776104875,7,0,0,0.673877369383586,0.240360415997283,0,0,0.726069754598849,0.270129090382671,0,0,0.678670699499442,0.345978224032459,0,0,1,1,1,1
"66",0.624523480186782,0.319329197260916,5,1,1,0.763546282872162,0.332288514191531,0,0,0.762534498115583,0.322107845854025,0,0,0.522404209813797,0.273460824745131,0,0,1,1,1,1
"67",0.842496004572793,0.246288349474343,3,0,0,0.833333000141166,0.206354161182029,0,0,0.873275453852613,0.199581134022385,0,0,0.713265154407883,0.261703345460265,0,0,1,1,1,1
"68",0.678057095078876,0.2661555171446,1,0,0,0.666624655854893,0.233537965008261,0,0,0.65277746115706,0.212908192877436,0,0,0.688395761586843,0.265928014279031,0,0,1,1,1,1
"69",0.921634468477598,0.256226188236717,17,0,0,0.902051649504996,0.235017091251387,0,0,0.85979390483312,0.268940051748876,0,0,0.996251020460709,0.455705293938881,1,1,1,1,1,1
"70",0.635522944338334,0.222371109372617,19,0,0,0.652768839853753,0.239360280306871,0,0,0.654534162103815,0.222951019467041,0,0,0.799155414912234,0.247506732069043,0,0,1,1,1,1
"71",0.416019612887436,0.24000026190202,7,0,1,0.673580247338606,0.232623772419156,0,0,0.684854630778367,0.224172500261296,0,0,0.551123196953561,0.271958770415272,0,0,1,1,1,1
"72",1.01731013669821,0.213470864021367,11,0,0,0.965738386011772,0.204499855002078,0,0,0.974365134638964,0.208504661049958,0,0,0.974584214315181,0.291511953238341,0,0,1,1,1,1
"73",0.49165120985509,0.264968019508431,17,0,1,0.563103963702962,0.234800753622274,0,0,0.554418248964684,0.264956741383169,1,0,0.383102042628421,0.363540158204003,1,1,1,1,1,1
"74",0.828876930568157,0.23610878677847,17,0,0,0.868007535403991,0.21476634842678,0,0,0.839062675575774,0.215501257877793,0,0,0.752027298587773,0.310639388326115,0,0,1,1,1,1
"75",0.967885794807285,0.227720665747348,9,0,0,0.912822932698935,0.212150813578635,0,0,0.87069734805206,0.218149708421047,0,0,1.03978544563873,0.22904964973337,0,0,1,1,1,1
"76",0.98164749299292,0.223932305912272,11,0,0,0.942696900723915,0.197842007675278,0,0,0.928464539269926,0.193801938391894,0,0,1.08415792375111,0.256190471294397,0,0,1,1,1,1
"77",0.609195307802338,0.27996483602339,15,0,0,0.672893871862397,0.263447544108952,0,0,0.6919060224669,0.25811288584197,0,0,0.397903898214148,0.342798261208033,1,0,1,1,1,1
"78",0.563279805249813,0.243332117829111,13,0,0,0.304781228585434,0.30065095783532,1,1,0.335337326305404,0.226959382065226,1,1,0.570990391258725,0.266772823535254,0,1,1,1,1,1
"79",0.779394263657054,0.275271528300446,19,0,0,0.742620155025227,0.229257863522257,0,0,0.723232959215219,0.237524491711604,0,0,0.228280294774427,0.452414881520426,1,1,1,1,1,1
"80",0.559560412039308,0.261960909358089,13,0,0,0.674286314586314,0.209976929244562,0,0,0.679964413996391,0.203125189813195,0,0,0.577197395309792,0.263634115216335,0,0,1,1,1,1
"81",0.409182691228561,0.271768352657497,1,1,1,0.363055744385431,0.249967378945439,1,1,0.313890758599899,0.231597396313986,1,1,0.430031173639583,0.291752038985925,1,1,1,1,1,1
"82",0.381508080864969,0.259721694886626,5,1,1,0.381008036243486,0.249722266313698,1,1,0.360331002407591,0.246915034624825,1,1,0.588152309795419,0.274972099932951,1,1,1,1,1,1
"83",0.875695750314642,0.237031088265506,15,0,0,0.896002153333076,0.240263064997396,0,0,0.919657203154009,0.227604563225461,0,0,0.599325202457607,0.280307517505228,0,0,1,1,1,1
"84",1.06393645670806,0.24858452360495,13,0,0,1.01756269572949,0.199998824459974,0,0,1.03756742689202,0.227869307070669,0,0,1.26350871775254,0.237917484180472,0,0,1,1,1,1
"85",0.57579906619832,0.216167314591533,7,0,0,0.554204557738428,0.222441310110602,0,0,0.507452301911294,0.245992145853554,0,0,0.339574017746478,0.308500558642986,1,1,1,1,1,1
"86",0.529478712067678,0.295503075665033,5,0,1,0.664945536466859,0.262126663120752,0,0,0.636442823977777,0.218859847855435,0,0,0.621757119571683,0.302107574922734,0,0,1,1,1,1
"87",0.48759945073874,0.295840101727479,7,1,1,0.37128845621857,0.226280269475707,1,1,0.377156536510523,0.247111108938939,1,1,0.332987489811122,0.299294671631374,1,1,1,1,1,1
"88",0.92172780570525,0.246976868798691,17,0,0,0.923174069812864,0.224628005025145,0,0,0.960960610428334,0.23140293928632,0,0,1.15097100204409,0.257751114326996,0,0,1,1,1,1
"89",0.978465626495345,0.2120668245355,9,0,0,0.982912452656938,0.195275773642772,0,0,1.0070879864785,0.223321230551255,0,0,1.27665814090798,0.269525195311722,0,0,1,1,1,1
"90",0.693879313809732,0.297314071632902,3,0,0,0.759410241621088,0.28430551141889,0,0,0.755541294031545,0.275480825011259,0,0,0.764812686464967,0.318671015005595,0,0,1,1,1,1
"91",0.609037333166419,0.239259137378487,19,0,0,0.583457776166193,0.253680952111207,0,0,0.595452162930179,0.289596510956071,0,0,0.288516371440196,0.318113211046375,0,1,1,1,1,1
"92",0.853028423029858,0.299758838276697,5,0,0,0.778300362818579,0.253084432273448,0,0,0.843505085382303,0.244993678587385,0,0,0.987667260065232,0.286207224429301,0,0,1,1,1,1
"93",0.623967086544003,0.235103484656519,7,0,0,0.811039887301476,0.212295699290291,0,0,0.777308637443959,0.214737750955719,0,0,0.646886910677012,0.27814053420845,0,0,1,1,1,1
"94",0.336465422141213,0.258067236400892,9,1,1,0.499517531794175,0.22246435317184,0,0,0.441849489647432,0.247578262706933,1,1,0.407755307356575,0.286977231828967,1,1,1,1,1,1
"95",0.406631715975212,0.2973534484806,3,1,1,0.3874390863737,0.214198355724463,1,1,0.345520766895127,0.20734133853163,1,1,0.496921134891796,0.289153327727708,1,1,1,1,1,1
"96",0.479692971216108,0.259979211452131,11,0,1,0.468700524635906,0.24886290389248,0,1,0.446891102273297,0.257323190810771,1,1,0.639666284192185,0.260792463763342,0,1,1,1,1,1
"97",0.989875737110297,0.303328208678536,15,0,0,0.820943588707058,0.218588354718982,0,0,0.876503885117145,0.255788827690484,0,0,0.840680842723178,0.339674104052617,0,0,1,1,1,1
"98",1.1978019072926,0.293785522408023,19,0,0,1.10276275678379,0.247931990218127,0,0,1.0869569302408,0.285112421096941,0,0,1.02446301394575,0.304696564180475,0,0,1,1,1,1
"99",0.626713268251352,0.250330260130833,3,0,0,0.507431611516396,0.2291663856189,0,0,0.488224890893581,0.238541124848603,0,0,0.568688977142691,0.265752782043468,0,1,1,1,1,1
"100",0.444920189056504,0.219720731007104,11,0,0,0.533009792282219,0.20978955574377,0,0,0.516629587918515,0.185866248555132,0,0,0.528068187179829,0.23523992111679,0,0,1,1,1,1
