"","V1","V2","V3","V4","V5","V6","V7","V8","V9","V10","V11","V12","V13","V14","V15","V16","V17","V18","V19","V20","V21"
"1",-0.440334331844265,0.367280838250756,13,1,1,-0.551772960062885,0.670172739443217,1,1,-0.46517349122988,0.566204181349388,1,1,0.922628449481895,0.778500170337284,1,1,0.33526773875117,0.816176584008618,1,1
"2",0.133219427437073,0.296504657868219,11,1,1,0.581895229353912,0.75411928339135,1,1,0.66582106049626,0.796235867214749,1,1,0.199964656569216,0.351128771251771,1,1,0.610336560239744,0.350101363954902,1,1
"3",0.930356195057697,0.284555167171081,17,0,0,0.28949190679923,0.251587916362291,1,1,0.292156533940215,0.289328789492283,1,1,0.630611134708254,0.322321222471001,1,1,0.820388795054781,0.332700085706635,1,0
"4",0.0607828026247897,0.446286726376287,15,1,1,0.168674145897864,0.236936238646868,1,1,0.169584726909054,0.286817784676562,1,1,-0.0762334242666401,0.413734644606563,1,1,0.606949632951178,0.50615982751333,1,1
"5",-0.000136536897880981,0.600150956725438,7,1,1,-0.0618377963780434,0.510079606930181,1,1,0.111554092988949,0.479921500652145,1,1,-0.739633914287029,0.617188699307976,1,1,0.752104305290654,0.56459319184008,1,1
"6",-0.284582294369715,0.395637540354304,11,1,1,1.50812505459453,1.9957731124581,1,1,1.64239453199241,2.22397861027844,1,1,0.623341152660068,0.557741250298183,1,0,0.328740832277851,0.55420179033676,1,1
"7",0.152079105881909,0.384970712317794,5,1,1,-0.314630264698788,0.843557507354284,1,1,-0.306879478191116,0.806464769580366,1,1,0.0481641176517163,0.414322909797038,1,1,0.819891407002078,0.399450425509369,1,0
"8",-0.102494103788378,0.450599969357598,13,1,1,0.254730625049558,0.396661481696992,1,1,0.290948362360553,0.444625528866528,1,1,1.04936392970799,1.11123292678015,1,1,0.703907411430597,1.2503923579997,1,1
"9",0.099321804539186,0.358879175332653,7,1,1,-4.15901658534777,4.09572297407451,1,1,-3.71915823513647,3.81329502103375,1,1,0.0788309742726787,0.393276541551926,1,0,0.479364046601208,0.442126790441429,1,1
"10",-0.557316163699502,0.510414972893373,3,1,1,0.0369838084988967,0.26341865334129,1,1,0.11976843613164,0.314739075666878,1,1,-1.48219090008007,0.651015484524446,1,1,0.028663732212389,0.594878907352245,1,1
"11",0.111865680115672,0.279703081299576,17,1,1,0.810519731132659,1.16986073568006,1,1,1.02746516009311,1.32984114388853,1,1,-0.157227345394282,0.703979481136044,1,1,0.357505445159958,0.770146178483326,1,1
"12",0.57818912679792,0.576951827284267,5,1,1,0.538836722162101,0.24157753042068,0,0,0.627822892045634,0.27759148430459,0,0,0.62518764375307,0.49734387740626,1,1,0.918564726128277,0.62211003006447,1,1
"13",0.216426567480281,0.481039459162372,15,1,1,-0.160907558895758,0.652356120424081,1,1,-0.14591032014008,0.598435923180742,1,1,-0.342577465625934,0.80357252873205,1,1,0.580164124854757,0.758567977517821,1,1
"14",0.506051344160219,0.37396877221206,7,1,1,2.83074214356859,2.10898269889931,0,1,2.57716479468341,2.73994539530157,1,1,0.694346341176903,0.411250735442335,1,0,0.812107170791901,0.440225352022321,1,1
"15",0.121323044625989,0.477879432882356,13,1,1,-0.0112117313410062,0.335865240437249,1,1,-0.0174766982791399,0.350762393929642,1,1,-0.739677253664953,0.83362265157283,1,1,0.391094613911517,0.861903633744639,1,1
"16",-0.461678194805897,0.364752433959743,9,1,1,-0.447115164836054,0.347825737592612,1,1,-0.528760497759276,0.356566494472612,1,1,-0.319834937527372,0.368144387680104,1,1,0.258339612236864,0.428752164694982,1,1
"17",-0.0135479599954001,0.42677063626269,7,1,1,0.155905991345492,0.250532695788041,1,1,0.207081183102682,0.252538721647029,1,1,-0.159014735043809,0.424148744032128,1,1,0.499008902649225,0.434485313124584,1,1
"18",-0.181339641687339,0.386398156276365,13,1,1,0.0536967643503123,0.360847468964029,1,1,0.0608095087973569,0.344351183986272,1,1,-0.385459551888403,0.411991663454507,1,1,0.322399840709809,0.424378961497008,1,1
"19",0.361457387819589,0.371674161239965,15,1,1,0.388841274119373,0.2582559469686,1,1,0.500721751358558,0.306000714116316,1,1,0.592188436041406,0.90390597278119,1,1,0.922508615325403,0.914011766510132,1,1
"20",-0.261356336122462,0.28478098303838,15,1,1,-1.17725866477166,0.921902615889293,1,1,-0.782212130714133,0.735374899252529,1,1,-0.426025221336714,0.374638103362489,1,0,0.369192225989242,0.337027816829432,1,1
"21",0.456146960805761,0.425819369770108,9,1,1,0.736091628882482,0.384045870896198,0,1,0.712726237894396,0.362085466597049,0,0,0.573356412634377,0.601877819080823,1,1,0.566225383939093,0.613390295037148,1,1
"22",-1.07180948593354,0.39644889097442,1,0,0,-1.12761880045034,0.801260337174119,1,1,-1.17632258613821,0.761905092936563,1,1,-1.01477904948342,0.341094117322995,0,0,-1.07180948593354,0.433813128214704,0,0
"23",-0.397588003512802,0.570224035614927,3,1,1,-0.759592063752592,1.02952608190633,1,1,-0.785395429934549,0.976418241041861,1,1,-0.2679339167414,0.515906547061864,1,1,0.609893019118147,0.541613236051885,1,1
"24",-0.305502344153468,0.369913886857061,17,1,1,-0.0988982563605462,0.393314529159587,1,1,-0.143220017741831,0.476737954869454,1,1,-0.254006482400994,0.408142586080441,1,1,0.299610891726871,0.429116189170383,1,1
"25",-0.329802045642812,0.372017430418955,9,1,1,-0.326880430541455,0.45617717348458,1,1,-0.262835092774501,0.545346936021544,1,1,-1.19095547267862,0.696936760404241,1,1,0.519982246282607,0.708975740666707,1,1
"26",0.159445834313051,0.311925945065373,19,1,1,0.140092732718608,0.418051102420298,1,1,0.145560026837447,0.413346092317308,1,1,0.643198386986308,0.365612795228465,1,1,0.552818662253969,0.38831245276461,1,1
"27",-0.215168897307739,0.311453160799349,13,1,1,-0.587262101643495,0.677672281674822,1,1,-0.519774883795898,0.601937892320167,1,1,-0.450902266658076,0.483605603794816,1,1,0.551241501274786,0.472737287580682,1,1
"28",0.193217518377293,0.415112610052647,11,1,1,0.58443096700902,0.465925565556033,1,1,0.654451268912544,0.507919734218017,1,1,1.06026419277975,0.637026360019591,1,1,0.724371058941146,0.666912177874604,1,1
"29",0.108791605199619,0.354991555414148,15,1,1,0.339347192718379,0.363683862408236,1,1,0.149736885882506,0.413067740747186,1,1,0.259417155033648,0.46261189136066,1,1,0.584261100187362,0.44174777333453,1,1
"30",0.294894374875584,0.463557118635496,11,1,1,0.591702673011676,0.836157650381829,1,1,0.585953411325906,0.826869239588761,1,1,1.4212194162704,0.902114396984046,1,1,1.03510529367194,0.898110218458404,1,1
"31",0.677816231935234,0.511408909634362,5,1,1,0.836642523693393,0.648472048589517,1,1,0.936131005901727,0.48695139473615,0,1,0.719207433771077,0.824470875703699,1,1,0.883757275282825,0.68718262406329,1,1
"32",0.486625833310949,0.312512644417298,15,1,1,0.241092716287186,0.396322178681958,1,1,0.286292540213601,0.374314028396934,1,1,0.318160768821856,0.452514551428728,1,1,0.792154889115651,0.45060749547329,1,1
"33",-0.37766622030216,0.336175994850325,17,1,1,-0.0297865807623779,0.282381162948845,1,1,-0.0539264302531376,0.270143901969872,1,1,-0.0272674043273023,0.45295085772271,1,1,0.394597496067865,0.437358029998123,1,1
"34",0.798158167287117,0.399432176859535,13,1,0,1.03245708416748,0.444656373417286,0,0,0.897898449033503,0.395422576609232,0,0,0.739016884270764,0.544430593332628,0,1,0.55996399435472,0.542839323508807,1,1
"35",0.169136879991793,0.42896793210372,13,1,1,-0.190904155677441,0.442106436372475,1,1,-0.213245568443328,0.472234571176099,1,1,-0.370327809977287,0.468508636843702,1,1,0.721065119257864,0.518863317265917,1,1
"36",-0.228372608413388,0.429629135276865,13,1,1,0.00988292627919031,0.581687724395468,1,1,-0.0746112522566988,0.626995498527455,1,1,0.622096154065512,0.72385269690972,1,1,0.534838939127538,0.745479856083285,1,1
"37",0.301954571932332,0.313324975183368,19,1,1,0.202152989234384,0.353337664077624,1,1,0.152443718866214,0.3686992776151,1,1,0.229092107526722,0.357478667976356,1,1,0.67457469771781,0.388038109087308,1,1
"38",-0.24946079414084,0.3525599261478,11,1,1,-0.108071886708949,0.252891649209468,1,1,-0.139618858862564,0.2945239576054,1,1,-0.343803114536146,0.434863873172293,1,1,0.352122311374975,0.438988232264747,1,1
"39",0.0970876444345519,0.480892925980308,7,1,1,0.110119247720515,0.28849076496529,1,1,0.149387090766285,0.304717970558087,1,1,0.0825997503093985,0.499082984550601,1,1,0.714823317096791,0.533384614154996,1,1
"40",0.899835931660641,0.353071299837349,19,0,0,0.57994768188428,0.253060691147582,0,0,0.73467080728844,0.303757053180454,0,0,0.5204865464932,0.458593671075347,1,1,1.17850576207993,0.450870808105939,1,0
"41",-0.250804971653167,0.430324554481431,5,1,1,-0.38557656862946,0.762381049187736,1,1,-0.159270384194147,0.934825917162813,1,1,-0.347723188667924,0.426996523791074,1,1,0.262844522452142,0.450006590513718,1,1
"42",0.12581198630649,0.356761617560599,17,1,1,0.405274529530892,0.311693592162503,1,1,0.363818029010025,0.287810960785513,1,1,0.679461057005944,0.588518692416234,1,1,0.723729614050644,0.599199585191947,1,1
"43",0.526234814327917,0.373588470251311,13,1,1,0.454705629628495,0.258864307961674,1,1,0.351672227368542,0.288905509488512,1,1,1.62244256807862,0.882086646501884,1,1,0.498584687834878,0.980746637803409,1,1
"44",0.922266532221335,0.360077101399818,15,0,0,0.824893639623614,0.97688085081954,1,1,0.821761555684026,0.951400529432403,1,1,0.947213666037897,0.657419812439961,1,1,1.13981255754077,0.662018223679582,1,1
"45",-0.352210681018609,0.312578412873036,11,1,1,-0.57243250058014,0.499014626534311,1,1,-0.703471696127545,0.460330396444185,1,1,-0.330090567753235,0.479435033770534,1,1,0.185094068694716,0.435218637562235,1,1
"46",0.943002410030026,0.352893418703287,19,0,0,0.269768842542537,0.716268296443923,1,1,0.416691033241408,0.747428300323749,1,1,0.232249578095983,0.564641397151359,1,1,0.866063154033982,0.528500751095014,1,1
"47",0.387501572975238,0.3667206153175,15,1,1,0.412083674782157,0.264588649221434,1,1,0.416091887232563,0.315861101888166,1,1,0.754460612370953,0.714267695970256,1,1,0.791764370654043,0.75405611742887,1,1
"48",0.92055650373368,0.353936152142195,19,0,0,0.731249860179805,0.36447420985238,0,0,0.766491635813791,0.342666705406818,0,0,1.52604554120405,0.899411414425671,1,1,1.02294566543475,0.786284012546535,1,1
"49",0.422464583514034,0.402537561517103,11,1,1,0.339805701344753,1.51576082756094,1,1,-0.0630785924783732,1.11897250450041,1,1,0.917755401296559,0.530828551105177,1,1,0.742264480725063,0.504809723140703,1,1
"50",-0.313187357916331,0.449962988684149,15,1,1,-0.073319037983944,0.247037941700729,1,1,0.0358174638750897,0.284676943722163,1,1,0.136079698788975,0.847044873153642,1,1,0.429632751847346,0.80618862017929,1,1
"51",0.961128217042501,0.393457831969289,13,0,0,0.93778755461086,0.425950847536572,0,0,0.925330939804906,0.444723977188139,0,0,0.719618445638507,0.56170352721427,1,1,0.859460941165913,0.556411206312143,1,1
"52",0.50579626629556,0.323324609426768,13,1,1,0.433931438688924,0.230291911374289,1,1,0.468949368193362,0.257682751391878,1,1,0.372405552388567,0.436444319045107,1,1,0.813416732388651,0.42556023667446,1,1
"53",-0.486817717401127,0.414689236211887,9,1,1,0.057252932948485,0.274412132838661,1,1,0.0302242933813893,0.32774815174087,1,1,0.373586123917889,0.660029006314722,1,1,0.498455031300205,0.65683944831619,1,1
"54",0.717063326557234,0.337584418772314,13,1,0,0.627816507589863,0.43362728856887,1,1,0.598904590889126,0.433894790726123,1,1,0.737307695346845,0.564521400520212,1,1,0.99543157213885,0.612036856450824,1,1
"55",0.636415959091915,0.357786462086511,19,1,1,0.480432536445221,0.379536057479332,1,1,0.446778008028768,0.423583277365631,1,1,0.193448494628031,0.464868553841538,1,1,0.954439549915241,0.522611464720805,1,1
"56",-0.0608050807802682,0.439549269230383,19,1,1,0.0827797031564508,0.314225579537652,1,1,-0.0525081220069063,0.372753636712463,1,1,0.330465592031896,1.15127481619533,1,1,0.490262622945345,1.21962636587811,1,1
"57",0.462332430068229,0.443411562900509,3,1,1,0.436417865554545,0.3582991846762,1,1,0.34442545553919,0.340359684806256,1,1,0.0338238444188324,0.472542280982536,1,1,0.409966377351161,0.443300929526355,1,1
"58",0.459921562520697,0.366848442182674,19,1,1,0.61343743995825,0.355763012615046,1,1,0.587832184176636,0.367717054929066,1,1,0.767968071216757,0.651689085458644,1,1,0.588322007107304,0.671510224023532,1,1
"59",0.311812719336985,0.347774629987693,17,1,1,4.37751827673914,6.03396182990536,1,1,4.68083414867209,7.21207995133141,1,1,0.16538308548633,0.483022093153896,1,0,0.750292538558913,0.509873987102692,1,1
"60",0.860386640525681,0.597004518791637,11,1,1,0.667482924679649,0.743869248468182,1,1,0.626617311780119,0.678592085791449,1,1,-0.000791661122303833,0.761993926844541,1,1,0.782862045418698,0.710344267696906,1,1
"61",-0.494202398181137,0.45326774211853,5,1,1,-0.474107756575344,0.528961512667664,1,1,-0.479061936003664,0.558553259451406,1,1,-0.792395062905569,0.411898341521203,1,1,0.0954186613586925,0.44470869039217,1,1
"62",0.121109268321679,0.405089437057827,15,1,1,0.0239275257931017,0.28126022906191,1,1,0.0393349682847017,0.310940068591293,1,1,-0.0548409052757741,0.608438973825276,1,1,0.563017735163695,0.633662806787081,1,1
"63",0.153403952352128,0.30223220459651,19,1,1,-0.371974494410275,0.444345120794443,1,1,-0.321284884875967,0.397187744196426,1,1,-0.795703734858347,0.366058215628466,1,1,0.237107743838151,0.345611232037324,1,1
"64",-0.339267258611586,0.407508692304172,1,1,1,-0.0202533143834536,0.300038392658232,1,1,-0.0708764100703632,0.316060354535304,1,1,-0.515362632693534,0.484296189514203,1,1,-0.339267258611586,0.391668806760549,1,1
"65",0.314023409452729,0.354676003298829,9,1,1,-0.307334276395594,0.544753990930729,1,1,-0.263923572258824,0.657630527063639,1,1,-0.350517668782203,0.510935483782467,1,1,0.665606817702481,0.491309616346626,1,1
"66",0.638642754921663,0.373838240962617,7,1,1,0.707463903351779,0.758474720508049,1,1,0.693916088884621,0.689278296161781,1,1,0.813932870182434,0.584996108480692,1,1,0.759333632430124,0.530399492083249,1,1
"67",0.367565379133038,0.376762127208853,17,1,1,0.108091941202593,0.251751780258337,1,1,0.0799011151174922,0.258820463279621,1,1,0.271733913256327,0.60096147060278,1,1,0.447944405973254,0.627300470326268,1,1
"68",-0.287067850294501,0.503888825587837,11,1,1,-0.84262733619727,0.979727689688877,1,1,-0.82473457934155,1.07487442529089,1,1,-1.97402680665624,1.12581870387001,1,1,0.79057150965059,1.12202879138089,1,1
"69",0.277725918501121,0.405270877611325,17,1,1,0.084302416908238,0.578208281250837,1,1,0.147811431944767,0.614956569835218,1,1,-0.336680868561285,0.80879562966758,1,1,0.876833482294139,0.769611433403446,1,1
"70",-0.155616805204417,0.423922790297087,15,1,1,-0.723295294892577,1.11747109660945,1,1,-0.831117470415908,1.09556078824712,1,1,-1.4577248256103,0.885723488427156,1,1,0.674038660671915,0.852910904356996,1,1
"71",0.260939093126735,0.340364068180545,19,1,1,0.00573611325197224,0.320431744774305,1,1,0.0698257566011097,0.304674846825595,1,1,-0.659614108843964,0.553849400552957,1,1,0.630224967034628,0.542681547820205,1,1
"72",0.893863557080168,0.456898605394773,9,1,1,1.18492473882989,0.650597923323222,0,1,1.19044141078253,0.600113192647372,0,0,1.35681557788046,0.626596785349039,1,1,0.975726156184609,0.593820727052072,1,1
"73",0.834718929480202,0.37262248056939,17,0,0,0.597141845849994,0.441218410900569,1,1,0.633838335481469,0.433588792440624,1,1,0.566524627502686,0.622968558450863,1,1,1.01834261176008,0.607601923558447,1,1
"74",-0.14802185910428,0.392938440886312,17,1,1,0.33931367241915,0.485689277878413,1,1,0.253982799695975,0.475058968969546,1,1,0.453038829293195,0.519855461058539,1,1,0.858854795878611,0.465729580699292,1,1
"75",0.301680154521743,0.331510735802475,7,1,1,0.685795212203721,0.331152617546288,0,0,0.689503024902104,0.302387412448809,0,0,0.669615476879142,0.387577547954974,1,1,0.875984707555966,0.349555424477404,1,0
"76",0.857138236253837,0.314773518085129,19,0,0,0.748685878209015,0.279289918125052,0,0,0.904833824010725,0.29882655233088,0,0,0.869690325466703,0.442371563278323,1,0,1.06763500810094,0.495797406285297,1,0
"77",-0.00261745258308356,0.298719050901495,15,1,1,-0.0697543954456451,0.272189674215766,1,1,-0.170341820738314,0.280197557759993,1,1,-0.186259561606072,0.434016252419477,1,1,0.372178555387671,0.456513853856333,1,1
"78",0.303953334346163,0.314635994778398,9,1,1,0.181453706187781,0.221685186794653,1,1,0.204033830146959,0.234677032899883,1,1,-0.766302226984567,0.570309856210826,1,1,0.447280426832041,0.570571735286256,1,1
"79",-0.0705672855332033,0.422251354013743,15,1,1,-0.38115343503709,0.624637040178379,1,1,-0.655792187301307,0.801704861727879,1,1,0.678413244654933,1.01620716143905,1,1,0.349192734338233,1.03895358041239,1,1
"80",0.707258490616302,0.48748658386212,5,1,1,0.635297566095209,0.232111765542274,0,0,0.675825993779895,0.258905023290101,0,0,1.11773761661456,0.528194590126037,1,1,0.989682649915864,0.605121142244493,1,1
"81",0.488360707729191,0.359543878493894,19,1,1,0.609478995497746,0.485268766252756,1,1,0.59481509158998,0.480657664928087,1,1,0.317236382740527,0.523714485500854,1,1,0.633811948768535,0.481198039478178,1,1
"82",0.529860193694031,0.49672419378938,9,1,1,0.684999174909413,0.470310233873807,1,1,0.59495058735849,0.470109662281288,1,1,1.75621859551936,1.09430923947008,1,1,0.932553438036967,0.969381495665482,1,1
"83",0.776819131416572,0.448874975370205,15,1,1,0.511719414846603,0.293850291953687,1,1,0.638652063008936,0.319182677846888,0,0,0.585467929647038,0.681917498692952,1,1,0.894149363161257,0.7057311593981,1,1
"84",-0.539527142916463,0.337892861473562,9,1,1,-0.155382124398203,0.270119877585167,1,1,-0.16639572230029,0.296406334290857,1,1,-0.436785278970223,0.443288830406245,1,1,0.0816377949036299,0.426326955114862,1,1
"85",0.0422261061365693,0.473801299814531,9,1,1,-0.270516585737103,0.549711870491003,1,1,-0.220360688887304,0.558770248142045,1,1,-0.537377612104402,0.687845527229132,1,1,0.43816896111171,0.768388172693031,1,1
"86",0.220778111982286,0.399831835148126,15,1,1,0.138631322819353,0.45999883103435,1,1,0.0754630334554806,0.425063935644661,1,1,0.295230773319367,0.585007579627914,1,1,0.668995847016142,0.547058724411645,1,1
"87",-0.238348695522423,0.393072228579989,7,1,1,-0.10985755311487,0.252365529505324,1,1,-0.057289287477506,0.298802423884239,1,1,-0.495607434449506,0.391936375961041,1,1,0.656941389604224,0.3986566421279,1,1
"88",-0.296579263082116,0.385924161326349,3,1,1,-0.18081540603599,0.384255750622696,1,1,-0.0264665422183773,0.392839505740173,1,1,-0.526490951550699,0.384183807101628,1,1,0.459877707221349,0.4075848680348,1,1
"89",0.646553173729282,0.39451053452744,11,1,1,1.26022966601373,0.528631900051246,0,0,1.17068882700975,0.484828389718946,0,0,1.51051063930229,0.678847574560155,1,1,0.927772973588119,0.668838808063188,1,1
"90",-0.174676514856571,0.329111078934259,15,1,1,-0.435595301170544,0.732421524498013,1,1,-0.325610084625438,0.717448653011214,1,1,-0.673546031884606,0.54879986231026,1,1,0.511116756463511,0.576879084247036,1,1
"91",-0.382581729566757,0.338639609572727,11,1,1,-0.0729002246213093,0.228779591767511,1,1,-0.081920056820686,0.280797138687757,1,1,-0.0633940951636731,0.389724729167875,1,1,0.318213435120892,0.428760815116238,1,1
"92",0.998970656873241,0.463601842190888,5,1,0,0.802319135542368,0.364906522287597,0,0,0.775426346198377,0.376621683770166,0,0,1.16726184274059,0.503311251486485,1,1,0.786520319086619,0.526765970468654,1,1
"93",0.57564456299018,0.313277954733943,19,1,1,0.208500656262023,0.391876186656302,1,1,0.191488025314901,0.425805820564613,1,1,0.247846554820249,0.70208044067124,1,1,0.710717523686218,0.669793085859462,1,1
"94",0.188234266652905,0.368134292147706,5,1,1,0.668937748733546,0.777968492122984,1,1,0.531476120761776,0.54268814230192,1,1,0.128231806202242,0.505236634641363,1,1,0.577522189933976,0.441053817105319,1,1
"95",-0.260485847315222,0.379391110897545,19,1,1,1.79370125650268,1.59767464802325,1,1,1.88380741627831,1.68894792153475,1,1,0.831084257338042,0.483187313723092,1,0,0.380174538243659,0.50315800339299,1,1
"96",0.327010886729231,0.351845685265038,19,1,1,0.364291334975241,0.312290202436532,1,1,0.384831250046922,0.314885922399845,1,1,0.391848923046089,0.41375943779613,1,1,0.551789073023834,0.429684405230944,1,1
"97",0.528182661958082,0.396554514297702,15,1,1,-2.2812137609668,2.79320099463035,1,1,-2.0546207123972,2.52275453744317,1,1,-0.807525442764046,1.02597468653438,1,0,0.728789093852592,0.901846917827899,1,1
"98",-0.491554745099026,0.392859437930267,9,1,1,-0.105918485278702,0.358163536884561,1,1,-0.0478145082276559,0.354869831491191,1,1,-0.376600869518467,0.473482032228669,1,1,0.551952879859651,0.470316811305774,1,1
"99",0.0223050988133545,0.410615582135838,5,1,1,0.34466005342604,0.519221983812782,1,1,0.217531033874807,0.450714136035899,1,1,-0.26727422243479,0.489852556552661,1,1,0.491719056437903,0.471961429011641,1,1
"100",0.931917674015544,0.29638377923916,11,0,0,-1.17184709773635,2.05301071395661,1,1,-1.21790799042393,2.35004560202798,1,1,0.472452875392453,0.422502640964638,0,0,0.792327147620617,0.446367258901147,0,1
