"","V1","V2","V3","V4","V5","V6","V7","V8","V9","V10","V11","V12","V13","V14","V15","V16","V17","V18","V19","V20","V21"
"1",-0.530770716477799,0.528030371509028,9,1,1,-1.20434768423192,0.916688584070434,0,1,-1.09538501537701,0.723287924596291,0,1,-1.36330919896463,0.580200795368911,0,1,-0.351086834528748,0.501113570752532,0,1
"2",0.0461592017712891,0.401418786622319,11,1,1,0.371517729624577,0.310494183042399,1,1,0.0145678473086483,0.344418627069936,1,1,0.44522617454542,0.719130279629449,1,1,0.159910730304164,0.641180396672866,1,1
"3",-0.525242765986423,0.539271691732997,11,1,1,-0.543642479161421,0.399556566428451,0,1,-0.803368154732673,0.424660897349618,0,1,-0.794981416357329,0.657488078408442,1,1,-0.430995154364925,0.599735260530753,1,1
"4",-0.317826256688088,0.458208146006376,15,1,1,-0.0595324102822511,0.340285560788989,1,1,-0.266070580706279,0.370577387519595,1,1,-0.478107285741227,0.790411242298889,1,1,-0.0862177343255641,0.705374843420414,1,1
"5",-0.200419257134167,0.490330133486411,13,1,1,0.323564902365344,0.207428526147482,1,1,-0.173737830582257,0.275434766565638,1,1,0.595865588895812,0.549299363069793,1,1,-0.276892864526152,0.582753979681782,1,1
"6",0.0803556534644927,0.374780206399037,3,1,1,-0.544603781967587,0.783500122571003,1,1,-0.667859179907775,0.77174317600613,1,1,-0.13420519831507,0.30598872707536,1,0,0.168816289862048,0.307130033065652,1,1
"7",0.477051175558076,0.404435021613548,15,1,1,0.453238125892168,0.398820200502777,1,1,0.239739925272139,0.412081375990935,1,1,-0.598873174829645,1.1602460003259,1,1,-0.0222602417244232,0.963202463920675,1,1
"8",0.956846976937967,0.302067578207492,5,0,0,1.22260024098534,0.524890667553202,0,0,1.22921076237489,0.395027955395691,0,0,1.06137608188889,0.489338132849523,0,0,0.925246705108232,0.393638952126428,0,0
"9",0.446076304505186,0.413930760609228,17,1,1,0.372481794614903,0.588512232897356,1,1,0.142777182240593,0.500320847852592,1,1,-0.311248280277266,0.627153076701377,1,1,-0.0480803874300925,0.656190141463546,1,1
"10",-0.395429809184889,0.448593830045221,3,1,1,-0.196881140301791,0.761620830654305,1,1,-0.42484942460469,0.577237073153399,1,1,-0.688494629409999,0.494040319616996,1,1,-0.23935839165946,0.531869529888129,1,1
"11",0.240861044697598,0.421187032876366,15,1,1,-0.117372103271723,0.647458326421173,1,1,-0.177860021711685,0.569470846054547,1,1,0.593306754010579,0.917728893640033,1,1,0.0933036672982535,1.05106976815068,1,1
"12",0.368790381857129,0.302701657195211,5,1,1,0.260216740607974,0.258708459949659,1,1,0.111381239030514,0.274719776418064,1,1,0.103146796439048,0.356562139012227,1,1,0.150749140815261,0.373154527985887,1,1
"13",0.460620785338988,0.402323931622298,19,1,1,-0.944734499543812,2.34992105720412,1,1,0.0901389508843879,1.19161090092473,1,1,0.279568638682637,0.806006394439739,1,1,0.210661521107994,0.866930117863588,1,1
"14",0.544272687167315,0.411652008338219,9,1,1,0.553391359193875,0.220944635105555,0,0,0.609331385293048,0.278696201854758,0,0,0.849370745358612,0.665780527104307,1,1,0.618602893903406,0.731889529201404,1,1
"15",0.212364984232042,0.399076526350606,17,1,1,-0.093409214259076,0.962735266846184,1,1,-0.118073401269679,0.911516397483014,1,1,-0.265093822242098,0.675875140675692,1,1,0.0435671777100899,0.656250447345273,1,1
"16",0.488886730482367,0.348494441079456,17,1,1,0.12641775328254,0.314616721373243,1,1,0.143347610523468,0.277783615523412,1,1,0.379902975017895,0.418576331587688,1,1,0.450276798773424,0.421144193766791,1,1
"17",0.147998223097281,0.397223687307266,19,1,1,0.69178683848948,0.462347833382026,0,1,0.417054799668574,0.401804421324997,1,1,1.28555434428776,0.767408631161961,0,1,0.163296967399203,0.813233300575922,1,1
"18",0.871934955247901,0.427106179880897,15,1,0,0.722398391401612,0.290436629431434,0,0,0.530039965619142,0.320621930407449,1,1,0.803637238913971,0.532166814089417,1,1,0.249676365442562,0.517320241612657,1,1
"19",-0.230617379594445,0.52365993443014,9,1,1,-0.267978938860503,0.455109039253197,1,1,-0.528521312703478,0.417405996215431,1,1,-0.780856356477104,0.62682231822335,1,1,-0.280138707147213,0.571015382762191,1,1
"20",-0.191213008031503,0.334528160985934,13,1,1,0.60746389864447,0.699984938820833,1,1,0.51288544082133,0.782941480388625,1,1,0.900367430811833,0.526550444393802,1,1,0.116812481111113,0.52414714386264,1,1
"21",-0.529661662267447,0.50408746599491,11,1,1,-0.105915806325559,0.338341357117531,1,1,-0.21284797829463,0.365688380556515,1,1,-0.389184813102319,0.628335699133834,1,1,-0.0393658239392655,0.60104347753065,1,1
"22",-0.523833087696432,0.449353800261196,11,1,1,0.125961848953289,0.306402427251657,1,1,-0.397750390991208,0.415037595926729,1,1,0.647103708096373,1.15927591948927,1,1,-0.218162345415168,1.16306090500388,1,1
"23",0.164646837217883,0.361091966362141,17,1,1,0.452252143361395,0.277130804444399,1,1,0.215901038917089,0.301167209708323,1,1,0.228166886816899,0.413544879541175,1,1,0.153776244630128,0.387287968210831,1,1
"24",-0.0400745678633742,0.424729515417399,9,1,1,0.287840131447593,0.305737294867053,1,1,0.22971372909114,0.344713394163514,1,1,0.160312678405394,0.476438393929793,1,1,0.15716177504471,0.487517297247845,1,1
"25",-0.998209883322397,0.480070555608999,13,1,0,0.178101553235619,0.458879863781557,1,1,0.00234705253786121,0.800130059798243,1,1,0.093379615838655,0.853311780940238,1,1,-0.180048689528241,0.950714030745866,1,1
"26",-0.00261496286977084,0.312659006146403,19,1,1,-0.511496934232088,0.61028532746256,1,1,-0.40393963957943,0.380864776127938,1,1,-0.334039420339053,0.473970463091386,1,1,0.0023394846519015,0.393583108641296,1,1
"27",-0.235232074479031,0.350090556081302,15,1,1,0.0590755862927705,0.23641715175914,1,1,-0.207728742086559,0.320917071387758,1,1,-0.299238430400737,0.37249298109033,1,1,-0.0582347448531591,0.506386098145204,1,1
"28",-0.731427334900546,0.408061686371727,19,1,1,-1.46533839587887,2.41606460309517,1,1,-1.24857543909801,1.12727894017995,1,1,-0.742309352971278,0.933426513411366,1,1,-0.310652040549096,0.678192348315977,1,1
"29",0.0742241896337817,0.323389213207518,13,1,1,-0.197243348146343,0.717862324304223,1,1,-0.191045008042151,0.592189384862585,1,1,-0.502667807123092,0.608586024118501,1,1,0.118066960842356,0.521401469596995,1,1
"30",0.4843920559514,0.350073779936465,15,1,1,1.06249074293785,0.90673134486291,0,1,1.12210357693751,0.639806256513801,0,1,0.951856771801049,0.406528046223915,1,0,0.555097552652095,0.381552475685979,1,1
"31",-0.172329170576779,0.367012684264575,19,1,1,-0.880088930852853,0.705725744178773,1,1,-0.853154761279825,0.573395150823468,1,1,-0.996106998589111,0.518326032904402,1,1,-0.225783890120183,0.601597048083604,1,1
"32",-0.471887544755862,0.373242181776622,3,1,1,-1.32003687131161,1.24821251773212,1,1,-1.06989494565367,0.814518282302445,1,1,-0.405168850956491,0.475170199118859,1,0,-0.212924695436945,0.408849545245038,1,1
"33",-0.137054704128978,0.463621575349086,9,1,1,0.198427118527588,0.249135491506639,1,1,-0.0688055546233668,0.314684809130798,1,1,-0.995541574853463,0.940860126269929,1,1,-0.178371322072816,0.858505917024696,1,1
"34",-0.782167212401409,0.406508637701486,11,1,1,-0.885623462392112,0.810290316761715,1,1,-0.922211926330522,0.711232064155822,1,1,-1.49725495345117,0.608955991757771,0,1,-0.507331079833514,0.624715618539791,1,1
"35",0.735166256417189,0.584956620132406,7,1,1,0.675159819314593,0.22490724580799,0,0,0.417952211456337,0.347777403508809,1,1,1.32267019720872,0.816183346074796,1,1,0.422062173206139,0.909102147062008,1,1
"36",-0.182826186847748,0.358198189022371,17,1,1,0.151383540069144,0.26674521203299,1,1,-0.0148753116116907,0.277880726887804,1,1,0.427357188779835,0.492376994938948,1,1,0.149912612536284,0.596327284523565,1,1
"37",0.190559577008458,0.324691972526378,19,1,1,0.44168873048824,0.269983592546517,1,1,0.0147825141729897,0.296058264745774,1,1,-0.0252253742169932,0.561323736426939,1,1,-0.195526330430499,0.616044014411175,1,1
"38",-0.0797287822116414,0.338188002218137,17,1,1,0.114367530777501,0.296141771156628,1,1,-0.0989139171651777,0.29346330989974,1,1,0.277673214670307,0.491790784959706,1,1,-0.00498116436508482,0.425096959019598,1,1
"39",-0.281520841167617,0.315758808979693,17,1,1,0.0437466856279542,0.220315188253514,1,1,-0.431129712839375,0.248913447297257,1,1,-0.832689313270869,0.565026065982511,1,1,-0.398755984557848,0.586942835169568,1,1
"40",0.11435100914449,0.403795189558117,17,1,1,0.331090809421117,0.357823410886613,1,1,0.0429418284262239,0.39067562436914,1,1,0.0836336805558223,0.739112897527259,1,1,0.266408495023996,0.724859608262656,1,1
"41",-0.179448892481893,0.455974306162847,15,1,1,0.0982255617162835,0.292713651359307,1,1,-0.202478277993629,0.314831644209076,1,1,-0.579946622274942,0.793818228508135,1,1,-0.0424769452721337,0.77806542759957,1,1
"42",0.0350112377638795,0.483707847578701,15,1,1,-0.734451918790326,1.01577346600959,1,1,-0.608508064419121,0.689386097136074,1,1,-0.574234741299818,0.699419755117127,1,1,-0.208406572790686,0.720022628892057,1,1
"43",-0.0464451717280538,0.31837151784473,19,1,1,-0.116426281473059,0.392377097224047,1,1,-0.214410927056102,0.349781850070967,1,1,0.0398179995675315,0.507799485378405,1,1,-0.0378873271522629,0.527803275252893,1,1
"44",-0.0335658908253574,0.351426687436531,5,1,1,0.387879260133471,0.224240577544226,1,1,0.00621659343643362,0.301889622706637,1,1,0.216187040705701,0.349735034969537,1,1,-0.278978911459619,0.363790863382928,1,1
"45",0.123700539471542,0.343560656975274,17,1,1,0.168877894742848,0.263019482496004,1,1,0.00781554930378524,0.324150627975239,1,1,0.728318859529035,0.448010329372577,1,1,-0.102313022544041,0.460562176567465,1,1
"46",0.0129304783341233,0.382998174581668,13,1,1,0.10000902542881,0.321335275056485,1,1,0.0202981433959685,0.408611712817228,1,1,-1.07150210120734,0.663458322318161,1,1,0.196737040582395,0.73141023043556,1,1
"47",0.516442777738003,0.451702327992776,3,1,1,0.12684030533503,0.425159614425995,1,1,-0.00625355346932312,0.379223792374331,1,1,0.349318544241388,0.391139425888887,1,1,-0.00851146567787058,0.366525380127881,1,1
"48",0.594224180160051,0.462800081262631,11,1,1,0.880211491828811,0.583204142961438,0,1,0.60615674564303,0.736850904932037,1,1,0.329426083637146,0.718512141700977,1,1,-0.00181621716240023,0.878994673391529,1,1
"49",0.548788555876405,0.330753903913083,19,1,1,0.616211477857652,0.371058643757464,1,1,0.502973836111464,0.40606685790725,1,1,1.13842331431313,0.519918533415576,1,1,0.220465547436774,0.54377604775416,1,1
"50",0.612654847609725,0.326967195255509,9,1,1,0.483682310482957,0.445920833610842,1,1,0.420632537405817,0.34335058542671,1,1,0.382915474681612,0.511725742226082,1,1,0.173574658154288,0.438912948477155,0,1
"51",-0.690012784380472,0.380217472313262,19,1,1,-0.025246519594244,0.192996581219827,1,1,-0.415650839721042,0.278995698523324,1,1,-0.540415512149964,0.477540260626344,1,1,-0.350022328647531,0.703658905589999,1,1
"52",-0.396982701854624,0.329845944891521,9,1,1,-0.0651175129344781,0.22535202118781,1,1,-0.33056657990139,0.301627754250782,1,1,0.237795623416782,0.564928994861095,1,1,-0.225025415388725,0.655904901877868,1,1
"53",-0.179572158862918,0.433134163173263,19,1,1,-2.91195401239748,4.24416747230004,1,1,-1.82376153674636,2.06314576638139,1,1,1.42172456801845,0.743997417220045,1,0,-0.057119349489542,0.870222734207386,1,1
"54",0.173198339484797,0.405743617907953,19,1,1,-0.380108382141256,1.31788783214355,1,1,0.332694687479698,0.877301465075266,1,1,1.68411348652704,0.835936142585932,1,1,0.132546837391404,0.902183023383848,1,1
"55",-0.533812868995047,0.40494498901645,11,1,1,-0.322788695947669,0.419699734721555,1,1,-0.509715337273053,0.373178021469107,1,1,-0.672386957353514,0.446782072987317,1,1,-0.319547321948517,0.424130256646113,1,1
"56",-0.0370093562537697,0.311691767110075,19,1,1,0.203721885426155,0.203616738789578,1,1,-0.0900591614064112,0.3100543011186,1,1,-0.217027023600971,0.430275122220498,1,1,-0.136928837158513,0.487285340562364,1,1
"57",0.975999994202736,0.566533214403484,9,1,1,0.870417649908458,0.588177919699881,1,1,0.776105098719843,0.621590588790538,1,1,0.624563474304278,0.951396115844692,1,1,0.215136414655209,0.821814764956103,1,1
"58",0.351657660036002,0.391414964846265,15,1,1,0.439770776724168,0.467995426590431,1,1,0.293413886023074,0.378173850917572,1,1,-0.284594314072908,0.920885214499783,1,1,-0.0177007286882101,0.870804358645171,1,1
"59",-0.727103407910563,0.305809881242734,17,0,0,-1.06200950742889,0.911535730484891,1,1,-1.19869200891763,0.685834433794957,0,1,-1.1175156029677,0.508998482190048,1,0,-0.36663214904055,0.585090189501267,0,1
"60",1.00767455232693,0.523845903669,1,0,1,1.00397297186054,0.235733148551461,0,0,0.708955733501271,0.295628666880757,0,0,1.07583663636639,0.64902630941789,1,1,1.00767455232693,0.589125901189341,1,1
"61",-0.466734566418508,0.272286799704034,5,1,1,-0.734027356884528,0.829140033188571,1,1,-0.697316362724519,0.425041826124426,1,1,-0.321947288212085,0.367776092857235,1,1,-0.413596688646603,0.366835783753843,1,1
"62",0.559485466150022,0.35737191941154,17,1,1,0.380753817678544,0.365459537320435,1,1,0.283299904881676,0.318599298925407,1,1,0.181823303939709,0.727609614056308,1,1,0.480049989182021,0.705489667585614,1,1
"63",-0.0489349107726565,0.446604407985386,19,1,1,1.24222889567069,1.55539203397481,1,1,1.11494666165063,1.52285193748032,1,1,0.771535306329469,0.974402752240969,1,1,0.150337636671818,1.11189595004152,1,1
"64",-0.458156495640814,0.342554486420633,19,1,1,-0.125530310153582,0.498366858425314,1,1,-0.333351539550162,0.513275272995396,1,1,-0.73775456370078,0.657815496863535,1,1,-0.430675438318289,0.724803789947847,1,1
"65",0.755830449659063,0.43578513225984,11,1,1,0.519924145706499,0.347417057452262,1,1,0.470276957222836,0.323740700250022,1,1,0.0320295111450543,0.442050650137713,1,1,0.564267194288191,0.391442118758645,1,1
"66",0.710280678555459,0.362348929476864,11,0,0,-0.994029661174652,1.57017978559492,1,1,-0.636409900891308,1.84886712994412,1,1,0.565769734703887,0.481165080715703,1,1,0.448988557724416,0.473364208940422,1,1
"67",-0.401112755072896,0.396763641138021,3,1,1,-0.227366928706659,0.303167710846868,1,1,-0.393386280536963,0.300079132923707,1,1,-0.3123083171786,0.338702870289293,1,1,-0.296624159027775,0.39962909941994,1,1
"68",-0.0859090528300246,0.424792634515156,7,1,1,0.214278356841318,0.363498549198613,1,1,-0.0202672073257185,0.382146318330173,1,1,0.418765680307683,0.567657128878118,1,1,-0.0460151416096359,0.54933851914951,1,1
"69",0.593962019623566,0.32546647468998,11,1,1,0.362089896538681,0.399814926760977,1,1,0.401660524472172,0.426607322481147,1,1,0.54276296967412,0.405411282396437,1,1,0.475169525848602,0.364005683851341,1,1
"70",-0.50770471068312,0.301299115679113,17,1,1,-0.613542527286017,0.56208047474543,1,1,-0.132407079646092,0.404846879650811,1,1,-0.00432534139890116,0.383163779290281,1,1,-0.0673549752153238,0.480220831745047,1,1
"71",-0.0434187615601335,0.43816850267906,9,1,1,-2.94139353515163,3.97888035175325,1,1,-3.18507216756956,2.8364922126928,1,1,-0.157220000655539,0.609715695911006,1,0,-0.0365063534986453,0.681885013254862,1,1
"72",-0.17897135817342,0.355415514645414,11,1,1,0.195695179153963,0.252091481183527,1,1,0.035595150454901,0.276766479040285,1,1,0.435633744050276,0.381850567801659,1,1,-0.108301895376363,0.44388114960991,1,1
"73",0.307144419075275,0.464106893734814,11,1,1,0.541285721019291,0.373908436692166,1,1,0.345983694533708,0.391996807421443,1,1,0.525969475166946,0.475578582379459,1,1,0.295443811706891,0.593111135851154,1,1
"74",0.0971478653558306,0.305501881519761,19,1,1,0.677406297231979,0.493131352696713,1,1,0.748447048744543,0.77375553471887,1,1,0.7720006424968,0.507909870907237,1,1,0.0726608252328923,0.512656393949072,1,1
"75",-0.0794674500541591,0.36781024591317,15,1,1,0.184384197239657,0.243727718862422,1,1,-0.110925546880859,0.277132311440216,1,1,0.038047441920466,0.697622976711667,1,1,-0.133993142216465,0.712655674119128,1,1
"76",-0.836751120413178,0.388612990867885,3,0,0,-0.961064890662254,0.595168507086565,0,1,-0.993810160051265,0.468731267479078,0,0,-1.03005774432614,0.462001748147574,1,0,-0.463019185748719,0.396324802094903,0,1
"77",0.0402386853946006,0.412767034030159,15,1,1,-2.2624544418294,2.54554685784829,1,1,-1.65684796549026,2.85580359186757,1,1,0.123585198313812,0.807188067838687,1,0,-0.0121909438552594,0.815134461189039,1,1
"78",-0.451335161036755,0.386004222884526,19,1,1,-1.53570437969818,1.79473147474442,1,1,-1.29287636539296,1.41121646887133,1,1,-0.34726236894074,0.467276733140658,1,0,-0.0729454940250717,0.345584378513552,1,1
"79",0.525287814084057,0.397451245703654,15,1,1,0.454867741390868,0.373714721845571,1,1,0.433411508233514,0.374328457118494,1,1,0.269075952601889,0.683907433622551,1,1,0.455550592457519,0.674308573010134,1,1
"80",-0.302156630168157,0.349540639647691,17,1,1,-0.0515996560712979,0.393606063346454,1,1,-0.23822510618127,0.398520803046984,1,1,-0.428570580478042,0.737882840949597,1,1,-0.2234979556554,0.712055760623979,1,1
"81",-0.172278834204451,0.292052759547584,15,1,1,-1.01602075949473,1.14601173871065,1,1,-0.564074111644148,0.494111850103403,1,1,-0.108381222508522,0.449033959249847,1,1,-0.470962861599883,0.445687804402138,1,1
"82",0.188106058778373,0.470544005792443,17,1,1,0.298418122047745,0.283281193528727,1,1,0.0936762325308086,0.343128167364462,1,1,0.386486689539898,0.436643026168304,1,1,0.00843673246829082,0.52132722957126,1,1
"83",0.386922598238842,0.388439191260423,13,1,1,0.663771739545195,0.352775419671525,0,1,0.38723774073142,0.393242368673259,1,1,1.18537386319816,0.497617038355231,1,1,0.0629018598535196,0.576368227348759,1,1
"84",0.0297438134165472,0.439484722271677,19,1,1,-0.225430673720665,0.415142175970668,1,1,-0.448348428736143,0.42182566194613,1,1,-1.36860707337727,0.851063464405035,1,1,-0.390032586616259,0.838381948707811,1,1
"85",-0.331713013156516,0.386390865335652,5,1,1,0.145566805359594,0.271667903750095,1,1,-0.154495365277819,0.279957059875067,1,1,-0.417171247313842,0.524542753083067,1,1,-0.161584984844882,0.405429142395367,1,1
"86",-0.743392088872483,0.336242167613583,19,1,0,-0.588972633759246,0.442029262981439,1,1,-0.677142637317025,0.320712282831381,0,0,-0.735004021043244,0.493388554246278,1,1,-0.332744498382057,0.523495218279261,0,1
"87",-0.675296679122093,0.515261356303881,11,1,1,0.0674930820566498,0.290548736664671,1,1,0.011055633087465,0.351057595783187,1,1,-0.133703396846044,0.729314959408609,1,1,0.0595407084429277,0.554589961909632,1,1
"88",-0.105222788414331,0.376623184029038,19,1,1,0.166233517314318,0.252559730139026,1,1,-0.143855893606259,0.303858153206279,1,1,-0.347099800126374,0.627807710498562,1,1,-0.16546064830384,0.752538021028214,1,1
"89",0.0272145677689332,0.340449207237684,15,1,1,0.377905893957073,0.239650550076803,1,1,0.0644097082661977,0.290735088397447,1,1,0.408606175913278,0.391819031536678,1,1,0.234926100797547,0.513608299116438,1,1
"90",-0.129888186990651,0.32576781044035,19,1,1,-0.123774752060054,0.432107342017129,1,1,-0.161850026294099,0.275921531024065,1,1,0.0392680245074899,0.415861338424722,1,1,-0.114725476147195,0.408353252877034,1,1
"91",-0.0360540230846159,0.391634627529803,7,1,1,0.0790901623590805,0.2554430147715,1,1,-0.0846207699672679,0.289976837814135,1,1,0.259235366317997,0.441820322124329,1,1,-0.242753114984402,0.468609951976536,1,1
"92",0.145778331644991,0.557412576553535,7,1,1,0.273705733305229,0.396643236114594,1,1,-0.0348220220547773,0.482876438705591,1,1,-0.8527351312557,1.04056291698201,1,1,-0.144613307043942,1.07507256104685,1,1
"93",0.225353681148061,0.395625534709484,13,1,1,0.441941156897589,0.322611593790839,1,1,0.230763194342541,0.320175065672124,1,1,-0.207044499191284,0.883924077392274,1,1,-0.0933957255946892,0.884525890883542,1,1
"94",0.655247391510589,0.387922561120271,11,1,1,0.290453767339361,0.584601032222113,1,1,0.516733804829807,0.382890054039487,1,1,0.560660985694162,0.318998166140634,0,1,0.208757944650772,0.391662596054164,0,1
"95",-0.437547028588718,0.354984842722355,17,1,1,-0.314938744225825,0.328196058776659,1,1,-0.484680383978344,0.357725174656997,1,1,0.0602534851415867,0.680152748011081,1,1,-0.426499437508459,0.642975378868749,1,1
"96",0.434997803853636,0.361076333001749,13,1,1,0.461746520406278,0.263834000268617,1,1,0.320059001332574,0.371807667577561,1,1,0.372468210719386,0.512044362017099,1,1,0.234658204085078,0.594691614247297,1,1
"97",-0.506031322627641,0.374689079166994,17,1,1,0.0389246324573973,0.27895683301899,1,1,-0.331180668738778,0.326523631446883,1,1,1.62047040276963,0.958994373750248,1,1,-0.169799795716857,1.03921329103398,1,1
"98",0.0540723071046,0.330336826751287,19,1,1,0.622346075178806,0.241836726807827,0,0,0.494904134139829,0.306691887258022,1,1,0.216453445231225,0.440293991665216,0,1,0.190161418274131,0.39093654399887,0,1
"99",-0.571915320188018,0.374409717984648,17,1,1,-0.507302834839855,0.696608488000036,1,1,-0.522919210209595,0.410841836818084,1,1,-0.13072744166254,0.490776395816422,1,1,-0.313066111871169,0.418587032245165,1,1
"100",-0.0377745551419106,0.257157956580529,17,1,1,0.431644669656387,0.284744142081283,1,1,0.0649318119347651,0.33832412824734,1,1,0.897305309093766,0.45668047244545,1,1,-0.302761296582583,0.477455457135357,1,1
