"","V1","V2","V3","V4","V5","V6","V7","V8","V9","V10","V11","V12","V13","V14","V15","V16","V17","V18","V19","V20","V21"
"1",-0.337071329724322,0.263840650131206,13,1,1,0.531338852759736,0.203819222223476,0,0,-0.349324674164959,0.251757984127175,1,1,0.584754857075963,0.279436337722409,1,1,-0.379925232222975,0.296214897440651,1,1
"2",0.222583464848113,0.265944384695287,13,1,1,0.650253217226393,0.232852353960007,0,0,0.201257586456481,0.272729134584009,1,1,0.674651447436694,0.293491719859331,0,1,0.190868084029669,0.303709482863883,1,1
"3",-0.167670716503196,0.320100590880862,7,1,1,0.489131024491011,0.314798158368118,1,1,-0.216349514566844,0.34388747529547,1,1,0.167424590172485,0.298701884779337,0,1,-0.211114437695147,0.345012994708233,1,1
"4",-0.078734744740437,0.265768862292083,17,1,1,0.679005784696454,0.217494499109297,0,0,-0.0127568623593985,0.246883551356177,1,1,0.780852049245584,0.266299468404182,0,1,-0.227811868001844,0.305214023802909,1,1
"5",-0.00152150102128546,0.330637395979208,17,1,1,0.747697163321519,0.25827209990085,0,0,0.0941463812130438,0.310955060351443,1,1,0.587097017677687,0.296197207993393,0,1,-0.0454797666547318,0.374902564495725,1,1
"6",0.158850185044891,0.295114633241999,19,1,1,0.529218256118029,0.202569052632225,0,0,0.215365234652269,0.262813419663226,1,1,0.58945390606214,0.261422867260581,0,1,0.190154501111812,0.36288079945452,1,1
"7",0.181533287525294,0.304922597300401,9,1,1,0.659908744509366,0.223561570215754,0,0,0.114000373961914,0.250811774131353,1,1,0.533105292656867,0.243253463370059,0,1,0.0878164091644253,0.312610629818226,1,1
"8",-0.104083359101186,0.336304231529766,17,1,1,0.82217034359088,0.225896425018448,0,0,-0.00126462788839488,0.283861415105449,1,1,0.960873674940917,0.319048207140257,0,1,0.0265381024580177,0.294076201809934,1,1
"9",-0.0368217994544288,0.306097257537964,13,1,1,0.679392711062317,0.214180115153012,0,0,-0.179343198844035,0.270670465612219,1,1,0.5310809921274,0.317530843033576,1,1,-0.0552581058176998,0.350569809713148,1,1
"10",0.485236735726036,0.29923992826178,13,1,1,0.945566830525578,0.197535009522125,0,0,0.423866204349623,0.2559562691429,1,1,1.2383240045305,0.295820695705195,0,1,0.377218064129145,0.340069220909055,1,1
"11",-0.435303056292588,0.295342547535685,5,1,1,0.384994939588959,0.228743151012442,1,1,-0.372471951456286,0.278849241344435,1,1,0.247139635143363,0.256880792071371,1,1,-0.282934276609732,0.296353231887,1,1
"12",-0.00625535859611625,0.33251588068257,17,1,1,0.418832267177952,0.242250344002845,1,1,-0.049424980434575,0.265291088921318,1,1,0.40303623281137,0.365119813196277,1,1,0.0359031989314626,0.43185814204327,1,1
"13",0.678957196828732,0.266483010557187,17,0,0,0.769675415231984,0.370044058481205,0,0,0.61502391086753,0.32987072457144,1,1,1.17074195288506,0.240285895338205,0,0,0.611852257187365,0.302754017322724,0,0
"14",-0.00176656851164467,0.281304183873816,17,1,1,0.392796383769115,0.21044818446066,0,1,-0.00406332339369481,0.288311233057611,1,1,0.193347142970119,0.257753573717641,1,1,0.0849437155992196,0.351821577150082,1,1
"15",-0.708615278241218,0.372835466851812,15,0,1,0.077706811568074,0.246738480090872,1,1,-0.937235148780062,0.336252623353485,0,0,-0.00395788956112925,0.352962297779529,1,0,-0.667021822428663,0.41700557104859,0,1
"16",0.0602134906886115,0.305251503270557,3,1,1,0.720685437426036,0.187560265070143,0,0,0.0668571428756892,0.239983779234532,1,1,0.601154000457622,0.236707120280407,0,1,0.0026742793886888,0.271039090558372,1,1
"17",0.104634411159373,0.280396457333727,19,1,1,0.838459163566747,0.217552607958859,0,0,0.106365164387041,0.270030128749576,1,1,0.692230947983483,0.251097995049462,0,1,0.152069239817504,0.353501269133521,1,1
"18",-0.277111596149901,0.281385894669723,15,1,1,0.522857589353356,0.244679647056654,0,0,-0.212894696903965,0.296134051576141,1,1,0.36670201662897,0.296013656864312,0,1,-0.294055402869134,0.430083559345147,1,1
"19",-0.284107189409899,0.357485769834744,3,1,1,0.493020062280327,0.289746261385911,1,1,-0.387808732706237,0.338731992192871,1,1,0.537055320442323,0.277426426746926,1,1,-0.408955668109182,0.295403718776611,1,1
"20",0.746579068807712,0.351982856535525,1,1,0,0.924936540532872,0.217550175850721,0,0,0.46052361574486,0.272429685717024,1,1,1.20295672421011,0.283179995542672,0,1,0.746579068807712,0.323173553440292,1,0
"21",-0.669456376489423,0.324887476556806,1,1,0,0.549285760561006,0.223181657863881,0,0,-0.420284013697176,0.28168972042483,1,1,0.218479414608172,0.291227213762933,1,1,-0.669456376489423,0.347359403059718,1,1
"22",-0.476536050490809,0.337319593151146,11,1,1,0.292129740145064,0.218127524298201,1,1,-0.459268489153893,0.274298544279835,1,1,0.375912243670383,0.259469835480262,1,1,-0.284360116434312,0.328657462797927,1,1
"23",0.139438991986567,0.306274265741705,13,1,1,0.638064974972667,0.244557351379263,0,0,0.0841598118370567,0.284340092967791,1,1,0.584031311493749,0.289940437347777,0,1,0.260029468287104,0.327340046463113,1,1
"24",-0.153963196865001,0.326852523528497,7,1,1,0.346776730522599,0.27372576987219,1,1,-0.415974313602065,0.326214127555722,1,1,0.172020490869953,0.363655187379364,1,1,-0.393696499637307,0.417795789859592,1,1
"25",0.424627782856602,0.339172701115039,3,1,1,1.00855820444419,0.210211525696842,0,0,0.0825502958213345,0.299250958860047,1,1,1.35259309262715,0.387948081404827,0,1,0.0994521182484338,0.361872487593998,1,1
"26",-0.00320025064695889,0.282222870238772,19,1,1,0.941762401968681,0.249546203786427,0,0,0.092227635423758,0.308935568012776,1,1,1.02620844894773,0.266723741240111,0,1,0.100342726762263,0.295450429706671,1,1
"27",-0.46654714232842,0.420891683632402,3,1,1,0.790561727427847,0.200314207883651,0,0,-0.0731167851679203,0.335274083824966,1,1,0.5408628317284,0.400256233071314,1,1,-0.194477828545032,0.583429697328194,1,1
"28",-0.0330725738570565,0.278995208725969,13,1,1,0.538543934906121,0.225729228339524,0,0,0.0743648198218744,0.282833154592745,1,1,0.257709758997342,0.318975734662873,1,1,0.242912951601502,0.33290369600654,1,1
"29",-0.00644641483548168,0.258166971053185,7,1,1,0.655472406768947,0.20094465630162,0,0,0.0852725428122171,0.256135781991344,1,1,0.699968971022803,0.241538295327688,0,1,-0.148042546805533,0.312178390312563,1,1
"30",0.0585193240307458,0.296327967265375,11,1,1,0.655646833151469,0.221859961813233,0,0,-0.0207547442845014,0.26956734265078,1,1,0.354469224092483,0.33392511275069,0,1,0.0170944480592344,0.37411865821695,1,1
"31",-0.237807096817539,0.309486155456987,13,1,1,0.637840181569844,0.215779596856444,0,0,-0.0968204277131878,0.260965108634885,1,1,0.502894702791219,0.275780515102984,0,1,-0.0465850391654231,0.351303335917947,1,1
"32",0.184354643680324,0.35860360618379,3,1,1,0.705244413225171,0.23592778167957,0,0,0.225167981532257,0.327403902624467,1,1,0.867005294774424,0.276618453333161,0,1,0.119415436162577,0.386066967253352,1,1
"33",-0.135951100421039,0.335759022403468,9,1,1,0.733615355349052,0.30983382892614,0,0,-0.147267232032835,0.342804620233235,1,1,0.537244946506087,0.334899537047105,0,1,-0.19808711486029,0.345535092030129,1,1
"34",0.306664343634206,0.349265947304883,7,1,1,0.797728013948482,0.194136532159978,0,0,0.311160919930932,0.296744808532588,1,1,0.781414346532569,0.253043723215707,0,1,0.375036132362196,0.347563089230449,1,1
"35",-0.0537594301822384,0.316293739152928,15,1,1,0.828187658695801,0.219531359255229,0,0,0.106737459219407,0.293928298779774,1,1,1.01672836150763,0.374175318487686,0,1,0.0651934920263422,0.391527891810937,1,1
"36",-0.26320198269793,0.377837473647578,11,1,1,0.421895092193242,0.247538009157299,0,1,-0.295701380281847,0.311401055788545,1,1,0.284417755494268,0.39940675832247,1,1,-0.160517219289994,0.440194741498377,1,1
"37",-0.264377877108471,0.299244832636871,3,1,1,0.323352688719203,0.259361455488469,1,1,-0.237298351296908,0.309386266764074,1,1,0.269821852632847,0.264138076459569,1,1,-0.115975846382274,0.315347088156625,1,1
"38",0.153925662841436,0.324535273969034,1,1,1,0.568846624605826,0.214119798642193,0,0,0.0345830876719866,0.270880387176275,1,1,0.703793363355892,0.253716880260224,0,1,0.153925662841436,0.318211330812718,1,1
"39",-0.6051657204795,0.29090596074109,11,0,0,0.372078021427161,0.248004413722927,1,1,-0.52753540420431,0.344547686005768,1,1,0.309459867498178,0.328829795588219,1,1,-0.475493626867083,0.367132423709196,1,1
"40",-0.71744210434393,0.290867047741302,11,0,0,0.16761371353145,0.217471151249556,1,1,-0.718804770711867,0.297949533492897,0,0,0.181837763907087,0.388154945301919,1,1,-0.63328363247039,0.385529762353058,0,1
"41",-0.148740812612455,0.296455958915937,19,1,1,0.5809282497408,0.211550707359869,0,0,-0.210508711848514,0.295193525724455,1,1,0.671587173513943,0.318013337189348,1,1,-0.0796148474111052,0.321817682496104,1,1
"42",-0.411023749571632,0.285205983438244,11,1,1,0.538637474376071,0.198242274744526,0,0,-0.231823169927416,0.283365185824148,1,1,0.484242353326449,0.262021081468319,1,1,-0.152396955157233,0.34521409675662,1,1
"43",-0.283195936656175,0.322769252895025,5,1,1,0.471497271156874,0.352523515142855,1,1,-0.353771885465384,0.330245303123895,1,1,0.346405933857243,0.378920403938542,1,1,-0.262330565672745,0.38163375496017,1,1
"44",-0.154898395337906,0.288453188755613,5,1,1,0.902426764886845,0.192044677473118,0,0,0.00642092937781352,0.305155719377501,1,1,0.538033575961242,0.34070726003776,0,1,-0.0642472844610104,0.339336104956517,1,1
"45",0.487542892019886,0.325269565409061,13,0,1,1.25744740914092,0.22564297908296,0,0,0.623793779330627,0.292868186965716,0,0,1.16960720377689,0.298152086179214,0,0,0.514884548516569,0.373434634056764,0,1
"46",-0.151076038672586,0.339528240028828,9,1,1,0.531260430118247,0.265626287025711,0,0,-0.142313447172918,0.301785068574728,1,1,0.422750825242179,0.243778437487686,0,1,-0.0879563086549086,0.411413121091194,1,1
"47",-0.249320846400514,0.278579540640861,9,1,1,0.438731164872089,0.196465097874309,0,0,-0.204787290536091,0.290564478265558,1,1,0.482929053293649,0.2178059017511,1,1,-0.17368368275411,0.280215170839635,1,1
"48",-0.0263190167475548,0.328049334711991,11,1,1,0.44442852206768,0.297807282271475,1,1,-0.0459257055501252,0.335573664291417,1,1,0.577679766313512,0.26950712946154,0,1,0.0698960254125559,0.363075084218763,1,1
"49",0.00907090340886593,0.281737610666426,11,1,1,0.951531734467469,0.365594808984085,0,0,0.191798245067038,0.346538407873841,1,1,1.18586310216074,0.294662762853204,0,1,-0.00681518435968705,0.327367386586923,1,1
"50",0.0372555635587206,0.293965779162071,19,1,1,0.593290171266696,0.227121644311889,0,0,0.0197250651652717,0.294470307878171,1,1,1.07434245890451,0.303021199415313,0,1,-0.0299585309071545,0.393740881242545,1,1
"51",0.0149108210539296,0.273920179299794,9,1,1,0.533269438708326,0.236809146725829,0,0,-0.136789923966096,0.270291709424223,1,1,0.505246692044812,0.299289708256571,1,1,-0.146490494963881,0.335912806843863,1,1
"52",-0.0914983545198395,0.301084682515219,15,1,1,0.621092247316582,0.227841264040202,0,0,-0.0896029717496609,0.276417621693092,1,1,0.757817598181719,0.291862569174441,0,1,-0.107159232488448,0.340106710972685,1,1
"53",0.130157351005404,0.330124315298685,5,1,1,0.730713727547371,0.216703922517296,0,0,0.150392447166191,0.290415587666524,1,1,0.69054544095346,0.259452573334481,0,1,0.187187903090044,0.30944539244802,1,1
"54",0.255329087331782,0.279659034506983,1,1,1,0.8169494526182,0.220061834425371,0,0,0.202737724829667,0.24648782717341,1,1,0.851461674251147,0.271836991545372,0,1,0.255329087331782,0.283226156886641,1,1
"55",0.161972699820232,0.319861414187421,15,1,1,0.738883730906144,0.216095587586658,0,0,0.20638285327015,0.32927687814186,1,1,0.739911631689634,0.268398297943609,0,1,0.0622248365021278,0.296266237793653,1,1
"56",-0.0597058602384464,0.322563660597134,17,1,1,0.483348609405711,0.240421314783208,0,0,-0.198633606501203,0.248914283345142,1,1,0.452959594380659,0.277917087826865,1,1,-0.15070534676962,0.370283099586303,1,1
"57",-0.298625306174895,0.326647141154244,5,1,1,0.413602946963932,0.195328173215863,0,0,-0.297166344840487,0.288528602969574,1,1,0.637775743816659,0.270865788834641,1,1,-0.188629975458953,0.372129952443955,1,1
"58",-0.551750615172456,0.356784811669578,9,1,1,0.315357464228264,0.264036785556686,1,1,-0.552622942463242,0.309931473082387,0,1,0.311199032703189,0.254113591724143,1,0,-0.405837448573302,0.304742139684527,0,1
"59",-0.302105160167921,0.298365553635175,5,1,1,0.576894151210975,0.216606675505904,0,0,-0.226968544836046,0.268093951697413,1,1,0.503597735064832,0.270661760782842,0,1,-0.223426739260159,0.292844472570298,1,1
"60",0.312664986739431,0.362283082217241,15,1,1,1.04503540820827,0.310972880237367,0,0,0.192712629245763,0.368283865801323,1,1,0.800857722883092,0.332274890149886,0,1,0.303307490313101,0.384100812078265,1,1
"61",-0.200238345463713,0.348592360841096,11,1,1,0.372248204823448,0.204516351297909,0,1,-0.229265028074295,0.262992036551917,1,1,0.187431780909719,0.250048077462259,1,1,-0.279020707537076,0.325050828877399,1,1
"62",-0.0217337210818123,0.314134996572145,9,1,1,1.01282313233662,0.345560075957714,0,0,0.0265074723409582,0.337430091022113,1,1,0.848989652355946,0.300360985303885,0,1,-0.167613668340936,0.332483797576393,1,1
"63",-0.096870264663255,0.293639068143305,17,1,1,0.698051428414765,0.231998374964333,0,0,-0.140635376789406,0.256098315501209,1,1,0.34924061212473,0.199727317890343,0,1,-0.0768869006021379,0.247273586218997,1,1
"64",0.347856116142756,0.323082597186585,13,1,1,1.1187057773363,0.240387047463858,0,0,0.412958251922764,0.288371839809985,0,1,1.6937952759369,0.387196117888909,0,1,0.409803901378609,0.435492451314521,1,1
"65",-0.161290286210915,0.313473243599998,11,1,1,0.584982137715442,0.231863194445497,0,0,-0.261827898162991,0.299942442200216,1,1,0.327033477586356,0.301971926894926,1,1,-0.23033411535894,0.365183405278246,1,1
"66",0.135761029555483,0.278028334055552,13,1,1,0.807576840167795,0.216440302355317,0,0,0.14642725978318,0.241655501262483,1,1,0.517812523604608,0.317148216660794,0,1,0.155956597425041,0.327827664108036,1,1
"67",-0.159717949778623,0.293123753375193,9,1,1,0.456185394311275,0.227860854698633,0,0,-0.114071638492925,0.308355789044685,1,1,0.617318257548919,0.30105504566791,1,1,-0.113836684313785,0.301866930457451,1,1
"68",0.155267743006462,0.303600696222557,15,1,1,0.73752130805016,0.210739029219178,0,0,0.159334517592295,0.2846947320542,1,1,0.726966844455479,0.287676942746769,0,1,0.199889578152313,0.30851509715344,1,1
"69",-0.328522589877829,0.28282049723455,13,1,1,0.415478179019423,0.240212037731943,0,1,-0.24049587445069,0.307158815138166,1,1,0.369653623706283,0.30849322373784,1,1,-0.179803299154032,0.339701124952192,1,1
"70",0.46061796265898,0.371443576195664,3,1,1,0.761529148529502,0.243961775995134,0,0,0.216233203949678,0.27448964539983,1,1,0.890253762522797,0.326950795734547,0,1,0.311226018212845,0.369472484027895,1,1
"71",-0.142432065906938,0.289533590501005,11,1,1,0.542975955003396,0.254755188730952,0,0,-0.0926808449158538,0.285647174512271,1,1,0.536302294823665,0.297694560801792,1,1,0.0782727526170053,0.362944632745968,1,1
"72",0.186427509150205,0.348231612552726,15,1,1,0.81552784509011,0.271080628720704,0,0,0.0921379199442821,0.346367739584456,1,1,1.07381206181248,0.349576747428962,0,1,0.0914904889179113,0.350005840365039,1,1
"73",-0.363586001788263,0.349982769561597,13,1,1,0.599478741057695,0.236427092145965,0,0,-0.299809609142655,0.339941212049346,1,1,0.587855485405002,0.33298643810171,1,1,-0.246998052238154,0.3740738018067,1,1
"74",-0.0510950456252667,0.317262047719401,5,1,1,0.767372975852606,0.208415852903841,0,0,0.0131005894690742,0.267114859477075,1,1,1.04598998345516,0.295017115245766,0,1,0.000899768604203454,0.341188070084082,1,1
"75",0.451091721171596,0.315872417387265,19,1,1,1.15783321611179,0.255686446540849,0,0,0.386860710031351,0.292123608776591,1,1,1.04362315311373,0.265652898321587,0,1,0.551713074732869,0.321705556200458,1,1
"76",-0.367230593907817,0.31292563468771,9,1,1,0.664425300731892,0.175517138174425,0,0,-0.386112679263975,0.257804396730663,1,1,0.37883996536169,0.240674330612602,0,1,-0.430485947411998,0.306221921953173,1,1
"77",0.266433296904219,0.314656626471965,13,1,1,0.820737065670581,0.194246638112207,0,0,0.223124682210349,0.26223090280264,1,1,0.829565008751843,0.287469342002331,0,1,0.227233654551296,0.339745489419948,1,1
"78",-0.253787518559001,0.290250674501303,9,1,1,0.69932038378043,0.22267854987979,0,0,-0.351504133689187,0.252392759075312,1,1,0.510416424036728,0.258227137159926,0,1,-0.494020611947283,0.333966617221428,1,1
"79",0.113582533945486,0.286889013050337,11,1,1,0.806441203798513,0.172564907519019,0,0,0.167016707601742,0.274533224191611,1,1,0.867402228097553,0.256777763246552,0,1,0.179172537361238,0.311770544454422,1,1
"80",-0.140934051335962,0.258373496458485,5,1,1,0.753405467384097,0.236062194009635,0,0,-0.141740693666832,0.297537887529145,1,1,0.895231572218571,0.293233100052924,0,1,-0.10141444821037,0.261420288301916,1,1
"81",0.105824550345788,0.303124030268759,15,1,1,0.657847037117789,0.213303237162446,0,0,0.150579753315988,0.284709741256663,1,1,0.715896346700369,0.266244085109291,0,1,0.10723685806556,0.322524763713471,1,1
"82",-0.216590864216387,0.279426817594098,19,1,1,0.59726052691365,0.201047314567078,0,0,-0.111903558234956,0.242048893151215,1,1,0.564438843837377,0.349884890234179,1,1,-0.100318672588098,0.35156711166259,1,1
"83",-0.295216678573957,0.356455162891609,5,1,1,0.278384682550738,0.275143798372452,1,1,-0.471792280593818,0.352501827800436,1,1,0.173262427482009,0.324493880399331,1,1,-0.235825641040375,0.33869646117588,1,1
"84",0.398058056005,0.274460644457838,11,1,1,0.928497935115654,0.257345743967911,0,0,0.418990174534562,0.280633002818399,1,1,1.02759989918571,0.256650262159873,0,1,0.39432022898437,0.306253249876495,1,1
"85",0.00698544257124002,0.254514732862331,9,1,1,0.590373899258754,0.187028781563161,0,0,0.145518281232619,0.24480859835156,1,1,0.764644721581981,0.268602292707704,0,1,0.22315339214825,0.295376590633243,1,1
"86",0.379224239083836,0.334017832414632,3,1,1,1.02220242483894,0.252148178241289,0,0,0.342183480530344,0.30111052597152,1,1,0.855372280700864,0.321941783328421,0,1,0.268625853276086,0.357941897023409,1,1
"87",-0.679243035537924,0.355331559610969,15,0,1,0.279823601488245,0.245085861142443,1,1,-0.643105929123109,0.302996261034748,0,0,0.184011708228767,0.310103101097679,1,0,-0.609682492053356,0.327946789915245,0,1
"88",0.210839453518359,0.299809307752525,15,1,1,0.70510241336819,0.191716400580066,0,0,0.10756164141573,0.246776044923777,1,1,0.989741359034621,0.273865962655461,0,1,0.0261012120813222,0.324597987663466,1,1
"89",0.194915976250397,0.302616466307733,13,1,1,0.827698907847207,0.248471751617277,0,0,0.299696313186943,0.3422494978404,1,1,0.678769631062065,0.385380051664854,1,1,0.270411209389392,0.454118657176778,1,1
"90",0.417590986612877,0.362622996660317,5,1,1,0.983939679444952,0.220930172254256,0,0,0.231649062048746,0.272366872080871,1,1,1.72225891865813,0.369658046816259,0,1,0.272993688660646,0.372626271098949,1,1
"91",0.270359081078019,0.307715161965196,17,1,1,0.670612828387583,0.244763489718057,0,0,0.222498945662159,0.32223594949309,1,1,0.309285750116737,0.285051816807843,0,1,0.237638949410584,0.332453961116156,1,1
"92",0.486083684248254,0.288245740739757,5,1,1,0.668207626838143,0.241787718771882,0,0,0.327315760187186,0.283643115587603,1,1,0.791800070816291,0.265138927004218,0,1,0.380933148191132,0.271643038218786,1,1
"93",0.175709162071071,0.301336546645773,5,1,1,0.727544627897244,0.228281566510351,0,0,0.248241843590497,0.237193567326975,1,1,0.59486299983026,0.260226624235497,0,1,0.0191782500458563,0.30591703834877,1,1
"94",-0.200977169075011,0.346097161037983,5,1,1,0.549803441496655,0.213758804599881,0,0,-0.0615035545284247,0.289406567344531,1,1,0.584120333094736,0.269983049369662,1,1,-0.0104871050755419,0.321122382905975,1,1
"95",-0.100953913060591,0.287470621063251,15,1,1,0.589004207080689,0.23010651675157,0,0,-0.0512103486526419,0.292756613979088,1,1,0.622015153433785,0.378108704375189,1,1,-0.0901072415088724,0.438389959968541,1,1
"96",0.580041000829887,0.28057905114986,19,0,0,0.965052148967371,0.2079826902676,0,0,0.396971651604083,0.249764228406965,1,1,0.775485412783001,0.273402205922741,0,1,0.369257400355193,0.381731167133996,1,1
"97",-0.226110245432887,0.340516708477974,7,1,1,0.579647027115989,0.230578490627299,0,0,-0.136141968611195,0.312871413943971,1,1,0.585843654253114,0.359660173031834,0,1,-0.122402355082559,0.366880247673984,1,1
"98",-0.231814964975077,0.39623721385614,3,1,1,0.633940925610037,0.246396747078554,0,0,-0.237705617799698,0.362577047948041,1,1,0.431761677512602,0.463366896423587,1,1,-0.344857054453151,0.41698779587957,1,1
"99",0.422815901915919,0.329706290271817,19,1,1,0.893877766931505,0.258405930418007,0,0,0.446715879447822,0.291429551229397,1,1,0.805576914136115,0.249812687502918,0,1,0.517373304180357,0.333202743728065,1,1
"100",0.5293758904967,0.262364063900565,11,0,0,1.01819380973328,0.208609294595655,0,0,0.640523641712002,0.263079761095144,0,0,0.989468273235663,0.287827042327428,0,0,0.654621419373311,0.328309346403682,1,0
