"","V1","V2","V3","V4","V5","V6","V7","V8","V9","V10","V11","V12","V13","V14","V15","V16","V17","V18","V19","V20","V21"
"1",0.37418250112259,0.169523192451641,17,0,0,0.410349349713205,0.203040020248279,0,0,0.413230518605242,0.177414459826267,0,0,0.285639276787837,0.227530419892267,1,1,1,1,1,1
"2",-0.116236898734443,0.221265704573664,19,1,1,-0.123647838234974,0.200896590615415,1,1,-0.113006839696281,0.181380385530874,1,1,-0.206717251937745,0.258131643756172,1,1,1,1,1,1
"3",0.579288842158214,0.221756653280715,9,0,0,0.707052093518535,0.166243087155484,0,0,0.712695135768134,0.218762726426726,0,0,0.715808428934959,0.245921232103588,0,0,1,1,1,1
"4",0.353542601776218,0.227419725929576,19,1,1,0.371268006264448,0.177284807544175,0,0,0.370655912251031,0.227920543415064,1,1,0.228065937531621,0.26753172591644,1,1,1,1,1,1
"5",0.756969523976776,0.212924508697207,9,0,0,0.725966306577444,0.208921557921879,0,0,0.739150372059298,0.21923458790973,0,0,0.52197725671446,0.216250785958776,0,0,1,1,1,1
"6",0.567606521420357,0.238755340373594,17,0,0,0.489747828963361,0.217096731357342,0,0,0.493627987256471,0.207492946450531,0,0,0.337672857778946,0.270196627830656,0,1,1,1,1,1
"7",0.522501267714091,0.213543521272385,19,0,0,0.469167430942918,0.219601278430715,1,0,0.476211987067034,0.207039053464655,0,0,0.327276922312047,0.224002316178471,0,0,1,1,1,1
"8",0.0584919176782924,0.195287706867115,15,1,1,0.085105356249836,0.181438366311573,1,1,0.0723951721971907,0.203613759224831,1,1,0.151596776048598,0.230782295452105,1,1,1,1,1,1
"9",0.753154262959696,0.22017028292646,5,0,0,0.717030074821959,0.180400873202281,0,0,0.710337391697765,0.181493052813153,0,0,0.711215816878418,0.229944230936875,0,0,1,1,1,1
"10",0.192517125254528,0.19434689141764,15,1,1,0.225689039905252,0.170500444812258,1,1,0.22115854281264,0.171899903567337,1,1,0.318350234413501,0.235763723037624,1,1,1,1,1,1
"11",0.461449695498441,0.201877294341957,9,0,0,0.425781615365738,0.195358014500472,0,0,0.418886827220949,0.179217193548339,0,0,0.427195776927556,0.230420511643401,0,1,1,1,1,1
"12",-0.0433740757637423,0.221518135076048,7,1,1,-0.0199492934707205,0.182525977757071,1,1,-0.0257088354822492,0.188297794223759,1,1,0.000124036506010811,0.206551562530935,1,1,1,1,1,1
"13",0.457299117745935,0.211897348337188,19,0,0,0.4250200085574,0.191930536333298,0,0,0.424218593915205,0.189298531802839,0,0,0.402938875726378,0.225114238604283,0,1,1,1,1,1
"14",0.451486979609414,0.232481118549635,9,0,1,0.459525224189543,0.199834107926612,0,0,0.464068432928035,0.187244903898528,0,0,0.411177653394939,0.261186166618819,1,1,1,1,1,1
"15",0.232816208427429,0.197955468086628,3,1,1,0.302296605706106,0.187991299112741,1,1,0.293447007921811,0.187017109020825,1,1,0.195721954598992,0.216833710609102,1,1,1,1,1,1
"16",0.346616351332487,0.224244165188643,19,1,1,0.364932758448455,0.225598561108816,1,1,0.356151866540275,0.216975689605381,1,1,0.260062067468756,0.273877500219021,1,1,1,1,1,1
"17",0.398317004195968,0.233929167764381,17,1,1,0.450941642065874,0.222249465668633,1,0,0.452175266285302,0.224973958371308,0,0,0.403887738064779,0.267565861470137,1,1,1,1,1,1
"18",0.131308523669062,0.239247784711208,13,1,1,0.194319199801319,0.203735555331709,1,1,0.1857181310589,0.19081085166617,1,1,0.168999758004807,0.253368073161742,1,1,1,1,1,1
"19",0.541844720169049,0.225799886785901,7,0,0,0.55530354209712,0.208799364615939,0,0,0.562211639742759,0.194364245568071,0,0,0.39651442889311,0.281548612708149,1,0,1,1,1,1
"20",0.376027714820937,0.208657751204833,13,0,1,0.410517958915866,0.229088968589146,0,1,0.391975501151365,0.198054012577239,1,0,0.444099092616469,0.27166375054286,1,1,1,1,1,1
"21",0.592146221435275,0.218610988619247,7,0,0,0.492595493622994,0.207479188384694,0,0,0.499849201031675,0.202358709088699,0,0,0.527715821583593,0.239392366666201,0,0,1,1,1,1
"22",0.455843337009876,0.189193516862905,19,0,0,0.393363017038035,0.209492907305519,0,1,0.411189322790478,0.207950736577263,0,0,0.283534075114592,0.218111076289852,0,1,1,1,1,1
"23",0.430975670613463,0.223359579535066,13,0,1,0.420682811822085,0.16927128276686,0,0,0.43074629765422,0.211516219697873,0,0,0.488348369831233,0.279440278092571,1,1,1,1,1,1
"24",0.339742250274944,0.212301814833023,9,1,1,0.326488638926932,0.215989909878955,1,1,0.322986352590444,0.183527497081663,0,1,0.365354774891947,0.28880393580243,1,1,1,1,1,1
"25",0.345946151107121,0.207165850071888,11,1,1,0.367751424904355,0.178362508865598,1,0,0.382521393793817,0.157385006719722,0,0,0.252693364365708,0.196145648371199,0,1,1,1,1,1
"26",0.392330041997717,0.209339806750168,11,0,1,0.416992303597744,0.224370431599603,0,1,0.440894435094101,0.199990341272773,0,0,0.598602179203139,0.250367583844111,1,1,1,1,1,1
"27",0.340255074451053,0.214919569024694,19,1,1,0.310557768235161,0.210382899783088,1,1,0.32075766696258,0.171113342719922,0,1,0.267841465837336,0.259761910506491,1,1,1,1,1,1
"28",0.596999060505822,0.202414882246048,11,0,0,0.665076072276188,0.17408430078333,0,0,0.666657811907958,0.212002406441912,0,0,0.80624180504866,0.233870453367026,0,0,1,1,1,1
"29",0.438406389794086,0.181491290225031,19,0,0,0.411052410309374,0.195458445244062,0,0,0.405322461233808,0.186327333356579,0,0,0.389156817727695,0.24369967009828,1,1,1,1,1,1
"30",0.218378260870745,0.208446734239421,19,1,1,0.239937864238814,0.220201403487802,1,1,0.241385532633729,0.191841898459105,1,1,0.240800066442703,0.228376966891912,1,1,1,1,1,1
"31",0.475886820754168,0.257540999425229,3,1,1,0.362242079715835,0.178738043615484,0,0,0.398987277320802,0.206196073146887,1,1,0.444630508266746,0.274421378570659,1,1,1,1,1,1
"32",0.543531304070296,0.224261452067228,9,0,0,0.61079125118087,0.202103469032478,0,0,0.600024758876683,0.182056048670512,0,0,0.584699691809683,0.209095972198571,0,0,1,1,1,1
"33",0.550545739004609,0.241124709795956,17,0,0,0.627328341795489,0.226704029671308,0,0,0.634403052352579,0.222396793545029,0,0,0.707203469302397,0.255491604099815,0,0,1,1,1,1
"34",0.103734079606174,0.212223398731738,11,1,1,0.227481268866818,0.203509034339186,1,1,0.217299860614477,0.194306673578171,1,1,-0.0100490957026288,0.257430442870728,1,1,1,1,1,1
"35",0.699963360326342,0.232378485814812,13,0,0,0.728364162193764,0.18597355772094,0,0,0.726326622278127,0.207742104113822,0,0,0.877739104627318,0.239152822203414,0,0,1,1,1,1
"36",0.13249270306161,0.184078182366685,19,1,1,0.120200902777256,0.193639247178749,1,1,0.091785640765409,0.195918635599001,1,1,0.0119355891207203,0.196967664117757,1,1,1,1,1,1
"37",0.20182626015059,0.204708720882445,13,1,1,0.188116866897228,0.194331197954845,1,1,0.183783037868325,0.179668549061556,1,1,0.213457429024959,0.197829603691736,1,1,1,1,1,1
"38",0.52125793843876,0.207541127693004,9,0,0,0.459076742841167,0.182502328932013,0,0,0.473110455153904,0.212933378360267,0,0,0.458611129259461,0.212988876238386,0,0,1,1,1,1
"39",0.254331359568807,0.239825327051823,1,1,1,0.248192724667424,0.201857344400793,1,1,0.231469368006675,0.202964753053433,1,1,0.278031560410498,0.230443662599091,1,1,1,1,1,1
"40",0.452878131779726,0.214420667913054,17,0,0,0.472838734673431,0.179509303794105,0,0,0.469403308887859,0.201881355931369,0,0,0.275608644818592,0.229245576272399,0,0,1,1,1,1
"41",0.365191790428796,0.20334664704744,13,1,1,0.31144375393676,0.223889030282576,1,1,0.323900724562275,0.214309037567953,1,1,0.421292627603746,0.239078192875912,1,1,1,1,1,1
"42",0.179406609351063,0.210196323367787,9,1,1,0.223661928249111,0.169731638159728,1,1,0.211094478816609,0.190209633435739,1,1,0.109891870179937,0.215966230748444,1,1,1,1,1,1
"43",0.273517308761446,0.231489506516479,7,1,1,0.32599333251598,0.221976269340443,1,1,0.323529981018628,0.213749261720495,1,1,0.394979034899557,0.274625584685371,1,1,1,1,1,1
"44",0.521268828669981,0.204207468717805,15,0,0,0.538608955839601,0.183949618561885,0,0,0.543430257739556,0.191661651897682,0,0,0.579878918769112,0.224921919783894,0,0,1,1,1,1
"45",0.465156651075615,0.194238234240565,19,0,0,0.430502122732457,0.159640594152783,0,0,0.412342207277068,0.199251413690982,0,0,0.299770712472843,0.213200137187006,0,1,1,1,1,1
"46",0.270088812215099,0.208270158388342,5,1,1,0.243569214498959,0.172602384544,1,1,0.233624620708496,0.182857025097125,1,1,0.28593189774132,0.248541059308799,1,1,1,1,1,1
"47",0.219008580514881,0.190178832023328,15,1,1,0.258701793348045,0.189180248685648,1,1,0.258936554537857,0.216272364089463,1,1,0.501121416898645,0.256761895109827,1,1,1,1,1,1
"48",0.327261826552781,0.170664084011179,17,1,1,0.312362554139263,0.201510169350786,1,1,0.309610621912547,0.166097638614815,1,1,0.481585614490387,0.207060975340413,1,1,1,1,1,1
"49",0.671484047971751,0.196752606507209,7,0,0,0.658758219498776,0.189336302440049,0,0,0.667385306900001,0.180900019929966,0,0,0.563403302486806,0.216013829132982,0,0,1,1,1,1
"50",0.0482081473065911,0.203876423729694,17,1,1,0.0801473720311181,0.187713855098696,1,1,0.0675464920085075,0.202085193678156,1,1,0.139725373470679,0.237281433853387,1,1,1,1,1,1
"51",0.482541092350061,0.215442677989286,13,0,0,0.453552065440984,0.217353442647675,0,0,0.469947015038299,0.191635217424693,0,0,0.538655350080766,0.242372341855243,1,1,1,1,1,1
"52",0.21010566253841,0.264880227793405,3,1,1,0.210570373596401,0.18438959881946,1,1,0.196250197352635,0.223550425354515,1,1,0.289257208791267,0.243424494539666,1,1,1,1,1,1
"53",0.262065322196666,0.210918203209985,7,1,1,0.223223993840392,0.188859733993172,1,1,0.232546462393253,0.190598932047382,1,1,0.282920629677538,0.223791572724018,1,1,1,1,1,1
"54",0.303892269406913,0.203168659387098,5,1,1,0.376622661175749,0.20131970964873,0,1,0.381106109542639,0.18264824907349,1,0,0.268265759389999,0.218156247565856,1,1,1,1,1,1
"55",0.369272009184222,0.21547361329409,3,1,1,0.359451682017667,0.215455519762486,1,1,0.336495585254792,0.21864075175225,1,1,0.47885225242265,0.249573802178485,1,1,1,1,1,1
"56",0.287924552410752,0.200969192405394,15,1,1,0.275662991219297,0.183260612604954,1,1,0.300950647891155,0.165598994194901,1,1,0.499261021450512,0.246840986025278,1,1,1,1,1,1
"57",0.712539876214406,0.267692058303629,19,0,0,0.724988985012696,0.210835938119726,0,0,0.738482073635729,0.224424322721557,0,0,0.490755680854151,0.261116984034312,0,0,1,1,1,1
"58",0.255897119574528,0.258857022764772,5,1,1,0.29694132166599,0.228968039517653,1,1,0.310409142937187,0.197173982073304,1,1,0.198284237157378,0.229839274102363,1,1,1,1,1,1
"59",0.221044259734527,0.213198818508053,5,1,1,0.30637739581125,0.181847549211209,1,1,0.299766068178526,0.19635103844345,1,1,0.287069607425774,0.241183681603546,1,1,1,1,1,1
"60",0.104026387278692,0.226700569459782,5,1,1,0.157832731992991,0.165121168496893,1,1,0.160835575226054,0.190205660293936,1,1,0.203467755694131,0.247970249566872,1,1,1,1,1,1
"61",0.398889808728066,0.184021377996197,15,0,0,0.343211542211394,0.200285370799811,1,1,0.348642686784377,0.194333791305616,1,1,0.453463033462689,0.215315008177069,1,1,1,1,1,1
"62",0.262502976990003,0.197088490908586,15,1,1,0.279721714944509,0.199739458334291,1,1,0.271492363027982,0.199666173624057,1,1,0.322330299836569,0.253870059167904,1,1,1,1,1,1
"63",0.212747709189451,0.204827047099184,15,1,1,0.199619126203404,0.184574017849124,1,1,0.201445976013226,0.198377957558514,1,1,0.248666247599117,0.223938224301473,1,1,1,1,1,1
"64",0.349728332450238,0.24808857154992,5,1,1,0.286156384287937,0.211251791049448,1,1,0.310581596679113,0.205990000652436,1,1,0.571486192998055,0.255134683836685,1,1,1,1,1,1
"65",0.297334119620338,0.2186288382934,5,1,1,0.440857545565472,0.241975969669819,1,1,0.440914631621694,0.215607945386552,0,0,0.27994586184511,0.237922158407767,1,1,1,1,1,1
"66",0.325139650775282,0.23082430499936,15,1,1,0.322650932514214,0.197615121293298,1,1,0.324558329643463,0.200678938091234,1,1,0.225967556136526,0.220699919024024,1,1,1,1,1,1
"67",-0.0105575221127046,0.233148035962142,19,1,1,0.0254798856461364,0.230172224515138,1,1,0.00953003567132092,0.218245474129287,1,1,0.134302183845722,0.2430472258304,1,1,1,1,1,1
"68",0.456493724130847,0.222444846220694,11,0,0,0.420776224217786,0.19376769332339,0,0,0.427254089656183,0.208660457192764,1,0,0.393480986090991,0.247067437916825,0,1,1,1,1,1
"69",0.497380033774567,0.166438335269575,11,0,0,0.463336848715146,0.173819928484266,0,0,0.462297903344606,0.182908656892141,0,0,0.700825158273766,0.239537437281402,0,1,1,1,1,1
"70",0.310623314836485,0.207928679635531,13,1,1,0.242170216057877,0.194885823429378,1,1,0.261032453702012,0.210923754407964,1,1,0.285764911844884,0.253736543588933,1,1,1,1,1,1
"71",0.36969665543195,0.22790034661434,19,1,1,0.30993355892823,0.200057908973867,1,1,0.336514707782645,0.210471033349484,1,1,0.364824479564025,0.237253454669873,1,1,1,1,1,1
"72",0.255251416072726,0.205362797473901,11,1,1,0.287394521447998,0.207056243037007,1,1,0.289839447494676,0.200537445324593,1,1,-0.0503324623372864,0.221308671790948,1,1,1,1,1,1
"73",0.468381677151013,0.194229555837862,15,0,0,0.439692345636722,0.191544899046898,0,0,0.452101373806413,0.179763483482244,0,0,0.315935306383665,0.258750410589855,0,1,1,1,1,1
"74",0.289801692639357,0.224842679666894,9,1,1,0.294726069668973,0.18997600436665,1,1,0.305937829232818,0.20762916025242,1,1,0.161659879342383,0.251586679540632,1,1,1,1,1,1
"75",0.401789505440382,0.231919048424817,11,1,1,0.442975916783973,0.196897869945215,0,0,0.459981242739598,0.193539029098503,0,0,0.339990218596376,0.249319210784899,1,1,1,1,1,1
"76",0.288580032815877,0.229016373272349,5,1,1,0.37962981839877,0.233650272025192,1,1,0.366974656387976,0.218487871757212,1,1,0.386085657901661,0.211686127460008,0,1,1,1,1,1
"77",0.409794679832723,0.214952292181761,13,0,1,0.450281306269458,0.190695422672591,0,0,0.452866188476498,0.183407497848727,0,0,0.407227631229883,0.249488099254263,1,1,1,1,1,1
"78",0.308463482559453,0.236047271522884,5,1,1,0.299002203287151,0.192124520306449,1,1,0.286972608499313,0.202865943954894,1,1,0.377627730402097,0.211882602767757,1,1,1,1,1,1
"79",0.453093032313559,0.164574446558879,19,0,0,0.425814115434203,0.204440891427255,0,0,0.413160761562653,0.188173353607864,0,0,0.445572174528911,0.24329297677367,1,1,1,1,1,1
"80",0.104659962333377,0.208114618755652,11,1,1,0.0727378752322067,0.20118052072901,1,1,0.0808289021187773,0.170812540309368,1,1,0.133906493893608,0.224042404038574,1,1,1,1,1,1
"81",0.203301176249217,0.193188951080883,7,1,1,0.196524454120697,0.201926750875508,1,1,0.218648074896424,0.206609130791049,1,1,0.33602522815236,0.264023770058833,1,1,1,1,1,1
"82",0.620224871075331,0.269383489993528,1,0,0,0.503812709333975,0.204673561621035,0,0,0.504625693929413,0.186526650599819,0,0,0.628214787775817,0.212449364498363,0,0,1,1,1,1
"83",0.358356868262818,0.20725492436784,7,1,1,0.328922057080043,0.212398330577946,1,1,0.303706530256529,0.210433699381585,1,1,0.561489005166775,0.276852779944906,1,1,1,1,1,1
"84",0.351755550419592,0.224006352848902,9,1,1,0.376453336800147,0.210671720434821,1,1,0.361451210116927,0.219879916764964,1,1,0.295056769484862,0.259313807682612,1,1,1,1,1,1
"85",-0.0320747196210419,0.262516120398092,9,1,1,-0.0153265156396274,0.225316646266665,1,1,-0.0136119949901531,0.198846142924031,1,1,0.0436828644778198,0.281561482127968,1,1,1,1,1,1
"86",0.513041752486566,0.224058729303876,5,0,0,0.557168634804435,0.17261675535595,0,0,0.543351475652335,0.175918785323085,0,0,0.387761911733623,0.222912679710162,0,0,1,1,1,1
"87",0.437766844170583,0.217828436671198,7,1,0,0.429041229253383,0.196321326438276,0,0,0.403759393484232,0.192499879164721,0,0,0.472373943864318,0.245807099967633,1,1,1,1,1,1
"88",0.0525046761100153,0.215138076766946,17,1,1,0.100917054394877,0.176580627303513,1,1,0.114383719831268,0.22982076673589,1,1,0.148224309278459,0.230631443099401,1,1,1,1,1,1
"89",-0.110785806371104,0.242945301280354,9,1,1,-0.176928103782076,0.237887433370359,1,1,-0.159487157442327,0.206453051042992,1,1,0.0659148579346181,0.252882126527353,1,1,1,1,1,1
"90",0.509224755839383,0.198042863672878,13,0,0,0.479775661500564,0.217081146128961,0,0,0.49398972151738,0.194447972890792,0,0,0.549466706337252,0.206770489724844,0,0,1,1,1,1
"91",-0.0834643007453419,0.206190954361429,9,1,1,-0.0761025446142101,0.204369036641075,1,1,-0.0767907875707141,0.174544706036129,1,1,-0.210961008780848,0.246244346770954,1,1,1,1,1,1
"92",0.0737458546936734,0.228212273619111,1,1,1,0.161100156004733,0.187469492733051,1,1,0.151188730303881,0.225138871669146,1,1,0.087991738297247,0.238838335504325,1,1,1,1,1,1
"93",0.182191029262781,0.211444168448232,17,1,1,0.202614401999936,0.224326204501601,1,1,0.202360824931409,0.210426792670031,1,1,0.136828815794217,0.268004868475358,1,1,1,1,1,1
"94",0.488327834846139,0.215395235727302,9,1,0,0.437201053693817,0.181750039721266,0,0,0.433691847870897,0.196832062347656,0,0,0.531877228102565,0.24643408113778,0,1,1,1,1,1
"95",0.280555170968953,0.225555488444536,13,1,1,0.27409732488474,0.198527657599623,1,1,0.288070892268389,0.195127140852696,1,1,0.334504723197895,0.199153737514429,1,1,1,1,1,1
"96",0.556453731380525,0.191424931298806,19,0,0,0.562230407893768,0.205139478625197,0,0,0.578063036832948,0.191477875369151,0,0,0.674954460520444,0.222380279155576,0,0,1,1,1,1
"97",0.543785097567343,0.197093753722433,19,0,0,0.495060718345338,0.205940449381941,0,0,0.49026227052896,0.177227454422156,0,0,0.554138643290473,0.219202897325998,0,0,1,1,1,1
"98",0.32206679570093,0.215308209390397,19,1,1,0.289092339194393,0.200483864751613,1,1,0.270003626381927,0.177945478838808,1,1,0.0946276322995199,0.214643401406981,1,1,1,1,1,1
"99",0.455376451790503,0.19818592289021,13,0,0,0.396533464872367,0.224093788714413,1,1,0.393232593684277,0.21893575857494,0,1,0.614904557801733,0.215767777691482,1,1,1,1,1,1
"100",0.328366560575382,0.222583709896462,17,1,1,0.361019731390714,0.224745536652714,1,1,0.361614044226399,0.204620723809791,1,1,0.22769974784439,0.271142175782409,1,1,1,1,1,1
