"","V1","V2","V3","V4","V5","V6","V7","V8","V9","V10","V11","V12","V13","V14","V15","V16","V17","V18","V19","V20","V21"
"1",-0.400795093565615,0.258310748213638,1,1,1,-0.326995884885504,0.224574635202211,1,1,-0.377545521282839,0.209129386531842,1,1,-0.372829291455698,0.252745531651388,1,1,-0.400795093565615,0.248056658705184,1,1
"2",-0.0603140296784095,0.226718781313896,9,1,1,-0.10870284851017,0.219722354869636,1,1,-0.0872320568764248,0.222520037837434,1,1,-0.215728125452522,0.258065145170439,1,1,0.145671821514206,0.270522489641111,1,1
"3",-0.163360116035352,0.215215425413904,11,1,1,-0.111443827658054,0.206741706415578,1,1,-0.122023066912735,0.209765146315265,1,1,-0.145832429600434,0.234676307367914,1,1,0.199585486474766,0.237292127963789,1,1
"4",-0.237907349049742,0.219271284295223,9,1,1,-0.268709009555431,0.230871958999963,1,1,-0.233361065262359,0.21922878876541,1,1,-0.156866312478413,0.237593304339064,1,1,0.0457534207957375,0.251989698223828,1,1
"5",-0.213193088372002,0.206378542955321,19,1,1,-0.286667898866718,0.217111969520368,1,1,-0.246671007152495,0.213614329672367,1,1,-0.429618646777028,0.244336991525518,1,1,0.146834791327687,0.246275047934777,1,1
"6",-0.245723437123718,0.204769504875249,19,1,1,-0.289573026558476,0.229362533608017,1,1,-0.237460472834244,0.220924534587037,1,1,-0.17785971141714,0.248993450730523,1,1,-0.0449152182002877,0.252626641342389,1,1
"7",0.121897800532502,0.215755146685931,9,1,1,0.14958124894716,0.213284645468714,1,1,0.162023533916208,0.206920776619033,1,1,0.215707766817053,0.225324813049437,1,1,0.309028501445595,0.246009242406288,1,1
"8",-0.425463698333804,0.217545365697482,13,1,1,-0.483299134333635,0.224064531335589,0,0,-0.50701848677138,0.226843242328293,0,0,-0.382567040892114,0.251462516292316,1,0,0.00124370409635374,0.254930164922565,1,1
"9",-0.279876888128978,0.225532004144076,17,1,1,-0.391042300455157,0.234852102917742,1,1,-0.379780145353923,0.227717981494965,1,1,-0.321694723695652,0.255237141927674,1,1,0.0492234336242234,0.271285195412257,1,1
"10",0.252440359536878,0.206620395228096,7,1,1,0.374405717675658,0.190540070019257,0,0,0.344828209019928,0.207117947691593,1,1,0.302243747309491,0.248446649474685,1,1,0.58145468241672,0.243041641802767,1,0
"11",-0.101381611915039,0.229272460170096,7,1,1,-0.0323726050774012,0.206157240729622,1,1,-0.0858350935792297,0.209057168529283,1,1,-0.0881747254952284,0.249899983418251,1,1,0.191756748698799,0.234139455251799,1,1
"12",-0.180136754948801,0.243888817079984,9,1,1,-0.176777141119756,0.196978374830188,1,1,-0.185435519646139,0.2101190449536,1,1,-0.462103602427111,0.256118548936586,1,1,0.093473949972473,0.274847387439892,1,1
"13",-0.243846748579489,0.23108426929442,17,1,1,-0.375266976633968,0.236977874142431,1,1,-0.34069599340087,0.231854820935709,1,1,-0.740619116496185,0.278239009972722,1,1,-0.0328946136999129,0.259470381981708,1,1
"14",-0.169489713496499,0.268930486605027,3,1,1,-0.0494773412424418,0.22606358190018,1,1,-0.0849676469183451,0.211258017176097,1,1,-0.154411881018167,0.289292161502434,1,1,0.0384421658451521,0.285059568057795,1,1
"15",-0.201459759449579,0.231475051887633,11,1,1,-0.19245268352222,0.192883774225599,1,1,-0.219084644945152,0.210827010866753,1,1,-0.0641222332074654,0.24333729767138,1,1,0.173514628306178,0.249565331012224,1,1
"16",-0.0418679484843311,0.245657511845794,5,1,1,-0.130725130732329,0.217948794505025,1,1,-0.0745598548164717,0.220466340775618,1,1,-0.260790860870212,0.257540157475933,1,1,0.0325010513862165,0.268516345278202,1,1
"17",-0.236458764637761,0.261938853389121,17,1,1,-0.0631386605375793,0.239848468688222,1,1,-0.0767061219274604,0.237202320662268,1,1,-0.33813904650513,0.259653578503945,1,1,0.0641578783699697,0.279614509909731,1,1
"18",0.306151262005156,0.226037705645153,9,1,1,0.314020354276808,0.210109240389482,1,1,0.283383073673348,0.209360807435023,1,1,0.312417712545349,0.252933772042079,1,1,0.563820114144078,0.242113148715947,1,0
"19",0.206763662503992,0.242728231336998,19,1,1,0.255329865079433,0.226980770408505,1,1,0.289588190055196,0.226151117035224,1,1,0.254876636100109,0.272737265490051,1,1,0.494193410384596,0.27572816136643,1,1
"20",-0.171490966652841,0.21573311671539,13,1,1,-0.193688485833204,0.184104760879514,1,1,-0.207610783978982,0.19857907753381,1,1,-0.253261336161469,0.240059737144725,1,1,0.0503072043156435,0.23736373642608,1,1
"21",0.514463431401698,0.23162777161712,17,0,0,0.569017943173902,0.214914212905017,0,0,0.576128269240102,0.226626240265495,0,0,0.561096610137001,0.250687410016428,0,0,0.754286266079726,0.236328477675209,0,0
"22",0.0690729704464243,0.236561668064835,11,1,1,-0.0328257713202244,0.239658658028746,1,1,-0.0290914824261987,0.235095089956837,1,1,-0.116514110288346,0.276744443650127,1,1,0.438372601164804,0.275439807234522,1,1
"23",0.051898712787629,0.241078123097743,9,1,1,-0.231425554172619,0.311666308460136,1,1,-0.169520430469115,0.268429072869745,1,1,0.136175923455982,0.249764386415029,1,1,0.349891055803641,0.236820976023786,1,1
"24",-0.0335642177475803,0.242108805060048,11,1,1,-0.284087942798998,0.274402193637366,1,1,-0.244171405969438,0.264992510846036,1,1,-0.289883365061316,0.283746943626237,1,1,0.295457316731626,0.283570794065356,1,1
"25",-0.00948390074168444,0.213257183407419,15,1,1,-0.0508244022220738,0.191312433174122,1,1,-0.0492264135736538,0.196569131024929,1,1,0.015188973524509,0.242338768155179,1,1,0.281942409951885,0.230268823882205,1,1
"26",0.375722496992492,0.229027635628487,9,1,1,0.00673546438086077,0.289924099897029,1,1,0.023017686363075,0.281962312965953,1,1,0.463455984414504,0.246884156892353,1,1,0.589164708681688,0.246073758688691,1,0
"27",-0.313275525978419,0.245613271950013,19,1,1,-0.341989086890407,0.244622803340531,1,1,-0.329821362186268,0.244180695828698,1,1,-0.602071930158265,0.290660486785839,1,1,-0.146030049118409,0.288410860444745,1,1
"28",0.0891709006430618,0.211971118031618,13,1,1,0.0913907361845906,0.201681802582267,1,1,0.116000488288365,0.209154988715979,1,1,0.116171312594019,0.248749675459506,1,1,0.37112795366882,0.240084472941826,1,1
"29",0.0117351619537898,0.228182455862005,19,1,1,0.0621965188334168,0.208977668607252,1,1,0.0480240523750072,0.227337979125224,1,1,0.273905295976899,0.295196097951558,1,1,0.454084535688451,0.288343533692629,1,1
"30",0.14880136084211,0.231501543276572,5,1,1,-0.077134599630308,0.25297555290788,1,1,-0.0194544120900435,0.248584248607475,1,1,-0.0458817986265531,0.238100235462729,1,1,0.388126657833764,0.243291932455632,1,1
"31",0.409195846906925,0.234188573234456,17,0,1,0.358163790281825,0.245585893374653,1,1,0.409852601889521,0.237384081711006,1,1,0.299615541113142,0.30456846686386,1,1,0.668713635913794,0.28637670893572,1,0
"32",0.0923067136310685,0.216981601851586,5,1,1,0.199123675387976,0.197417345902648,1,1,0.228790082031525,0.22078052231326,1,1,0.138433759425387,0.220895565017035,1,1,0.270601013850548,0.241331191364459,1,1
"33",0.130248980983454,0.221332296390009,17,1,1,0.257561420634512,0.238193875311654,1,1,0.281468981372092,0.239262705532267,1,1,-0.00968769318902051,0.247999709471949,1,1,0.395632640183641,0.249448661233641,1,1
"34",0.0139726944609157,0.216567626128591,9,1,1,0.0875706847472906,0.202321934141097,1,1,0.0494218808301706,0.206124217812207,1,1,-0.128465956441869,0.236904433689876,1,1,0.260666661871821,0.246457279853184,1,1
"35",0.239775578490304,0.215063644115892,15,1,1,0.140737945200885,0.211288503946244,1,1,0.124203321296319,0.204877075303722,1,1,0.175970096306179,0.23815347835055,1,1,0.498783176620502,0.235485032641841,1,0
"36",-0.0754103326709718,0.225657225051917,9,1,1,-0.0446198326594773,0.213944389745356,1,1,-0.0401517236272825,0.21962065252808,1,1,0.00217451891150114,0.238360046500839,1,1,0.190332293043756,0.252966804999088,1,1
"37",-0.453671120336238,0.240389757511687,15,1,1,-0.333346530930715,0.198753221226559,1,1,-0.330599403806865,0.200290426374799,1,1,-0.356780355706742,0.23883171001653,1,1,0.000481141558939358,0.260959702292383,1,1
"38",-0.237994357544701,0.194773522473598,11,1,1,-0.196532302605029,0.195122838578061,1,1,-0.222196926049251,0.196438462591117,1,1,-0.0488236810798316,0.244903559533217,1,1,-0.0361224089249096,0.2217840897539,1,1
"39",-0.213789766183434,0.208515284733949,11,1,1,-0.306416334332557,0.200353038996861,1,1,-0.285674602636276,0.204781949774667,1,1,-0.364084188402877,0.220749348786523,1,1,0.053905382263563,0.231307150160807,1,1
"40",-0.0148806305874079,0.228043559975341,19,1,1,0.0555096254546388,0.250845790939095,1,1,0.0426612839978735,0.255601473975186,1,1,0.0659786499203499,0.259840714252208,1,1,0.182171495789132,0.264442977205987,1,1
"41",0.166802634303717,0.211771525137356,11,1,1,0.204699212811409,0.21266948041624,1,1,0.198405830193924,0.227914765140566,1,1,0.150763459166042,0.240313240605225,1,1,0.518659755317371,0.236407149839003,1,0
"42",-0.21954768904183,0.225998860036332,11,1,1,-0.180976050249962,0.212275614112473,1,1,-0.167438212352188,0.211268913631763,1,1,-0.255046878533906,0.267890286232509,1,1,0.156897369124458,0.254166993380956,1,1
"43",0.0901820464939445,0.24015808137208,5,1,1,0.158114234445478,0.194456482843429,1,1,0.110333706216341,0.206945539978526,1,1,0.275762383684195,0.243253608186458,1,1,0.306927452565396,0.229483773369789,1,1
"44",0.0976888497689173,0.261109251281472,11,1,1,-0.0195779961570948,0.231598856387358,1,1,0.0454589064105852,0.224659821085436,1,1,0.0419259931302564,0.300558361496698,1,1,0.350292637379822,0.30439256832994,1,1
"45",-0.13416965951775,0.228624225765995,5,1,1,-0.17285338769014,0.205796860363516,1,1,-0.166950405176522,0.215833421990249,1,1,-0.234328427257524,0.23268339742479,1,1,0.151886004519387,0.23482619945666,1,1
"46",0.436647981994956,0.228588097625203,15,1,1,0.427782258684576,0.204909114951899,0,0,0.434777506688501,0.209774908888301,0,0,0.145049663812737,0.24301782236803,1,1,0.747292748539642,0.25868012039924,1,0
"47",0.21673343913571,0.241687883275917,5,1,1,0.161361751818726,0.244856783181484,1,1,0.185078924126706,0.246916514143846,1,1,0.232986699059455,0.256449860651583,1,1,0.535467205853419,0.277973013745463,1,1
"48",-0.0527535274660768,0.216736206280089,13,1,1,-0.0422935673968742,0.235961212600539,1,1,-0.0764811858761821,0.220153316256912,1,1,0.0168955619405366,0.245207049295827,1,1,0.158632203271896,0.246372748120461,1,1
"49",-0.0285988508444156,0.26453439762698,3,1,1,-0.121019482761982,0.210819131009941,1,1,-0.133155810873374,0.212203024220074,1,1,0.0047858916433539,0.258700656482615,1,1,0.0976822326933895,0.280409859574942,1,1
"50",0.0452423354242541,0.216366202273919,9,1,1,0.00859010487682662,0.225235857426245,1,1,0.0183228817587948,0.214886607133474,1,1,0.0865606885674282,0.236028413228057,1,1,0.210473180071319,0.248339051331943,1,1
"51",0.0310524664399772,0.226372291169647,3,1,1,0.160400370437425,0.196826992337362,1,1,0.134092064914572,0.194901209710072,1,1,-0.219791099567687,0.245582828244225,1,1,0.236887517140633,0.222181349122235,1,1
"52",-0.430445239529243,0.220633069476613,17,0,1,-0.427709097679746,0.215500088321077,0,0,-0.427328225928809,0.209744897682333,0,0,-0.156515583349426,0.237337331234682,1,1,-0.13160642619672,0.259382667145133,1,1
"53",-0.133432166578259,0.238973631907034,9,1,1,-0.133678784163384,0.213265340358957,1,1,-0.125450844177287,0.209252279394397,1,1,-0.0911697126698015,0.258955772087833,1,1,0.0558947956119486,0.266215643341498,1,1
"54",0.116165379281931,0.212864509534303,11,1,1,0.114657429845508,0.195894934480047,1,1,0.109432098944294,0.202471654490493,1,1,-0.117615263841169,0.241081113958603,1,1,0.333977520032629,0.235294359959388,1,1
"55",0.0893981811678829,0.234351647647014,7,1,1,0.181930640275212,0.199077229789549,1,1,0.127644527747627,0.210626201097864,1,1,0.15742202295915,0.248253034781441,1,1,0.301023891123732,0.266799117619631,1,1
"56",-0.0823142884424408,0.241126721341832,7,1,1,-0.243800528746415,0.259179863717485,1,1,-0.218423827320972,0.239404893706913,1,1,-0.234474468335145,0.285998747223769,1,1,0.07836827475036,0.268618525198764,1,1
"57",0.233753605171465,0.250460600502217,3,1,1,0.182312046242137,0.192311799035074,1,1,0.186875875113604,0.185156746997914,1,1,0.310317577785164,0.252206323302797,1,1,0.386937138837695,0.256069063126122,1,1
"58",0.547303252558065,0.211573543649119,19,0,0,0.4423123414095,0.189470857874401,0,0,0.491395607928976,0.199563018532047,0,0,0.539030860617207,0.251594810667642,0,1,0.766418186700965,0.226866535098021,0,0
"59",-0.486352034661551,0.248699378161837,11,1,1,-0.28505008630761,0.190235266948606,1,1,-0.307489078369967,0.19617858425276,1,1,-0.365165647694189,0.253675280272346,1,1,-0.12809528235561,0.253625957928015,1,1
"60",0.017964636382413,0.224084290269558,13,1,1,-0.0634596590758165,0.211492333843682,1,1,-0.073788566364935,0.21581577578046,1,1,-0.0538485546752034,0.258320476027662,1,1,0.10500921378956,0.252596175832414,1,1
"61",0.147042961335431,0.22194997003135,17,1,1,0.0888372334378576,0.207335941885099,1,1,0.052526911956064,0.208670248528357,1,1,0.240876497620455,0.231307571565317,1,1,0.42990482496853,0.237451130922876,1,1
"62",-0.361675112210983,0.271007954577937,3,1,1,0.0291950601765812,0.199799580279126,1,1,0.0092043396033165,0.210452834193487,1,1,-0.251304017834983,0.288849623816891,1,1,0.132825775404999,0.296955747648177,1,1
"63",-0.0910971015487863,0.235574185851966,13,1,1,-0.0636214030259059,0.197856337145545,1,1,-0.0619219689865116,0.227757235462695,1,1,-0.0467817421335141,0.280638283831308,1,1,0.26056669525655,0.293911986646037,1,1
"64",-0.455451427815966,0.237694603516821,5,1,1,-0.442152637836274,0.198721460642663,0,0,-0.499438535372522,0.205339301851992,0,0,-0.466628631334521,0.278498460823637,1,1,-0.252567548281672,0.259818605948205,1,1
"65",0.0838463563578313,0.228299275969278,13,1,1,0.0653661354497822,0.227754710598709,1,1,0.0535861306888956,0.229403208436423,1,1,0.0884001080551263,0.259970082733299,1,1,0.43875939741321,0.262559450422036,1,1
"66",0.197455945719564,0.250420868802313,19,1,1,0.18747940481199,0.297771370273,1,1,0.241355628615779,0.301222252939169,1,1,0.212011274210436,0.29230806124429,1,1,0.494899778332514,0.298319298922558,1,1
"67",0.0764447387208099,0.247014783003392,9,1,1,-0.0348447679064222,0.218429530932986,1,1,-0.0207115832808061,0.216957942127593,1,1,-0.0752211786326155,0.271605362385978,1,1,0.316945260684974,0.268205567529868,1,1
"68",-0.027304540084875,0.244385285198877,7,1,1,0.0421070817700535,0.224178055921403,1,1,0.0336024318607625,0.226658132815258,1,1,-0.125693950472722,0.251356704782302,1,1,0.179530479724499,0.245196028462314,1,1
"69",-0.133041066507926,0.254334063217468,3,1,1,-0.223451368288872,0.245459160054742,1,1,-0.221974686962036,0.243549569109674,1,1,-0.261259306551288,0.259941640760708,1,1,0.134686887038056,0.272862548769925,1,1
"70",-0.0536185049766053,0.228085434454876,3,1,1,0.0778374063747937,0.195302218680554,1,1,0.0164868034970515,0.203466865051126,1,1,-0.0266272340377076,0.241125549590005,1,1,0.153367529999257,0.24956511691531,1,1
"71",-0.129743037707667,0.2233187452932,15,1,1,-0.0494718886053618,0.227841447950035,1,1,-0.128066288421882,0.225726702955564,1,1,-0.207662055648786,0.323948603270352,1,1,0.189924203103172,0.340195238835926,1,1
"72",0.310253995209553,0.255943649470235,9,1,1,0.209125438421008,0.330685568220017,1,1,0.174747388735378,0.321782872884832,1,1,0.249792262892393,0.271558031482822,1,1,0.518982454529267,0.302701098080783,1,1
"73",-0.082137203840321,0.210996291066885,13,1,1,-0.0503933266150753,0.200691797920797,1,1,-0.0381231165833547,0.215921650860217,1,1,-0.173043899542792,0.258140968408548,1,1,0.227102024753328,0.25454076912362,1,1
"74",0.0194238234049551,0.232455019924796,11,1,1,0.0607852351554684,0.20561590956198,1,1,0.0468424278815617,0.212603260827914,1,1,-0.0892854821578023,0.262304256240341,1,1,0.275184413101098,0.252332480238978,1,1
"75",0.431622635517916,0.202473160793478,11,0,0,0.320659318311957,0.189073339315972,1,1,0.319844213245224,0.218053718175215,1,1,0.389247357286499,0.222673488175628,1,1,0.530052740890946,0.239385463916459,1,0
"76",-0.00466564990125723,0.20982275335614,19,1,1,-0.127799325560228,0.19206961054149,1,1,-0.108963503139878,0.182350169566357,1,1,0.00731099791127517,0.233951160422305,1,1,0.274854903251051,0.222691434436868,1,1
"77",-0.296638141511579,0.228257111392725,15,1,1,-0.355320956083956,0.20492632448613,1,1,-0.359132344265671,0.215333879475959,1,1,-0.46104330178738,0.231682244646579,1,1,-0.0429985742383531,0.243919233418349,1,1
"78",-0.30788019642913,0.231984455838451,17,1,1,-0.397497997959932,0.204736522917614,0,1,-0.34973474382486,0.231963197316436,1,1,-0.303156378601196,0.29133980354418,1,1,-0.116329693847316,0.340653531915949,1,1
"79",-0.150425321459294,0.249745564185372,13,1,1,-0.166156058771546,0.222575906533867,1,1,-0.197426970319983,0.233916947971046,1,1,-0.151753862618687,0.268420415411159,1,1,0.167802048572587,0.258383030039202,1,1
"80",0.102807993160751,0.212276399172042,13,1,1,0.200991963715856,0.265133582532306,1,1,0.210930947822529,0.272670032352975,1,1,0.192093229539028,0.257384608351938,1,1,0.432792881973217,0.271269058962929,1,1
"81",0.0987649385744253,0.225026251673079,5,1,1,0.142207302373297,0.224451600151518,1,1,0.134072889232511,0.211060138263921,1,1,0.178030317749423,0.254457243612152,1,1,0.278959904993975,0.254623242279402,1,1
"82",-0.467830987025996,0.244866511152953,7,1,1,-0.69228230617808,0.317717490670466,0,0,-0.662005606329545,0.308399005106283,0,0,-0.578834064589549,0.238190049020212,0,0,-0.0927476453186984,0.232046965222715,0,1
"83",-0.154769567392529,0.216208827416125,5,1,1,-0.197431035989992,0.222584630114744,1,1,-0.191533065200976,0.222065483556353,1,1,-0.182237742097034,0.243425236401653,1,1,0.187828476619838,0.246513509819264,1,1
"84",0.149786408650161,0.206751139533089,13,1,1,0.0579539783910877,0.189688385217961,1,1,0.0355238755050247,0.197373833536654,1,1,-0.0309450948182711,0.241155679756108,1,1,0.19925530554567,0.241958669736347,1,1
"85",-0.442477820075165,0.231660158732165,13,1,1,-0.417976000364218,0.275503128079596,1,1,-0.318100268925196,0.300255113642757,1,1,-0.580463119493982,0.270649544146214,1,1,-0.0616628203566346,0.271474551184124,1,1
"86",-0.221001297358361,0.227500768015119,5,1,1,-0.197291343804505,0.225866715046626,1,1,-0.196795822042931,0.209299520556594,1,1,-0.323135102570186,0.253500032281964,1,1,-0.0336763825121855,0.24674256134604,1,1
"87",-0.416529441206327,0.240814861764392,5,1,1,-0.235792122132174,0.242527066480329,1,1,-0.238136374239629,0.23971155160827,1,1,-0.472189516498677,0.254414955189921,1,1,-0.0521642123215085,0.258989768470724,1,1
"88",0.0601784839573752,0.25305851862254,9,1,1,0.00146980166838524,0.228847452237678,1,1,0.0487316599122892,0.227683143432075,1,1,-0.0559226591264471,0.2556809462114,1,1,0.499137066078154,0.271950876756635,1,1
"89",0.17939933232305,0.218819846650788,11,1,1,0.188409621755123,0.193265752145979,1,1,0.215024955180963,0.193896460918024,1,1,0.355987406041558,0.22773382590461,1,1,0.444949422815429,0.223229982022306,1,0
"90",0.224063906400527,0.226488976224805,5,1,1,0.042971729616895,0.216022415997588,1,1,0.0760665764198614,0.213857655744738,1,1,0.0397484432981157,0.219840362687388,1,1,0.519785188533551,0.233461981621579,1,0
"91",0.158115613871624,0.221178774806146,19,1,1,0.203300047726812,0.259978010527845,1,1,0.201894600113644,0.250367849123044,1,1,-0.00790185870914319,0.269274649780386,1,1,0.425109325953979,0.278356828630307,1,1
"92",0.0496447019393368,0.227378211959155,9,1,1,0.0210901429759042,0.208710596634665,1,1,0.0300216607143746,0.210613534882679,1,1,-0.0685165031925009,0.239984856369785,1,1,0.268057455695909,0.25479008985873,1,1
"93",-0.219660967393209,0.238896436288873,11,1,1,-0.145408870329477,0.222569133057952,1,1,-0.136297504406378,0.224331562840343,1,1,-0.250847311127366,0.259530800097694,1,1,0.203433321680696,0.265352318622738,1,1
"94",0.0482411224376535,0.216191683060131,19,1,1,0.092217635941146,0.189732090533948,1,1,0.0777836378853929,0.205933230351317,1,1,0.215616148918026,0.255673202543488,1,1,0.363507743731617,0.254559875657489,1,1
"95",-0.247444861662534,0.214426530611807,15,1,1,-0.185861312060503,0.20017810340303,1,1,-0.2474356566992,0.206569966774015,1,1,-0.208168052774302,0.264644602903811,1,1,-0.0250356475169319,0.253622591077329,1,1
"96",-0.068054363696287,0.211247404304968,17,1,1,-0.0251775581652396,0.248579874960409,1,1,-0.0359761940200337,0.215188761282451,1,1,0.019206757402178,0.24572936599705,1,1,0.275903058114021,0.25955818266307,1,1
"97",-0.438769254627147,0.238859970545911,19,1,1,-0.366360609951549,0.231123024181765,1,1,-0.401307084644031,0.222995027508464,1,1,-0.299738772625987,0.273961090810453,1,1,-0.0209825312049274,0.269863394979874,1,1
"98",0.423477685031925,0.209973358854643,19,1,0,0.290794079936075,0.206218256654397,1,1,0.282942792518056,0.21038629657669,1,1,0.353748471537819,0.276384847849674,1,1,0.599765988461103,0.289377186334899,1,0
"99",-0.18322100907626,0.21443232077339,11,1,1,-0.301002738260097,0.199347531946912,1,1,-0.318034648218088,0.190164109461663,1,1,-0.237541683064181,0.221509505782564,1,1,-0.0446069958946736,0.227315817425602,1,1
"100",0.0922464851432891,0.218994938518366,9,1,1,0.103879694816659,0.203734036541521,1,1,0.0422446944063448,0.227944456177412,1,1,-0.101229847102502,0.247248494184122,1,1,0.392933926416312,0.254390295998578,1,1
