"","V1","V2","V3","V4","V5","V6","V7","V8","V9","V10","V11","V12","V13","V14","V15","V16","V17","V18","V19","V20","V21"
"1",0.110323690122315,0.235339579903242,15,1,1,0.486134358844264,0.513819113308357,1,1,0.499428012630521,0.459633143947905,1,1,0.224012319000889,0.285464514848895,1,1,0.110221438518271,0.308053907738342,1,1
"2",0.17468398415337,0.207757223044975,9,1,1,0.215966886857087,0.183661787274352,1,1,0.212572349471954,0.211878294771228,1,1,0.0536666317144407,0.228789652826197,1,1,0.0936057439150846,0.249016940362759,1,1
"3",-0.308120795877184,0.219881111917325,15,1,1,-0.258697692886229,0.267623751220316,1,1,-0.125975876963543,0.256620035044744,1,1,-0.242515973814247,0.234220644107212,1,1,-0.236503224669734,0.254000698409213,1,1
"4",-0.173554420936357,0.257216991774226,7,1,1,-0.0790181768471394,0.190999926311999,1,1,-0.103128644711174,0.188860824937211,1,1,-0.0102734923075547,0.24734015159872,1,1,-0.115767907323817,0.294288850136053,1,1
"5",0.284743591744123,0.25760176784817,7,1,1,0.302205429135993,0.214754848614594,1,1,0.301199085361186,0.22488994672241,1,1,0.395049003720189,0.280616176170298,1,1,0.327645074927407,0.276146962442966,1,1
"6",-0.0317556480505657,0.222424889065989,13,1,1,-0.114853472977381,0.24209150058522,1,1,-0.0581102191715103,0.211640442178028,1,1,-0.0537732928290945,0.221076025886694,1,1,0.0201294171698619,0.254095526634249,1,1
"7",0.32698029824363,0.26944579604353,1,1,1,0.0872846048386355,0.202052930635226,1,1,0.113265010689722,0.190198681845896,1,1,0.356521085928051,0.258827723497422,1,1,0.32698029824363,0.268498267960079,1,1
"8",0.455199244192427,0.232120872939638,5,0,0,0.448749366822283,0.203598737292897,0,0,0.431679707540095,0.205513821337775,0,0,0.491224887884891,0.241101462770717,1,1,0.43013111846151,0.235974307747125,1,1
"9",-0.332143910310881,0.236437023066288,19,1,1,-0.341132800708967,0.227422826587502,1,1,-0.31164820178924,0.230428758303139,1,1,-0.352870442495012,0.238134783645797,1,1,-0.284801611774351,0.261279751776761,1,1
"10",-0.187024999618068,0.244886593784293,5,1,1,-0.167381802661375,0.20569630504241,1,1,-0.153816828787617,0.186525822800621,1,1,-0.282760562383045,0.247697273375221,1,1,-0.165989685310967,0.242295937208874,1,1
"11",0.126303055405925,0.20944164957918,11,1,1,0.186989593938186,0.200842447028576,1,1,0.177864372998894,0.20854060396232,1,1,0.461981396476894,0.257661183891997,1,1,0.173343803499027,0.276546981341952,1,1
"12",0.0132380291708052,0.246361940654824,5,1,1,-0.0281504537999567,0.203773519826612,1,1,-0.0329566269386477,0.177686362994787,1,1,0.0102649048919325,0.238733402819132,1,1,-0.00359119225599563,0.216250116721301,1,1
"13",-0.111897185145462,0.204931566957738,19,1,1,-0.144542094765125,0.226060607226667,1,1,-0.121816627284846,0.220549848193003,1,1,-0.191144831865182,0.28505254579295,1,1,-0.15007031645174,0.256614811316192,1,1
"14",0.421011812789501,0.235615115268627,19,0,1,0.276807806250226,0.311754882384529,1,1,0.254801617516672,0.260312471230365,1,1,0.507154445797736,0.244988605526171,1,1,0.44535718009531,0.273018184069297,1,1
"15",0.069790764590611,0.248095858452084,13,1,1,0.0169094731522277,0.215839328970518,1,1,0.0483040350710075,0.248381545855287,1,1,-0.040344703650338,0.243460614340845,1,1,0.041756213740508,0.237169601376769,1,1
"16",0.0670984625119282,0.248629197137118,17,1,1,0.166987279549029,0.209597201866158,1,1,0.15936565906053,0.192373999366182,1,1,-0.0719348413759268,0.277246189599507,1,1,0.13699608278922,0.25650981943964,1,1
"17",0.114351751258185,0.279717567709857,3,1,1,0.236189572292951,0.242100069022792,1,1,0.220858367718676,0.260851216206859,1,1,0.140385228872891,0.253220792533613,1,1,0.164173475357013,0.282721708086898,1,1
"18",0.0358759214986974,0.244987436849412,17,1,1,0.175158883838162,0.207298295165815,1,1,0.105272748769996,0.230620111367851,1,1,0.0651766799363551,0.308817785475081,1,1,0.0190151504574418,0.28969123360521,1,1
"19",0.283181108428429,0.207689361975775,17,1,1,0.274304926444488,0.210746377144154,1,1,0.246019284889679,0.190438469958171,1,1,0.400839733484204,0.256735328079401,1,1,0.269030090493905,0.255433726095629,1,1
"20",-0.28697705690541,0.239937095315136,11,1,1,-0.184957228664725,0.204662307591567,1,1,-0.212924627419428,0.213093423650563,1,1,-0.102651348680824,0.269721348054855,1,1,-0.207567709829383,0.250532533044371,1,1
"21",-0.0124485523654087,0.20259375876729,15,1,1,0.00299241886903745,0.202636847980182,1,1,-0.0223893854492703,0.228489012917656,1,1,0.119936042362191,0.248973534848865,1,1,0.0575612217554165,0.238339272186609,1,1
"22",0.0981894224406672,0.204399539136323,13,1,1,0.0292838646183883,0.195624052447693,1,1,0.0323845959351385,0.210415163061185,1,1,0.0808817965631974,0.255174493274175,1,1,0.116553264126113,0.256059638823563,1,1
"23",0.415935895132081,0.202471546987139,17,0,0,0.322526547398508,0.23772749453175,1,1,0.329713643420987,0.199640652140593,1,1,0.117805526176984,0.257240877522815,1,1,0.290198350974806,0.259854665749364,1,1
"24",0.037172729097515,0.244215264692081,19,1,1,0.106976425857338,0.217494733905106,1,1,0.0770252818352819,0.215720591223746,1,1,-0.00581442065595746,0.224151196538478,1,1,-0.0276884308927718,0.275968594567712,1,1
"25",-0.172753983666982,0.271051469857278,3,1,1,-0.00750655972150106,0.206024548844313,1,1,-0.0733256268952667,0.187273242009544,1,1,-0.160751611397367,0.263243754155957,1,1,-0.118721153303918,0.257906577493392,1,1
"26",0.487736597573506,0.213334453781599,7,0,0,0.563138154795112,0.191188588238702,0,0,0.57607040326219,0.215647872042127,0,0,0.370086336877013,0.272586972311556,0,0,0.480445544783341,0.28339565581911,1,1
"27",0.518719945910882,0.248883765769323,9,0,0,0.51843584064996,0.181908042523939,0,0,0.503333461252163,0.213394882508725,0,0,0.627700740679544,0.280764250012999,0,1,0.482258139909566,0.246885837638389,0,1
"28",0.163677129171123,0.214288594216928,15,1,1,0.0583553700540536,0.229451985233096,1,1,0.150954361058867,0.201610062837223,1,1,-0.0686039679472444,0.24168998486366,1,1,0.204621644134019,0.234680356271749,1,1
"29",0.0619892878469121,0.261087560774902,5,1,1,0.0620272544334233,0.207176006486203,1,1,0.0577082073343241,0.212354656128612,1,1,-0.0696240917124369,0.299899267992597,1,1,0.0652976344365343,0.265777941333501,1,1
"30",0.152330269802449,0.271315185619024,13,1,1,0.148424864040617,0.238710573037247,1,1,0.147571553305199,0.232634656266868,1,1,-0.0846104995165701,0.255236301242877,1,1,0.117962935757045,0.283860999766404,1,1
"31",-0.157703549611373,0.26403122360867,15,1,1,-0.164540023478579,0.218077920102418,1,1,-0.201890024459662,0.234139232843983,1,1,-0.138771352909597,0.282017478322464,1,1,-0.152862156967002,0.257783677707586,1,1
"32",0.459880471747219,0.265524941437466,15,1,1,0.372569270849197,0.205447138962307,1,1,0.390987944034308,0.24748959697462,1,1,0.556408120148442,0.2988061837761,1,1,0.31548767140931,0.372629343098616,1,1
"33",-0.05957459223316,0.245249112969955,5,1,1,0.013978288164202,0.208888109538499,1,1,-0.0109063122267739,0.208936679489316,1,1,0.0784519975923547,0.263104716417023,1,1,-0.0269686198865313,0.236783212060372,1,1
"34",-0.354967935456142,0.263917964882575,5,1,1,-0.190133379217518,0.21948835336353,1,1,-0.252131106831004,0.217065348949091,1,1,-0.156887099260768,0.271168368835687,1,1,-0.280455534907276,0.238763960512563,1,1
"35",-0.114778906196522,0.23110024620014,1,1,1,-0.0532788997277887,0.206723375788077,1,1,-0.0862920568915291,0.206000316103004,1,1,-0.124943565509232,0.275542702280699,1,1,-0.114778906196522,0.264147812787829,1,1
"36",0.0328894887372425,0.21547005692555,13,1,1,0.0605951613285861,0.216848024057281,1,1,0.097506716087818,0.238202401964476,1,1,0.153617118911039,0.2416237498641,1,1,0.107527055635492,0.270886236202268,1,1
"37",-0.319187074064183,0.22914570538767,15,1,1,-0.274580171777114,0.233730651164771,1,1,-0.332794841737569,0.215658670312767,1,1,-0.0650109233027496,0.284324991154068,1,1,-0.235700570122035,0.253448421016702,1,1
"38",0.215152645818284,0.219890909570539,7,1,1,0.309887221966566,0.216653329951288,1,1,0.281570358973636,0.182581214067449,0,1,0.0976297900640709,0.260255923273331,1,1,0.287910077892232,0.251682794487844,1,1
"39",-0.126090994086468,0.243154550419872,17,1,1,-0.166292299944889,0.220296798825164,1,1,-0.208187241759938,0.196227134937952,1,1,-0.450019924869922,0.259658802860621,1,1,-0.123700501704223,0.249011333607678,1,1
"40",0.692490899963431,0.197113540489486,11,0,0,0.714086025569032,0.203636105346158,0,0,0.702702727788884,0.182493887852319,0,0,0.677884556912474,0.204142005138484,0,0,0.657370723340148,0.201337059085783,0,0
"41",-0.373798933105523,0.199495443970736,17,1,1,-0.456394535563474,0.253776151427463,1,1,-0.439218328052612,0.234746935229875,0,1,-0.379215397617249,0.245321347716823,1,1,-0.271125668306536,0.255444955511765,1,1
"42",-0.00981899262650011,0.21392211079913,15,1,1,-0.0376808555028308,0.247830791972624,1,1,-0.0270002959971352,0.207195569625174,1,1,-0.199181668016518,0.246373217431103,1,1,0.0307508911219531,0.248696673289399,1,1
"43",-0.0938753986500731,0.194944663784845,11,1,1,-0.189318782929869,0.198045632287904,1,1,-0.146407494156782,0.200906931783371,1,1,-0.337994754193214,0.208193258938635,1,1,-0.157750766117979,0.227869313818469,1,1
"44",-0.338974953638632,0.205063096296802,9,1,1,-0.324190155909578,0.184997646173231,1,1,-0.262444173803076,0.210011096804749,1,1,-0.263561562488563,0.250314919932433,1,1,-0.210677212380993,0.239630817215227,1,1
"45",0.348374915829505,0.200792830175124,17,1,1,0.320378538316105,0.181429348917463,1,1,0.298180530117993,0.201834201545265,1,1,0.350062037642716,0.235062468385516,1,1,0.248598281968477,0.234099373934884,1,1
"46",-0.238416145022309,0.278618091831581,5,1,1,-0.163430658693904,0.209289751476701,1,1,-0.190496133011776,0.233960393953021,1,1,-0.559201762622939,0.343083003367323,1,1,-0.26978409950715,0.285827928121677,1,1
"47",0.154513371630483,0.220633744940854,17,1,1,0.0569814906743048,0.223090152097637,1,1,0.0806249803498035,0.185538388506028,1,1,-0.00748836926625428,0.255973257233086,1,1,0.0959228158204218,0.241381198467105,1,1
"48",0.137559189630749,0.225311036491998,9,1,1,0.128095566330675,0.191797732387265,1,1,0.09093054351159,0.217557942649758,1,1,0.00156413858082002,0.238791256066185,1,1,0.0913450385661342,0.252651586187852,1,1
"49",0.404084611868443,0.234726771961792,11,0,1,0.444626980375969,0.234364521377772,0,1,0.462549806964636,0.21798918918005,0,0,0.41266206415335,0.253611664678536,0,1,0.43154797210182,0.25691213757525,1,1
"50",-0.492227442583307,0.25269747333867,19,0,1,-0.570541710754593,0.367978686193557,1,1,-0.61929033192449,0.309262105063841,0,0,-0.78356099808195,0.296389798219983,0,0,-0.425818673419536,0.251514106441007,0,1
"51",0.0348597290240732,0.232054498112546,17,1,1,0.0420664883596935,0.232400956886566,1,1,0.0825059168641235,0.211223602769135,1,1,0.0219277488949634,0.255507387474621,1,1,0.0299061079286984,0.244025735434237,1,1
"52",-0.00810344218393871,0.207125032789336,17,1,1,0.0405903829801626,0.202592043487355,1,1,0.022081039702958,0.205002838760808,1,1,0.0729256571419853,0.272169415457172,1,1,-0.00582090348848639,0.256047525028369,1,1
"53",0.0625235088760457,0.225170741702981,3,1,1,0.0590018823479499,0.207532798547219,1,1,0.0707282504846015,0.206472809208086,1,1,0.263390559955154,0.210053296091165,1,1,0.0870703556430919,0.251754935525177,1,1
"54",-0.00792305835587099,0.231354341949721,15,1,1,-0.0889334652857318,0.249470324884259,1,1,-0.0749868104874876,0.253277480858838,1,1,-0.413672388604493,0.303710227955144,1,1,0.0219295941518646,0.282152288438563,1,1
"55",-0.0100102287611223,0.18930768791639,15,1,1,-0.00743664044994382,0.173156739753253,1,1,0.015426498313177,0.216383850686174,1,1,-0.145865204641131,0.228634148754872,1,1,-0.00931652685236777,0.226780395829256,1,1
"56",0.113323970310147,0.243813111881285,1,1,1,-0.127608249023427,0.210993968973456,1,1,-0.15306243961972,0.206823296225112,1,1,0.146109823283137,0.218324890445161,1,1,0.113323970310147,0.259115471159472,1,1
"57",-0.147218202484767,0.220917176403889,9,1,1,-0.234177080279158,0.201117728541268,1,1,-0.240077246024604,0.211696829703764,1,1,-0.209051274035409,0.253278365449435,1,1,-0.209231657478633,0.215524978550141,1,1
"58",0.304223727590468,0.197271746476478,17,1,1,0.281251460569618,0.223219822386019,1,1,0.285232446112396,0.21667148341803,1,1,0.536908311219402,0.248811879549149,1,1,0.261442373008433,0.258770227514442,1,1
"59",0.419485927362179,0.223737883699475,17,1,1,0.296785318435499,0.243176070719597,1,1,0.300525362968331,0.218998366165547,1,1,0.525458493102266,0.237885593688196,0,1,0.257592452633869,0.251586024976342,1,1
"60",-0.209914070516966,0.259311432715827,9,1,1,-0.270140998584428,0.240976536536961,1,1,-0.265353667627894,0.22122483702141,1,1,-0.192992780914115,0.251239029745452,1,1,-0.284719055633538,0.276694047661604,1,1
"61",-0.272072288579651,0.218861372541844,7,1,1,-0.187919172502518,0.195978025250261,1,1,-0.209060138474025,0.224390536154348,1,1,-0.406320661760466,0.222007118184399,1,1,-0.154436551371261,0.232634739045177,1,1
"62",0.0111761942587818,0.256817749479068,9,1,1,0.02425963743774,0.2215750807713,1,1,0.0491862818195496,0.257941751035868,1,1,0.189275868779746,0.283024218025722,1,1,-0.0126769045815868,0.282024300068579,1,1
"63",-0.15095703672847,0.226071003126398,19,1,1,-0.193987038969797,0.211199231613951,1,1,-0.19331436495384,0.198765721713704,1,1,-0.0960641762170607,0.211686071968195,1,1,-0.169929781673501,0.249260706705581,1,1
"64",-0.265868186758292,0.219046477892047,15,1,1,-0.196994185259202,0.217070819556057,1,1,-0.230555681193533,0.205104988916031,1,1,-0.280979199310811,0.23265099158105,1,1,-0.140976909720518,0.205346505676154,1,1
"65",-0.0786107173006146,0.22092105753428,17,1,1,-0.0427665273914508,0.238670603751591,1,1,-0.0599139819807571,0.217865697350755,1,1,-0.11161166762376,0.262685351899432,1,1,-0.0382726686472847,0.24302228381384,1,1
"66",-0.434448278219792,0.206863808102457,7,0,0,-0.384438574450405,0.21763556688224,1,1,-0.331313898195513,0.19620511129085,1,1,-0.782153922580213,0.219459575507807,1,1,-0.449545612517392,0.230523509254808,1,1
"67",-0.0326702839538263,0.264450298250452,7,1,1,0.0524653596388994,0.19387399250136,1,1,-0.0280704993468666,0.221325752373718,1,1,0.107775577543548,0.325789203461586,1,1,-0.030407676347112,0.308272703423731,1,1
"68",0.310836608910688,0.232059795466462,5,1,1,0.398485103698884,0.296803563110325,1,1,0.465921514498526,0.331981507693112,1,1,0.412386084835581,0.270641188023568,1,1,0.233101209260938,0.268816321063322,1,1
"69",-0.21566980180987,0.222939956964562,13,1,1,-0.172735733027961,0.193377310494056,1,1,-0.194292318004114,0.225233108391144,1,1,0.0786099179461744,0.273741458992009,1,1,-0.128400516462064,0.238812525752471,1,1
"70",0.0382928358013711,0.245201362170885,3,1,1,-0.0130686222009486,0.213992591921424,1,1,0.0395702427258959,0.263687188234546,1,1,0.0193973726900904,0.243181037720103,1,1,0.0473741201468696,0.22537477248286,1,1
"71",0.252666032366092,0.217192695891671,9,1,1,0.146177937501537,0.213281095695117,1,1,0.154973757373324,0.214077596766317,1,1,0.310908534474619,0.257493300565728,1,1,0.08200361684892,0.259425556608853,1,1
"72",-0.014640562199943,0.252512174346596,7,1,1,-0.0129330037657653,0.192175164387419,1,1,-0.0184820468057868,0.237902262595013,1,1,-0.0865403458883893,0.255155785791909,1,1,-0.0637079101280846,0.236136761888969,1,1
"73",0.076689513813258,0.190200884268363,13,1,1,0.121449490604655,0.190082332023642,1,1,0.0911253937451032,0.224031337877945,1,1,0.3335971774337,0.282838670192194,1,1,0.0847009460623242,0.294346423132943,1,1
"74",0.0473845135434835,0.211851395011444,9,1,1,0.148847779053033,0.176125035256674,1,1,0.154540667702569,0.202687577058927,1,1,0.0726318803437502,0.235297908071509,1,1,0.119776260372334,0.225486970976391,1,1
"75",-0.0864581585359068,0.223778739805325,13,1,1,-0.0796112384247998,0.218509829730451,1,1,-0.0854545271471105,0.218963662940872,1,1,-0.182505078762258,0.27126317873756,1,1,-0.0258023280908917,0.262106718256583,1,1
"76",-0.338785785966624,0.223909886928981,9,1,1,-0.413886161924924,0.188065735845616,0,0,-0.401817115452208,0.191378137194774,0,0,-0.516205470741053,0.244973855527897,1,1,-0.408468826869704,0.233236681505149,1,1
"77",0.00529986599359336,0.222533097869654,15,1,1,-0.0403894267586872,0.273396706876746,1,1,-0.00338164423545935,0.231065747916397,1,1,0.00508780685525946,0.263557807878202,1,1,0.0661695842589969,0.276930240788875,1,1
"78",-0.428394898286023,0.211945571253287,5,1,0,-0.236335425673475,0.216168660833222,1,1,-0.305835203497148,0.203936130383305,1,1,-0.174645960467089,0.268888557126682,1,1,-0.24153280859034,0.292005721495355,1,1
"79",-0.390229549160706,0.221260576232461,5,1,1,-0.475781191615188,0.225614334951707,0,0,-0.407841105785018,0.2225785683169,1,1,-0.516346047150442,0.238367218663578,1,1,-0.370404202797231,0.231206974063693,1,1
"80",-0.230575235744147,0.256565162642823,17,1,1,-0.220009199163963,0.243107316253533,1,1,-0.227262074142561,0.209981094062852,1,1,-0.263453610043051,0.239032772661187,1,1,-0.192152270148944,0.218722482350005,1,1
"81",-0.136532559077568,0.214248034635384,19,1,1,-0.127289894922223,0.208586007548705,1,1,-0.134931664449002,0.207297724444132,1,1,0.0476415899338511,0.233172272433779,1,1,-0.176610518441802,0.259887589251883,1,1
"82",0.154338531213223,0.213641801043596,13,1,1,0.251600630483645,0.232686210715369,1,1,0.246744220813477,0.225832892340519,1,1,0.189906789365289,0.235405687394912,1,1,0.22645508874906,0.244939640442362,1,1
"83",-0.221653500164311,0.219232369066025,17,1,1,-0.271733200799007,0.214746318195701,1,1,-0.230901018589892,0.188778563663005,1,1,-0.545328509638883,0.237535292305563,1,1,-0.199581952037488,0.247665335873076,1,1
"84",0.356999613250972,0.242903985193946,11,1,1,0.33431361036161,0.26819529711162,1,1,0.329624169160274,0.235580056435502,1,1,0.568659743364013,0.229105939586313,0,1,0.380974219232666,0.249047389483717,0,1
"85",-0.186745031756356,0.21041316658494,11,1,1,-0.0787650321922616,0.222195334040091,1,1,-0.116612897532314,0.221113993450069,1,1,-0.215484249192143,0.288222741029578,1,1,-0.0426812544614499,0.240844571709338,1,1
"86",0.184167429959609,0.242896060983115,17,1,1,0.159778808477392,0.249109739905028,1,1,0.18108543343988,0.212044515435868,1,1,0.271995026673295,0.269728366483558,1,1,0.179370458940887,0.278317608256341,1,1
"87",-0.473971758454797,0.214488355110852,13,0,0,-0.385159199383914,0.186277172935138,0,0,-0.366927974344301,0.20105627394682,0,1,-0.446435999999133,0.247010139853351,1,1,-0.514917241590335,0.243953342890905,0,0
"88",-0.1108073368953,0.224377394127108,3,1,1,-0.139771397270763,0.212126139718311,1,1,-0.124852721311739,0.209312950150349,1,1,-0.101191081653326,0.228075610399522,1,1,-0.142376314977981,0.228273624263407,1,1
"89",0.0335205082472362,0.25425441601086,19,1,1,0.0501785097744865,0.175939349498135,1,1,0.0123368173030962,0.184757574937234,1,1,-0.0799058026420509,0.273113666747575,1,1,0.0256134136784233,0.264103464166355,1,1
"90",0.216742403326393,0.279312636154334,9,1,1,0.265778494203769,0.204728551797094,1,1,0.218493522696062,0.215128981323647,1,1,0.184958108727564,0.343170887577365,1,1,0.210722418442456,0.294602427310605,1,1
"91",0.0668288763399555,0.227820797615174,19,1,1,0.227502318121185,0.259423878060478,1,1,0.217883551150965,0.225514043678928,1,1,0.00762207485634664,0.258052978110109,1,1,0.00234779816769604,0.252658585450605,1,1
"92",0.132944087316632,0.237676026515942,11,1,1,0.113639126639053,0.200520197771196,1,1,0.140418824713266,0.228986338982048,1,1,0.218108814780656,0.253314224291812,1,1,0.192776682452262,0.294205161339229,1,1
"93",0.132886261516665,0.192838269358092,19,1,1,0.127114894546169,0.18932425625754,1,1,0.126978596187708,0.188727214745798,1,1,0.239754444518837,0.234435210098621,1,1,0.0571762640872265,0.191890712534495,1,1
"94",-0.0417024099041886,0.215202441989401,19,1,1,0.0464151615981981,0.205899368370069,1,1,0.0405414442711888,0.251605102632856,1,1,0.205051349090084,0.293847969463035,1,1,0.0358734534617135,0.282342278783428,1,1
"95",0.154601437860685,0.257445168954833,17,1,1,0.198026342853439,0.24377642078831,1,1,0.184230472326127,0.232704660343631,1,1,0.221511891623161,0.28617304895748,1,1,0.120893939389805,0.255280312832366,1,1
"96",0.169509905052072,0.276203219673989,1,1,1,0.19668276009261,0.274303122266035,1,1,0.169770985264634,0.265990792490822,1,1,0.187420573870164,0.269271080139241,1,1,0.169509905052072,0.253794067259643,1,1
"97",-0.0929042600985005,0.174711754925835,13,1,1,-0.0928379406329404,0.212518992187208,1,1,-0.0797309419411151,0.197048255228278,1,1,-0.153629725111582,0.282114441245785,1,1,-0.0753690892567962,0.19228434614798,1,1
"98",-0.0181111509652718,0.191933345181961,5,1,1,0.0275844219053024,0.196269722732479,1,1,-0.00148739949320394,0.197249626440856,1,1,-0.181813731445939,0.197104389364289,1,1,-0.0289857123771221,0.220099375441824,1,1
"99",-0.0149784519099337,0.207758766391721,9,1,1,-0.0702258883389956,0.238466124789684,1,1,-0.0892097343086807,0.240707490360656,1,1,-0.143303019233921,0.226829286413248,1,1,-0.0283633641279334,0.22351698063546,1,1
"100",-0.150552929254896,0.252699964711453,3,1,1,-0.110048260033583,0.234449976843851,1,1,-0.13741166789007,0.226689094892859,1,1,-0.229076512695273,0.290412725941063,1,1,-0.169633117365987,0.243050411026775,1,1
