"","V1","V2","V3","V4","V5","V6","V7","V8","V9","V10","V11","V12","V13","V14","V15","V16","V17","V18","V19","V20","V21"
"1",-0.0787731890404507,0.216563115140827,11,1,1,0.213527186521103,0.179379285926321,1,1,-0.0936076454619137,0.241784179035352,1,1,-0.0265119153569782,0.233000673434083,1,1,-0.127562558613627,0.247777641310161,1,1
"2",0.273860228923269,0.19307187667549,13,1,1,0.561653609668036,0.174630220997557,0,0,0.254263127808473,0.219597841492796,1,1,0.856047053493463,0.224863888128813,0,1,0.281641727554647,0.242752320389095,1,1
"3",-0.123748016221057,0.202984079476476,13,1,1,0.131596776323929,0.184592836289702,1,1,-0.141179681910639,0.186000602313928,1,1,0.326061245585896,0.228323100542584,1,1,-0.13996343768286,0.243849936728884,1,1
"4",0.344911120143291,0.224526209939323,13,1,1,0.542140980827813,0.190537843483005,0,0,0.29090888325035,0.186315856176718,1,1,0.648344881375234,0.237881267391867,0,1,0.286247900884815,0.251527912137758,1,1
"5",-0.0293248595909409,0.235678890304808,15,1,1,0.200187887053829,0.219423743994675,1,1,-0.0731551965347385,0.194833063348277,1,1,0.327328323701201,0.227705813393385,1,1,-0.0503385831174355,0.269950809842652,1,1
"6",-0.0492126831744604,0.256006429703176,15,1,1,0.264984696736305,0.215429596174431,1,1,-0.0422211357467802,0.241942898154333,1,1,0.299440579297161,0.218914909633747,1,1,-0.0222311289558966,0.279428800444048,1,1
"7",0.0324465926183176,0.276810985735342,3,1,1,0.377712400804661,0.20548373240296,1,1,-0.0237476298363354,0.225113160419207,1,1,0.3013227590072,0.221231082414819,1,1,-0.0441788993685181,0.269003977531592,1,1
"8",-0.20380666962062,0.232083421100549,13,1,1,0.120444869511615,0.214687889417206,1,1,-0.149591207139853,0.20497748165682,1,1,0.119071007095509,0.245454779893282,1,1,-0.207292515581829,0.226067670350464,1,1
"9",-0.0492112430982437,0.218884638720522,11,1,1,0.288139146735217,0.175244858852192,1,1,-0.0297295000905379,0.21443313808435,1,1,0.342431747205638,0.257911808086554,1,1,0.0197660281001439,0.288910162973283,1,1
"10",-0.323562301989852,0.232359772652013,15,1,1,0.00533487530487921,0.206608968203338,1,1,-0.289191687151505,0.215384985625155,1,1,0.0886954275202513,0.245191706666187,1,1,-0.195481493902703,0.231758540736673,1,1
"11",-0.119628532465961,0.243455914106857,5,1,1,0.306897695972951,0.228850879456471,1,1,-0.0260839346538623,0.211601291003213,1,1,0.199382083391194,0.228055248920518,1,1,-0.0294763242878877,0.231554147328776,1,1
"12",-0.168444337732988,0.221031109156408,19,1,1,0.196600160521868,0.207659881833267,1,1,-0.196276636599439,0.21661508978007,1,1,0.196398024336996,0.250526778448056,1,1,-0.102423643308849,0.267575640068586,1,1
"13",0.168157835317955,0.220199247547382,7,1,1,0.576149634964616,0.191433072577973,0,0,0.121104554214085,0.193025492805861,1,1,0.445483448790249,0.230008766548607,0,1,0.0766174923971004,0.24702667219168,1,1
"14",-0.0287149675376623,0.218678941165352,11,1,1,0.329712022459645,0.217708364610998,1,1,-0.0442743675806816,0.245647516512959,1,1,0.0878715717655934,0.251237467937711,1,1,0.0480953337666015,0.268586620640995,1,1
"15",-0.197398975808293,0.211906343736316,19,1,1,0.245156409063872,0.186950965051441,1,1,-0.206833478648881,0.194436315067858,1,1,0.211055536047842,0.237477531560946,1,1,-0.214369180982144,0.249513171049575,1,1
"16",0.0994771779043011,0.242978421873639,19,1,1,0.409814686182027,0.211749205212717,0,1,0.101740820700164,0.230838452879179,1,1,0.481156210395215,0.217781287331095,1,1,0.0697244617878688,0.252965724085587,1,1
"17",0.0997984230578938,0.194720376242186,9,1,1,0.344424238609098,0.192005324435806,1,1,0.0603304386870427,0.191840750729524,1,1,0.185211889176083,0.217377423541483,1,1,0.0286194680040309,0.231092892619834,1,1
"18",-0.202440944375249,0.211533606473564,5,1,1,0.215972600250286,0.17471867302435,1,1,-0.24296133846281,0.180246652011124,1,1,0.361075135348267,0.243617024343944,1,1,-0.212325538664496,0.221139994066276,1,1
"19",-0.226908432720607,0.190595396382301,15,1,1,0.226378238339541,0.201673470309038,1,1,-0.205725867911118,0.180555151457702,1,1,0.211795537251299,0.210146987996982,1,1,-0.182910371148105,0.233209832657793,1,1
"20",0.132775802391716,0.183695125237324,13,1,1,0.477258643539021,0.176241052533433,0,0,0.100800059167773,0.181709748587905,1,1,0.52120826792893,0.197734757433244,0,1,0.0745674178511625,0.216259723733539,1,1
"21",0.196857735544543,0.241242880621009,19,1,1,0.521763467868221,0.182739350682727,0,0,0.21494387490228,0.203525947386218,1,1,0.50722680309098,0.249724212863875,0,1,0.126224677518807,0.229651677421653,1,1
"22",0.319784838905645,0.228875854522795,17,1,1,0.598114427073411,0.192307796074894,0,0,0.298465327307974,0.19889359260852,1,1,0.517883734757384,0.27445839549712,0,1,0.261149678369793,0.269384369125205,1,1
"23",-0.156760136493823,0.24962789229785,7,1,1,0.354479789343972,0.237979504168137,1,1,-0.00330080164549443,0.25270602044368,1,1,0.37927349910441,0.255617489247183,1,1,0.00806700906982828,0.258388860160621,1,1
"24",0.150947161589549,0.184560053127866,13,1,1,0.346677263352576,0.17056054962495,0,0,0.114069179457867,0.190748647569231,1,1,0.322250123645175,0.19110465758148,1,1,0.0765637174727417,0.195229401378499,1,1
"25",0.0640771406170424,0.202274831775445,1,1,1,0.352493417233127,0.166461779532063,0,0,0.0460981351133866,0.190108927858658,1,1,0.340142132355794,0.22229897877413,1,1,0.0615082274984519,0.226230941174512,1,1
"26",0.32052451371321,0.248484442524863,3,1,1,0.49353929871034,0.188910903152216,0,0,0.256856966457385,0.217121972105203,1,1,0.518281760750469,0.259621047131694,1,1,0.247420249431207,0.240802798190519,1,1
"27",-0.0512936170717148,0.24667999846315,13,1,1,0.175830085262802,0.215981653074324,1,1,-0.0882228659079605,0.184855475295255,1,1,0.42293526467647,0.217211535037794,1,1,-0.112367561213162,0.249500072632203,1,1
"28",-0.0159756923566191,0.232758933791191,3,1,1,0.420845427976553,0.195451511502329,0,0,0.0243110507445609,0.227736832419535,1,1,0.535088830239238,0.231159947253634,1,1,0.0469310897612003,0.232674720565029,1,1
"29",0.000837995330126299,0.226318472043295,15,1,1,0.126622856243541,0.171299152760062,1,1,-0.0357313419190952,0.207829893631217,1,1,0.200016047060104,0.213790169661679,1,1,0.01144326199435,0.260838941586736,1,1
"30",0.0543970849902948,0.207924594659428,9,1,1,0.428075970186969,0.195520221627488,0,0,0.0671790989322322,0.200462725859767,1,1,0.1477969249263,0.232101566395584,1,1,0.0671444243378967,0.241503304595046,1,1
"31",-0.195505891135769,0.20343821830573,19,1,1,0.101466974401951,0.181234790777841,1,1,-0.246342791160378,0.224001655021598,1,1,-0.00727421902736333,0.236226493200476,1,1,-0.152653479681387,0.229323615005367,1,1
"32",0.0119052698942381,0.212659671538448,3,1,1,0.338938275188963,0.216699037867884,1,1,0.0704782447009001,0.194912068590435,1,1,0.354273287608874,0.208726141713015,1,1,0.101068674330077,0.259490198544307,1,1
"33",-0.316800439904673,0.209090819661698,11,1,1,0.0171333561469108,0.201413194448414,1,1,-0.343037212031855,0.183412200245808,0,1,0.151051112667984,0.230908526460838,1,1,-0.30366299917351,0.220380021480791,1,1
"34",-0.114969069350081,0.241320881506811,13,1,1,0.257276854123407,0.200288585029382,1,1,-0.188398361441614,0.215742545881846,1,1,0.337654413274542,0.242187555147431,1,1,-0.131358360970422,0.25744845732016,1,1
"35",0.341855383026505,0.253747536255256,15,1,1,0.617207282194607,0.209803492864641,0,0,0.297048236368467,0.213971079946239,1,1,0.619433974133482,0.229205750710185,0,1,0.309297682252184,0.254918397667559,1,1
"36",0.503819695737289,0.220780331968206,7,1,0,0.752140424241144,0.192361529949343,0,0,0.426990491598992,0.194888556574955,0,0,0.816552528806307,0.223404527736063,0,1,0.49640002381067,0.259141382504007,1,1
"37",-0.137996775339672,0.254250198101231,17,1,1,0.474987430221073,0.218300017469473,0,0,-0.108556536431488,0.222746137332033,1,1,0.48518590600051,0.252720309577387,1,1,-0.0898238206250744,0.253247114337406,1,1
"38",0.0172771896354237,0.219530616304111,13,1,1,0.25893287612415,0.192959008141188,1,1,-0.00424703523454695,0.217052764604949,1,1,0.276638318551066,0.23703834979378,1,1,-0.0569418497133724,0.240825495772111,1,1
"39",-0.0994782307453938,0.228759766975177,1,1,1,0.0395761083413443,0.196989430144766,1,1,-0.301225895089648,0.224949312572862,1,1,0.28035643773844,0.27208091192457,1,1,-0.0994782307453938,0.241481604278027,1,1
"40",-0.0287715002849481,0.215673056555828,19,1,1,0.246932114655999,0.169490315677973,1,1,-0.0488443534583609,0.224655491563073,1,1,0.293683873398969,0.237898606798094,1,1,0.00911517668226521,0.253847815886203,1,1
"41",-0.491342741218279,0.221805926559127,13,0,0,-0.254122950772974,0.224650845147775,1,1,-0.448550442282956,0.19479298532743,0,0,-0.388480055386542,0.25909544041781,1,1,-0.415800392656265,0.24690532572093,0,1
"42",-0.063496090008138,0.207941808774242,13,1,1,0.296384151523517,0.202486873165269,1,1,-0.016209918208746,0.218736343795815,1,1,0.199167579912695,0.212351751293999,1,1,-0.0233880026568336,0.264041046039936,1,1
"43",0.0215814127856583,0.243383887678753,9,1,1,0.31931681021582,0.213803599389593,1,1,0.0548975196163532,0.230358996595514,1,1,0.359359733418267,0.211164070233437,1,1,0.0762830526658414,0.265708059375912,1,1
"44",-0.444051526909193,0.214239061515547,13,0,0,0.0181894434427889,0.195697485659846,1,1,-0.404401153447833,0.208168517243029,0,1,0.0881815060162789,0.222992559466458,1,1,-0.373205705247409,0.235086919574322,1,1
"45",0.239419581799421,0.213928794149912,7,1,1,0.610196803482506,0.162465508493721,0,0,0.221798552052508,0.210694087812891,1,1,0.707459975265517,0.230632811730609,0,1,0.166703182472012,0.225467819801235,1,1
"46",0.159522222074633,0.263846250023277,3,1,1,0.4179838940371,0.200746032482583,0,0,0.193183379288515,0.234911809742899,1,1,0.445992780178694,0.244867230610233,1,1,0.188577986087443,0.288327460116678,1,1
"47",0.0787073798133468,0.213950431006743,15,1,1,0.486409979575866,0.214281708365756,0,0,0.0939112748760535,0.206441151081613,1,1,0.418676119079128,0.27837651060605,1,1,0.0216551578165231,0.265958365602148,1,1
"48",0.265063549387485,0.255995818543535,13,1,1,0.652894652109416,0.239685720693072,0,0,0.285897071631736,0.216741638688978,1,1,0.548190334602455,0.239910373446104,0,1,0.319509917715644,0.257532364090367,1,1
"49",-0.200856788300497,0.206632429757901,11,1,1,0.0422244532959631,0.210107565595591,1,1,-0.206022486963263,0.224763890781653,1,1,0.138347527998624,0.244156790771013,1,1,-0.152160242564666,0.251151514289125,1,1
"50",0.132005502629369,0.253907089280242,3,1,1,0.337702863101612,0.227607692887727,1,1,0.0637848908486676,0.23210929202359,1,1,0.239284496771591,0.246744125351321,1,1,-0.0266612453063387,0.262546031660933,1,1
"51",-0.279062389388384,0.21362225233148,9,1,1,0.067654792904253,0.211451949410434,1,1,-0.301111174920999,0.233896376667044,1,1,0.106684207601692,0.257960299763784,1,1,-0.268589240159917,0.250359163702931,1,1
"52",0.40467169498705,0.230874511936682,19,1,1,0.728985857347388,0.23067166997056,0,0,0.420935883373984,0.248777785225574,1,1,0.625430694492137,0.266087528825281,0,1,0.343875465947064,0.254277710446578,0,1
"53",-0.0356436013035197,0.23482739376753,9,1,1,0.330154090151718,0.22483479863364,1,1,-0.0689724573280733,0.195093653334823,1,1,0.319919568610547,0.220810743810962,1,1,-0.0651609064905542,0.251359381688624,1,1
"54",0.0518856838545069,0.254719185893989,11,1,1,0.377007029443652,0.207510081757035,0,1,0.0945163512136739,0.234383426584572,1,1,0.437954090427651,0.197008321255419,0,1,0.101998675768243,0.23710352621073,1,1
"55",-0.0478124628068625,0.24280907493807,13,1,1,0.257934847673017,0.18077807102877,1,1,-0.0209781271771855,0.227461408205731,1,1,0.321024908682066,0.247711469914378,1,1,-0.0618308062483255,0.262952042441623,1,1
"56",-0.014727522644379,0.259546404149066,1,1,1,0.183759339110404,0.189534224696699,1,1,-0.0822005421697449,0.216460296257687,1,1,0.246950559621317,0.240644072333115,1,1,-0.014727522644379,0.242200313583961,1,1
"57",-0.193993173802681,0.219645762808153,11,1,1,0.0628766797786309,0.198467338344045,1,1,-0.192595703792913,0.227657385543224,1,1,-0.0505511444184843,0.218461375476717,1,1,-0.238096496834232,0.251100662966559,1,1
"58",0.112941850156187,0.234030731432156,15,1,1,0.338449278789263,0.213831327841798,1,1,0.133732513398291,0.222897730953724,1,1,0.435712659986602,0.232780486701215,1,1,0.18238061014218,0.277516854976429,1,1
"59",-0.369681721265769,0.215760118357577,13,1,1,0.0452655043606183,0.210482221855469,1,1,-0.3512119402345,0.238691790162624,1,1,0.120382246323692,0.239354660658697,1,1,-0.286535871500332,0.242355190977241,1,1
"60",-0.00280045675579632,0.222057525352835,9,1,1,0.256498751532309,0.201481474706905,1,1,0.0575755645457138,0.214562383210966,1,1,0.18103675586113,0.236417892365,1,1,-0.0163470788709648,0.202216337325987,1,1
"61",-0.252673397686464,0.251421654892991,1,1,1,0.0458515887716421,0.213633929839319,1,1,-0.264226139007361,0.239218169032149,1,1,0.0289744017579025,0.237262820891638,1,1,-0.252673397686464,0.291433916561749,1,1
"62",0.299359143555437,0.193288716187422,17,1,1,0.667642674183739,0.198417513077237,0,0,0.289564675326389,0.211638287616754,1,1,0.437474703663361,0.202732214585438,0,1,0.321176719360941,0.256948693925655,1,1
"63",0.0837468464520053,0.219537198410978,5,1,1,0.516755524099042,0.219415920664244,0,0,0.169590678212527,0.215709949800078,1,1,0.454758347293214,0.220193517957435,0,1,0.205019847265221,0.242350829453623,1,1
"64",-0.0785545959746782,0.20379512492349,7,1,1,0.248980243900147,0.176118624785291,1,1,-0.0955720981256159,0.171736188006142,1,1,0.419971621236991,0.240529772635417,1,1,-0.0596830517535745,0.196813907076844,1,1
"65",-0.0422615149757426,0.211068737869925,9,1,1,0.0922856379521482,0.174821543712943,1,1,-0.114729194423126,0.219916724861697,1,1,0.10794595989628,0.231991951681927,1,1,-0.0882562049295384,0.231995603203149,1,1
"66",0.161396810389107,0.229123966166441,9,1,1,0.455810103185711,0.191531617756312,0,0,0.188674114957222,0.171877910483424,1,1,0.407236651483465,0.222375490068641,0,1,0.164400685873611,0.23527829517905,1,1
"67",-0.0191844067388129,0.209236399519928,7,1,1,0.342705521671547,0.189779527355324,1,1,-0.0717355484477528,0.171195565691124,1,1,0.216320445260365,0.207113646699613,0,1,-0.0861559256971761,0.23970851058763,1,1
"68",0.0460078595512567,0.241378408503099,9,1,1,0.25919257101355,0.208817735607583,1,1,0.0211036448586437,0.211009553707287,1,1,0.364669506313512,0.243034501457726,1,1,0.0478938164129255,0.259829458638843,1,1
"69",-0.424852436065339,0.212822095445745,17,1,0,-0.0743490701819254,0.192456007802587,1,1,-0.424661111137407,0.221605352259458,0,1,0.0619570279663252,0.214347492500049,1,0,-0.397589885504614,0.241250848663434,1,1
"70",0.0574089892254167,0.200656374112289,7,1,1,0.260178956126638,0.211491145899593,1,1,-0.0147375055460854,0.201153483877174,1,1,0.438419055148283,0.249166239123768,1,1,0.0604906105787571,0.22130494151623,1,1
"71",-0.0104313766606189,0.199043930552144,17,1,1,0.380088300651805,0.206353791830564,0,1,-0.00377598938437719,0.208515753597017,1,1,0.365417321396036,0.209046110660688,0,1,-2.3475467037481e-05,0.231380197831571,1,1
"72",-0.0954445034189603,0.244982273598737,5,1,1,0.359716961018101,0.223964690843811,1,1,-0.0118351886994247,0.212718478043696,1,1,0.24330169738322,0.252714924735352,1,1,-0.0388841300229085,0.24377822156938,1,1
"73",-0.0665536560992602,0.231560096161639,19,1,1,0.222599826656863,0.194231589409686,1,1,-0.128253247025127,0.235306386909241,1,1,0.220610752118809,0.226601651171749,1,1,-0.140489282489393,0.259589619436392,1,1
"74",0.411105145032339,0.210938868378825,19,1,1,0.693730251779702,0.194336547789758,0,0,0.427082838295269,0.214537999485626,0,0,0.715705366097054,0.216636375296004,0,0,0.430488488022756,0.24411772551754,1,1
"75",0.0632975283698461,0.226082684960776,17,1,1,0.262816682533949,0.17647968811726,1,1,0.0236596193672956,0.194994513826374,1,1,0.171226246056436,0.230294121286669,1,1,0.0820716357340292,0.22310324685794,1,1
"76",0.16327185237691,0.200043913194661,19,1,1,0.450575082810914,0.166953209971294,0,0,0.15455866197427,0.216075492744087,1,1,0.51578707470509,0.202718247503589,0,1,0.212591974278291,0.24960015235508,1,1
"77",0.38308369337691,0.179816083303197,19,0,0,0.659568005023391,0.194563078874983,0,0,0.395319057188711,0.184255183030203,0,0,0.71674918206447,0.231016960925783,0,1,0.39387623935642,0.256114860990362,1,1
"78",-0.0552527158398602,0.21912983435979,13,1,1,0.234966353246463,0.203530649333017,1,1,-0.0762048610082564,0.233845130795997,1,1,0.273399326762781,0.231119610807681,1,1,-0.0945403461712937,0.250760599178461,1,1
"79",0.0412474966902466,0.269518303303581,3,1,1,0.5132519816604,0.194220163014584,0,0,0.107568132131043,0.234723819505111,1,1,0.568879814656092,0.232829817500061,0,1,0.0979387212890882,0.230792477478439,1,1
"80",0.0366342705716332,0.211071899112982,17,1,1,0.324229837105731,0.174474354992602,1,1,0.00965932751496854,0.201414586909803,1,1,0.281236994655174,0.200274946189914,1,1,0.0224716558217543,0.245782135393692,1,1
"81",0.363147045723923,0.230638061459696,5,0,1,0.634694030366024,0.180693424828342,0,0,0.435937130253342,0.197182953544355,0,0,0.546920823566257,0.216535399448135,0,0,0.389285649148473,0.239774766503188,0,1
"82",0.071559936547658,0.223444984481406,7,1,1,0.372840533671518,0.21798539736925,1,1,0.0832318074843792,0.239721323421856,1,1,0.242867743453347,0.250697863021835,1,1,0.0595665045650111,0.253062586109367,1,1
"83",-0.0801590641514443,0.188380674619833,17,1,1,0.191926998888321,0.192104548999888,1,1,-0.103153299212789,0.173478112696287,1,1,0.10431275123389,0.202676543728692,1,1,-0.112793715649799,0.237803881194112,1,1
"84",0.128829932658508,0.236540658007761,15,1,1,0.362532527483037,0.23157776140697,1,1,0.0890363466968824,0.235260752852983,1,1,0.659401080911001,0.25107575918683,1,1,0.193901276995825,0.240534812817738,1,1
"85",-0.255496522475296,0.236158190277985,7,1,1,0.102100264150744,0.198442118551839,1,1,-0.221813243916956,0.193600728852264,1,1,0.233212914716885,0.234256834570802,1,1,-0.226971495858653,0.249492858258088,1,1
"86",0.0452525669232511,0.203020895864626,19,1,1,0.394755275730325,0.200275676833464,0,0,0.0359141242065283,0.222557856673143,1,1,0.631667413394495,0.22947819610099,1,1,0.00847436994982422,0.25906343054034,1,1
"87",-0.224835519673779,0.211764653926288,5,1,1,0.08677543996201,0.179791925640398,1,1,-0.209929936247631,0.181945305328435,1,1,-0.00799911521912315,0.239004880181146,1,1,-0.215937437131318,0.242294577681111,1,1
"88",-0.203561656564816,0.199801831886964,13,1,1,0.188462339426126,0.17505579177048,1,1,-0.180950741003545,0.187934587659835,1,1,0.261780131176832,0.247619348076497,1,1,-0.198067305134405,0.277135757301268,1,1
"89",0.0725977789013654,0.23780581417166,15,1,1,0.349223572424223,0.201039947988098,1,1,0.0253351682087638,0.249554739341567,1,1,0.610255728611738,0.254161793938406,1,1,0.056867881348991,0.26505096847045,1,1
"90",0.0921979351727382,0.197074696903138,9,1,1,0.410965652735976,0.191738278147365,0,0,0.0940745218375559,0.203736041233294,1,1,0.510031224304839,0.232565500776196,1,1,0.106383289175815,0.246492637679676,1,1
"91",-0.514967655066335,0.226495913828305,19,0,0,-0.129612246834053,0.24460142284587,1,1,-0.431675888910979,0.226736644230858,1,1,-0.308038844328909,0.27628182221245,1,1,-0.56210899298021,0.261036565959872,0,0
"92",0.185701619105268,0.166175104820553,17,1,1,0.54871577341861,0.198717495775046,0,0,0.177015471195611,0.181142194089389,1,1,0.774715347053751,0.208710741644951,0,1,0.197338878697144,0.203614385187931,1,1
"93",-0.108066928146419,0.237276617088751,5,1,1,0.0830533492151023,0.172462258692045,1,1,-0.190778475637182,0.186563329727255,1,1,0.216869694136482,0.225763370436775,1,1,-0.176987654638535,0.254067912469843,1,1
"94",-0.174847743966936,0.203895940716518,15,1,1,0.212519630423603,0.216490672064591,1,1,-0.168568638674582,0.232221490221311,1,1,0.479745142011303,0.236341141639131,1,1,-0.200317648111516,0.211299585896694,1,1
"95",-0.0538194960398832,0.263821074808997,9,1,1,0.189442327360349,0.239472126928725,1,1,-0.108975162012939,0.237787785972513,1,1,0.188542303603333,0.242414204493697,1,1,-0.049765160624025,0.228149276468345,1,1
"96",0.0596920121954568,0.189147812809191,7,1,1,0.269818678894831,0.190473315991531,1,1,-0.0468243213072925,0.191031782061992,1,1,0.452372820921491,0.238320512214942,1,1,0.012391112883504,0.249707540071408,1,1
"97",-0.0673366113366943,0.237349462307762,15,1,1,0.309316942543151,0.191738570415872,1,1,-0.0263488275699277,0.218939077572224,1,1,0.130753744061367,0.287386049331027,1,1,-0.0568418186699856,0.265031528478226,1,1
"98",-0.453118623765312,0.21885521176892,11,1,0,-0.000613648250900362,0.181934970792575,1,1,-0.430522940481182,0.229313567638362,0,1,0.109026433455804,0.205188382000965,1,0,-0.428197041062196,0.252178127905064,1,1
"99",0.0970526958563453,0.225969903230968,19,1,1,0.304233791081593,0.187257471464091,1,1,0.0870332781165151,0.214784394918359,1,1,0.502446177371903,0.267244215288019,1,1,0.0983586991194823,0.27474018796019,1,1
"100",-0.0368458165240076,0.216006011144273,17,1,1,0.393612720423376,0.175465208916933,0,0,0.0323008946932127,0.184421298774446,1,1,0.305609887592118,0.230003378856549,1,1,-0.00796461938744113,0.230687598092049,1,1
