"","V1","V2","V3","V4","V5","V6","V7","V8","V9","V10","V11","V12","V13","V14","V15","V16","V17","V18","V19","V20","V21"
"1",0.80116893685135,0.218023409155385,3,0,0,0.866473772059326,0.209463225065077,0,0,0.83970142065499,0.230690276228627,0,0,0.93366562925963,0.267496282501977,0,0,0.999085455873586,0.274446638217239,0,0
"2",1.20312242776323,0.268286073218319,13,0,0,1.33983824837053,0.245366121209313,0,0,1.38245198356418,0.271809982688517,0,0,1.43145375754451,0.249879454871958,0,0,1.15305480764002,0.280837446829521,0,0
"3",0.361067024781083,0.303336141861747,1,0,1,0.566999932025557,0.251866772492731,0,0,0.560782276764665,0.25156371821885,0,0,0.383235986975502,0.303980455833725,0,1,0.361067024781083,0.32112154724821,1,1
"4",0.882080042155477,0.204740272164451,19,0,0,0.935010874919205,0.214373749002778,0,0,0.918490828128542,0.231306803534186,0,0,1.17008766168784,0.314076719447704,0,0,0.848861123361693,0.305436888421887,0,0
"5",0.411797170920527,0.257892199927693,19,1,1,0.511693075134311,0.231599709245192,0,0,0.524431494538602,0.217843101264064,0,0,0.518466454357114,0.300990328695573,1,1,0.415229612615446,0.29579456564892,1,1
"6",0.846892807812831,0.232354315898629,17,0,0,0.701667313881692,0.235879527610481,0,0,0.700237164264107,0.215403081015268,0,0,0.897643803412479,0.268964775419522,0,0,0.647470284562904,0.336602708474321,0,1
"7",0.546595199667959,0.334143157014061,5,1,1,0.514188965107166,0.280959002387091,1,1,0.484815256694115,0.282459032032228,1,1,0.876106469517834,0.320762321780332,1,1,0.495904539997751,0.377883233797027,1,1
"8",0.865249839723454,0.216804251002894,13,0,0,0.787427032861789,0.197427598558808,0,0,0.829103286072057,0.204365225299536,0,0,0.780713426675966,0.238740968442843,0,0,0.86272561941728,0.232932347379113,0,0
"9",0.945523424466331,0.223857497999364,13,0,0,0.937982205765909,0.183468472337451,0,0,0.966030587575492,0.219871820561795,0,0,0.899514247079259,0.266485692489981,0,0,0.839020761881859,0.267932463911832,0,0
"10",0.589719091408106,0.244419574930539,19,0,0,0.653839723616723,0.226167399595193,0,0,0.617300724283481,0.211616134610753,0,0,0.69511552693346,0.265952574886166,0,0,0.602610985754179,0.282572317628031,0,0
"11",0.586875381078006,0.248362572341159,9,0,0,0.661279152454903,0.237317693721819,0,0,0.630199751871043,0.226852591059514,0,0,0.674584840156563,0.350189777953313,1,1,0.671999664631641,0.283045018253281,0,0
"12",0.920915605265127,0.272912851880531,17,0,0,0.86693698450099,0.225731160585421,0,0,0.86349536189837,0.216751212014949,0,0,0.795764926263726,0.256486091142762,0,0,0.777429381766789,0.273537579611802,0,0
"13",0.694943595001991,0.277158981657428,17,0,0,0.852101636483279,0.213679352893283,0,0,0.768547548255022,0.228640127460165,0,0,0.403744105608297,0.302441405724749,0,0,0.777909983515263,0.351878363478185,0,0
"14",0.942398861561739,0.336998650769919,5,0,0,0.844935840455486,0.229112102747682,0,0,0.833818393712466,0.245547168324748,0,0,0.815944667156213,0.348838643916527,0,0,0.839665102515933,0.400723750858685,0,0
"15",0.134243983970083,0.229074572294926,17,1,1,0.16972531289362,0.219339928079421,1,1,0.124923529417948,0.263918117065383,1,1,0.369430112010731,0.320565270970293,1,1,0.129985940449688,0.351977420021653,1,1
"16",0.763350407586659,0.226089061008644,11,0,0,0.768265504061942,0.205621028981547,0,0,0.776041194123014,0.234675213995371,0,0,0.827672174438984,0.313245746005904,0,0,0.727281704526345,0.262256076708431,0,0
"17",0.924056581479419,0.268632647249096,17,0,0,0.84976829365289,0.217058980463791,0,0,0.832907879500527,0.241038671088486,0,0,1.18286115473355,0.329385112964605,0,0,0.767715491057427,0.372842878396089,1,0
"18",0.837345102183225,0.258703407176277,1,0,0,0.962864700606804,0.219369054404844,0,0,0.943953752192374,0.219029503258575,0,0,0.822152933747017,0.242194235148139,0,0,0.837345102183225,0.222443574618053,0,0
"19",0.547266602312633,0.242669855167382,11,0,0,0.608272229594562,0.183485174378732,0,0,0.569195516458781,0.192211450130905,0,0,0.342127796519383,0.277905152550865,1,0,0.480931872589766,0.274142926106145,0,1
"20",0.884088727317891,0.23047799683341,5,0,0,0.92176031890943,0.217938297485911,0,0,0.944827268166522,0.186704009598665,0,0,0.915886257522327,0.237847510541247,0,0,0.831561103753247,0.251011066307108,0,0
"21",0.894663608282152,0.280557171513608,15,0,0,0.88123994776736,0.26320723430567,0,0,0.842007777914381,0.231847648888025,0,0,0.872663261756556,0.349158190025706,0,0,0.767942116682291,0.339899272257024,0,0
"22",0.724109069924853,0.280821797828665,5,0,0,0.610068613956289,0.261747650292892,0,0,0.608548043925405,0.26305898587489,0,0,0.445818791745292,0.268506990607706,0,0,0.54316341409211,0.266237979869323,0,0
"23",0.696651580055149,0.307814975950779,7,0,0,0.641925981754935,0.229974269459078,0,0,0.66979483437061,0.250446396802943,0,0,0.986967102130922,0.459115559299743,1,1,0.688999142143408,0.437189133817192,0,1
"24",0.68684616099093,0.244054611031682,9,0,0,0.655670967321765,0.188400834221283,0,0,0.710484188426141,0.202553875300709,0,0,0.440898683788588,0.256120209095899,0,0,0.689287655278335,0.242807135856423,0,0
"25",0.17583886021921,0.233613035698503,19,1,1,0.213801192517546,0.216387215644648,1,1,0.243242706473622,0.199644807650092,1,1,0.408122599215483,0.268642580898647,1,1,0.422216395073809,0.26907793300728,1,1
"26",0.774972763867988,0.253026913529484,11,0,0,0.952273115342702,0.274382432024349,0,0,0.903519911481857,0.267466830637143,0,0,1.32207064798748,0.308003318076261,0,0,0.708286257755857,0.332559743270872,0,0
"27",0.708506670507151,0.242433697613746,11,0,0,0.681433281081377,0.229805645868238,0,0,0.679632176402717,0.211225792405871,0,0,0.411689637787515,0.238858057649953,0,0,0.631058787217807,0.246462313284273,0,0
"28",0.46922794556219,0.224099589006412,15,1,0,0.502626598345641,0.244345854714055,0,0,0.46924152440346,0.228948904270608,0,0,0.609791080215074,0.254693133280354,0,1,0.424992899817989,0.299557430015807,1,1
"29",0.540120520537584,0.281632965173642,9,0,1,0.678699690871445,0.244498908928017,0,0,0.66161694168962,0.233284368984946,0,0,0.672343130701474,0.246242024244437,0,0,0.614024043034862,0.257900263132319,0,0
"30",0.535148706528129,0.212502356758122,15,0,0,0.524575585471385,0.200856102483677,0,0,0.570485545477754,0.222582823875452,0,0,0.508733040410658,0.276393912270135,1,0,0.531966308281562,0.256297482521022,0,0
"31",0.670601341442782,0.229446700263994,7,0,0,0.721272383186016,0.198990650930192,0,0,0.645425526049689,0.241361043396688,0,0,0.620130798438479,0.230818805782392,0,0,0.669465214362009,0.275336026881512,0,0
"32",1.00741306243747,0.281115576121979,17,0,0,0.996688828313738,0.253396299947195,0,0,1.03346121050224,0.293561692970877,0,0,1.20132670959215,0.326097341020027,0,0,1.03251346013586,0.363276527833995,0,0
"33",0.479842519908286,0.272387559369179,17,1,1,0.444105570439323,0.220300799921016,0,0,0.529376717479649,0.257628174359172,0,0,0.323738506191333,0.285129319097908,1,1,0.37592304564273,0.30291557393684,1,1
"34",0.62443846868854,0.280447295254513,19,0,0,0.663198425308394,0.232444443008322,0,0,0.615773987387079,0.265879317773131,0,0,0.851372223317834,0.34497146711519,0,1,0.633076334825258,0.336155343777361,0,1
"35",0.677855033458515,0.29082179284826,3,0,0,0.68332460843228,0.336631779469676,0,0,0.676939252598001,0.282812197639616,0,0,0.683096620330312,0.306234643129394,0,0,0.508379864329576,0.340851168640089,0,1
"36",1.01204367964505,0.248311166770454,11,0,0,1.00921779969679,0.170556168570756,0,0,1.06956882839358,0.20583917047298,0,0,0.743511870930339,0.260773908999863,0,0,1.05166068493857,0.249600990463874,0,0
"37",1.13861319119217,0.241902047508483,11,0,0,1.1588850840117,0.195387124306244,0,0,1.20168439046823,0.232141625609872,0,0,1.21004836150762,0.278967748899239,0,0,1.15027831107206,0.288547990003205,0,0
"38",1.04763813310159,0.215828805206682,17,0,0,0.946551835014813,0.221992090284634,0,0,0.933827353046408,0.232502964651379,0,0,1.12843510348392,0.355430858398185,0,0,0.949418313866849,0.331682152511071,0,0
"39",0.58410431151214,0.224221005021085,19,0,0,0.646234048802809,0.222982831679378,0,0,0.589770009461494,0.200395705131752,0,0,1.20250917010747,0.373168920434242,0,1,0.561262852880342,0.376449570212834,1,1
"40",0.764304358168798,0.338809952100597,9,0,0,0.95695683556486,0.302605198442434,0,0,0.952347221310741,0.334598816203441,0,0,1.08426779845243,0.41468180960181,0,0,0.822293396180875,0.424850008468558,1,1
"41",0.944765834688741,0.264307380339865,19,0,0,0.919618749633026,0.204129938781906,0,0,0.953115880135313,0.223018542015975,0,0,1.13095869000425,0.248526172215813,0,0,0.84192902065112,0.234530162841455,0,0
"42",0.635584214234345,0.250665054504487,5,0,0,0.629313481529458,0.226800228115397,0,0,0.610565646553716,0.256896935756234,0,0,0.389647848876323,0.341171724164101,0,1,0.565498288960946,0.35085929507103,1,1
"43",0.695432523397131,0.283125466673269,5,0,0,0.577673387191398,0.26862912529328,0,0,0.626243027165224,0.30026717984972,0,0,0.419267390428337,0.254404511319389,0,0,0.659463629711679,0.284015577472533,0,0
"44",0.296352500246951,0.226310558343024,17,1,1,-0.132900042156338,0.780999394026922,1,1,-0.0983436778885667,0.633885366804333,1,1,0.268252456972784,0.280376140127928,1,1,0.39831822676631,0.291068962676416,1,1
"45",0.548368220243473,0.307378710781906,11,1,1,0.564959640306344,0.237542549070953,0,0,0.536140327448833,0.267697051293545,0,0,0.654187465931353,0.267100304184451,0,0,0.612653930311669,0.307387136396332,1,0
"46",0.643390644030204,0.310993113872475,7,0,0,0.675063548611369,0.224703685806451,0,0,0.654180333092095,0.241103667737009,0,0,0.414197296869949,0.491764211481558,1,1,0.645756772914031,0.439294909926481,1,1
"47",0.789177081372825,0.25961537365359,19,0,0,0.814187350288663,0.215408594523881,0,0,0.779695487625964,0.206590519387043,0,0,0.711680156716687,0.267436849442256,0,0,0.779547788318942,0.237988437605239,0,0
"48",0.741151105822445,0.230894332328407,15,0,0,0.689209561011606,0.160313088476333,0,0,0.689385638154804,0.180621087865388,0,0,0.535165648340121,0.24316445854317,0,0,0.693683819040898,0.227863816056184,0,0
"49",0.639117563119738,0.262669057162196,19,0,0,0.497801816140305,0.253731165303727,0,0,0.509548066722606,0.283320986210201,1,1,0.731463992097058,0.28020879038126,0,1,0.549998990766545,0.294900936542835,1,1
"50",0.48247808454123,0.289432000726492,19,0,1,0.735603089905206,0.264671266643902,0,0,0.754283320044394,0.246524188067492,0,0,0.807699963155546,0.324773648371996,1,0,0.911693787780673,0.315903711892869,0,0
"51",0.429580101095763,0.254085286079198,19,1,1,0.423199945377194,0.225500298876353,0,1,0.444716104322016,0.209395695661947,0,0,0.667128268055208,0.315144071732955,1,1,0.433598591687478,0.282461873701477,1,1
"52",0.476814694991183,0.287294971527453,17,1,1,0.366378900849405,0.23533822202123,1,1,0.337583257300372,0.247957537252637,1,1,0.0162184310063603,0.405580062433444,1,1,0.343383377005484,0.409665916633609,1,1
"53",0.879604038603816,0.252168798060318,1,0,0,0.893624531602462,0.185131001943216,0,0,0.891658252436641,0.236636496311318,0,0,0.88153915393272,0.251563167414376,0,0,0.879604038603816,0.30871860951931,0,0
"54",0.703509834339357,0.258690005020493,7,0,0,0.817045635580512,0.208803361489299,0,0,0.782746191945499,0.236120783250564,0,0,0.772573979545105,0.277182159702422,0,0,0.797800235728482,0.280799903352563,0,0
"55",0.729270544090646,0.244552785341873,5,0,0,0.590293352358828,0.201215234151689,0,0,0.581347646670479,0.225959635062407,0,0,0.632250004227298,0.277780621352729,0,0,0.492931786216324,0.254269480545166,0,1
"56",0.677347537493742,0.296792218197848,19,0,0,0.655779876499287,0.263606401700382,0,0,0.651312220761323,0.283024549040644,0,0,0.847564540861161,0.343080391383295,1,1,0.556007455712532,0.420802100321125,1,1
"57",0.761107306683158,0.249020193783141,5,0,0,0.941901618203466,0.189152734510644,0,0,0.896500631387035,0.199794113089033,0,0,0.923865012725678,0.200680041784159,0,0,0.898909230775499,0.214525166706257,0,0
"58",0.505905477412785,0.293367720866233,7,0,1,0.532546676437732,0.216039041278884,0,0,0.578182843244556,0.274317597996773,0,0,0.31810714951674,0.28781683210003,1,0,0.629419111826836,0.326520849823286,1,1
"59",0.645365609462095,0.30748100084469,1,0,0,0.631983850563933,0.23783839522829,0,0,0.688249479166699,0.271510233087893,0,0,0.576191316690376,0.26689041294107,0,0,0.645365609462095,0.278946151803587,0,0
"60",0.901324678433905,0.246489761483975,5,0,0,0.953017451095255,0.280139014575551,0,0,0.966331254867377,0.250870042624552,0,0,0.912164767237074,0.261595656755536,0,0,0.974133528901749,0.262579111280489,0,0
"61",0.789939489428893,0.297788706300739,5,0,0,0.811895584229407,0.204548208245351,0,0,0.840942830716939,0.22409573223742,0,0,0.910702081911805,0.368787511892952,0,0,0.892736876686958,0.274731671982634,0,0
"62",0.738598884504202,0.223875511232323,17,0,0,0.756535723561608,0.214702880524407,0,0,0.751252831706831,0.216795060367178,0,0,0.578329206216206,0.305174871447506,0,0,0.756497839048669,0.277598698321953,0,0
"63",0.430311315456753,0.236945997465788,11,0,1,0.595800046950264,0.346044853953299,0,1,0.577213329875378,0.346306621262767,1,1,0.645451479519841,0.319891865539503,0,1,0.534386906051413,0.321928005253517,1,1
"64",0.392417662297196,0.260480857367877,15,1,1,0.449916681443236,0.215457824952326,1,0,0.381226091490218,0.197910266928322,0,1,0.486734513715951,0.30331347018171,1,1,0.43478272361644,0.249118985853818,1,1
"65",0.849396634749218,0.207526285697086,11,0,0,0.911401667505592,0.205548350548611,0,0,0.889221962710137,0.191765127120234,0,0,0.916545073815518,0.207429318939638,0,0,0.9174265616718,0.214393104487579,0,0
"66",0.543685027590034,0.215967805095697,3,1,0,0.550961027431519,0.233413528287004,0,0,0.499272318667056,0.238927060552259,0,0,0.475513088619322,0.291497806274633,0,1,0.40300553354598,0.251538543400368,1,1
"67",0.911295846837502,0.30268941123556,15,0,0,0.905466005237384,0.323432370046418,0,0,0.927868185313961,0.279129511751944,0,0,0.997968642887338,0.327470439946036,0,0,0.749096051418484,0.25832876588665,0,0
"68",1.0344344735324,0.232078302563686,19,0,0,0.95022011936309,0.22217269562985,0,0,0.924779964789654,0.202355822467358,0,0,1.09742345813871,0.333800683122066,0,0,0.881317714919385,0.331203471715775,0,0
"69",1.25219952514687,0.256605440916538,3,0,0,1.16892745376721,0.220040566621576,0,0,1.17870853228998,0.198397658981586,0,0,1.10868147230203,0.259192173236607,0,0,1.02683727934554,0.254661984388846,0,0
"70",0.535138929619666,0.246430632526872,5,0,0,0.54440492806141,0.230566127880603,0,0,0.532265576565032,0.204846320551885,0,0,0.538607824891099,0.298211702407264,1,1,0.479049029603779,0.251309079454516,0,1
"71",0.532350708020005,0.232597568289267,19,0,0,0.570174450441505,0.266458917414422,0,0,0.554558629889471,0.270150906248169,1,0,0.149483045963465,0.317309508918301,1,1,0.607667146389148,0.331662852979068,0,1
"72",0.909194659517296,0.244781619027746,9,0,0,0.804961159819404,0.218352117554112,0,0,0.796154927896838,0.231213089855333,0,0,0.748465646757658,0.238255293387264,0,0,0.757352492380933,0.259297248999072,0,0
"73",0.870509460655906,0.268450477582378,19,0,0,0.645667026201228,0.258241111615496,0,0,0.704602590022543,0.258386214387666,0,0,0.868854367280876,0.323478206495334,0,0,0.683890473324086,0.323212597166909,0,0
"74",0.650257023201155,0.270806383987804,3,0,0,0.601747600101342,0.219555667961309,0,0,0.591197946945414,0.247402783220957,0,0,0.686880738867451,0.250419595521843,0,0,0.682894348879771,0.27525598537665,0,0
"75",0.455639135036968,0.254952181955022,15,1,1,0.402644365099203,0.248806881953485,1,1,0.377084540622667,0.215814048028988,1,1,0.364019513712705,0.294887937317215,1,1,0.476781083208693,0.273451166065166,1,1
"76",1.07774144566823,0.237182124188199,11,0,0,1.17510124321988,0.253240149396369,0,0,1.13376908751428,0.247127667443826,0,0,1.12575451295289,0.326010119411276,0,0,1.14169542478792,0.334053091196501,0,0
"77",0.584428915263568,0.233350005205576,9,0,0,0.593208386786485,0.229457322388253,0,0,0.626534451280767,0.207289084909057,0,0,0.402995393870507,0.37140944083006,1,1,0.558819915254773,0.34116575784265,1,1
"78",0.703621871101621,0.254208132149942,19,0,0,0.721107731557843,0.26126754035415,0,0,0.742849661783086,0.20762547400793,0,0,0.693868411447734,0.304220823169693,0,0,0.695825003242798,0.260161021215009,0,0
"79",0.858199565879968,0.243247358250298,3,0,0,1.00974967045636,0.313245160645298,0,0,0.981121325599123,0.347682109243,0,0,1.21896306698434,0.254390567777702,0,0,0.831251248386688,0.259488344246992,0,0
"80",0.976100830429765,0.251012404337179,13,0,0,0.939638019035588,0.249080773850346,0,0,0.92927368466313,0.247690439564092,0,0,1.15583784853867,0.270793815277221,0,0,1.0888478984357,0.262609763346229,0,0
"81",0.792255656594233,0.257747241680705,13,0,0,0.693753299288412,0.246940619718785,0,0,0.715614194187068,0.213413065592152,0,0,0.823323378085762,0.290491411367722,0,0,0.744749887750661,0.297924260058014,0,0
"82",0.35650793547494,0.233834061382441,11,1,1,0.439931828435296,0.187032728495875,0,0,0.401762539442266,0.191545076089158,0,0,0.485938229634805,0.296662369842175,1,1,0.42491653967818,0.330429462687835,1,1
"83",0.829630344926655,0.233204596944975,1,0,0,0.777077497863474,0.190493562835207,0,0,0.785719188145711,0.217432945902333,0,0,0.854151544031047,0.24180318373408,0,0,0.829630344926655,0.280672057925234,0,0
"84",0.827675539437074,0.296137179637691,1,0,0,0.905390458845864,0.241837824996475,0,0,0.941042448607947,0.240041210537881,0,0,0.771918056647824,0.30395703900135,0,0,0.827675539437074,0.304598366041145,0,0
"85",0.907968628738735,0.247072788393872,5,0,0,1.04480280020051,0.234699568420223,0,0,0.976867728817586,0.230324195491529,0,0,0.919987981226544,0.263669692685576,0,0,0.994790896096315,0.285829725708206,0,0
"86",0.709171664319012,0.320032672853655,13,0,0,0.794465820797101,0.284042042547613,0,0,0.789529351744242,0.280735025331321,0,0,0.455918482809842,0.298833865786553,0,0,0.525679012956062,0.319549443971717,0,1
"87",0.452858520723222,0.298690648770635,5,1,1,0.484723600302884,0.18276799263723,0,0,0.449422563076234,0.195355874187736,0,0,0.446885961168031,0.296710597682814,1,1,0.460474131587051,0.292528703957792,1,1
"88",0.816432119805748,0.258651937283918,3,0,0,0.761316487000012,0.219140585354785,0,0,0.783604442363561,0.275504761459103,0,0,0.673210182483418,0.293462447591137,0,0,0.809596069002127,0.299076160620184,0,0
"89",0.578471793723578,0.24791626459599,15,0,0,0.687052793271565,0.228017380379224,0,0,0.666392838005492,0.247578115963175,0,0,0.645589518935508,0.346863655134493,1,1,0.525169028812934,0.279252414659457,0,1
"90",0.664573889443506,0.275700799616959,3,0,0,0.610266215032368,0.331870275185957,1,1,0.586417271278006,0.266260058194538,0,0,0.869245081228822,0.274153560942476,0,0,0.806259403673619,0.292461353532875,0,0
"91",0.519130046173765,0.244777669706896,19,0,0,0.324511266414468,0.251111047686442,1,1,0.376555520783549,0.230351951868916,1,1,0.217476331771661,0.265088796338882,0,1,0.520193510813826,0.270649666247758,1,1
"92",0.510487663770013,0.200384631937999,7,0,0,0.45147765653448,0.216447937517271,1,0,0.433222126156795,0.213344048680226,0,0,0.283439404932648,0.215557796478951,0,0,0.43155303874547,0.24677017713312,1,1
"93",0.64852262835093,0.244306643598607,7,0,0,0.742666590304945,0.286327148173365,0,0,0.705503319276071,0.279534176548228,0,0,0.630011794268928,0.318702802662409,0,0,0.757425011097816,0.262692383044767,0,0
"94",0.653768442564202,0.226352660096718,9,0,0,0.709021704842655,0.2135509727467,0,0,0.670381287363692,0.254789453619432,0,0,0.685669499115375,0.288005558922073,0,0,0.635249502835922,0.308290602132156,0,0
"95",0.532294886903934,0.261559685493648,19,1,0,0.773723958759376,0.41315827990808,1,1,0.8197869290279,0.333170631054291,0,0,0.487753876368877,0.331429916932374,1,0,0.411949474029465,0.313950409809616,1,1
"96",0.84159946685354,0.296356608660457,3,0,0,0.698530827834792,0.214374573666453,0,0,0.729038117734835,0.19805003805243,0,0,0.716666317409717,0.283841256256608,0,0,0.657119998116989,0.296245901145814,0,0
"97",0.672668336966521,0.247928264650807,15,0,0,0.761734487569857,0.232390492326449,0,0,0.847024685114333,0.256684967894498,0,0,0.85004169995189,0.299894692896796,0,0,0.860312285723139,0.320664669975693,0,0
"98",0.144044957541348,0.219267741705381,5,1,1,0.166524644147684,0.258646864425748,1,1,0.205343366174544,0.254007656557086,1,1,0.0991351782199319,0.323544843074857,1,1,0.164746327922817,0.326189158602761,1,1
"99",0.68868161214915,0.247190499834922,13,0,0,0.715945580463216,0.20261841532151,0,0,0.73550467798725,0.2076023577296,0,0,0.968604845559954,0.23568812721552,0,0,0.646244095164814,0.285380857530311,0,0
"100",0.849156967168867,0.239766703407446,17,0,0,0.579254287585338,0.293974964550074,0,0,0.545956971903418,0.28588065910629,1,1,0.714491350196663,0.277013102326089,0,0,0.759424521435657,0.254272269123881,0,0
