"","V1","V2","V3","V4","V5","V6","V7","V8","V9","V10","V11","V12","V13","V14","V15","V16","V17","V18","V19","V20","V21"
"1",0.343412922724668,0.171116205307188,17,0,0,0.369879184598893,0.169289612507232,0,0,0.357698290306772,0.190164669323137,0,1,0.574290665094993,0.214949203546945,0,1,1,1,1,1
"2",0.542670467656937,0.217797513797754,7,0,0,0.524087695249215,0.208724837084345,0,0,0.520840846039417,0.228059836193276,0,0,0.60607742819007,0.227403818054036,0,0,1,1,1,1
"3",0.340610163667223,0.181426638535565,17,0,1,0.291928202168252,0.191838604632966,1,1,0.291232111420133,0.197544333144624,1,1,0.349532114103648,0.230001186197724,1,1,1,1,1,1
"4",0.310858532248943,0.195770654559312,15,1,1,0.331327919402291,0.187358071142463,1,1,0.29602593846678,0.18957037358102,1,1,0.565482394374527,0.218984219026922,1,1,1,1,1,1
"5",0.405119140507837,0.213368945855477,13,1,1,0.410268455484022,0.181486089791983,0,0,0.410819323030788,0.191953077592824,0,0,0.642131459522772,0.208812283655512,0,0,1,1,1,1
"6",0.309075770637686,0.21097235214253,7,1,1,0.308237091770803,0.175952032064714,1,1,0.310731385974743,0.206370054937493,1,1,0.333800535664939,0.241668023094233,1,1,1,1,1,1
"7",-0.0857690326075182,0.208267343726924,9,1,1,-0.0888487435745567,0.206156153945274,1,1,-0.0992131026051136,0.189852327972184,1,1,-0.0407037353566413,0.230841047571412,1,1,1,1,1,1
"8",0.12059806061154,0.203478769117077,17,1,1,0.149145799195205,0.181146704251074,1,1,0.163004989224744,0.18016709087326,1,1,0.287499173135167,0.252580662138869,1,1,1,1,1,1
"9",0.305231561757456,0.206631173698415,15,1,1,0.353419883883424,0.191381503568992,1,1,0.339935410233942,0.230387929684074,1,1,0.317657639917582,0.228947438779471,1,1,1,1,1,1
"10",0.309186973837299,0.193100448258693,9,1,1,0.348768001657539,0.201063896308021,0,1,0.328551587398293,0.198805877927989,1,1,0.569749360582672,0.251728495755499,1,1,1,1,1,1
"11",0.0565160470418554,0.212570415588744,11,1,1,-0.0770811826748277,0.250238016452402,1,1,-0.083213475674366,0.203718332714322,1,1,-0.00955063492062547,0.282480722847237,1,1,1,1,1,1
"12",0.265994556799451,0.216966041703187,7,1,1,0.24253260652977,0.214329877989397,1,1,0.232616950750261,0.174558030151328,1,1,0.187644846169983,0.257165908030021,1,1,1,1,1,1
"13",0.239614208971977,0.246345204935253,5,1,1,0.173970088495892,0.19017099032077,1,1,0.19189235525462,0.236363217236552,1,1,0.295491542581763,0.241808522081321,1,1,1,1,1,1
"14",0.5449934334062,0.204479398696642,9,0,0,0.456849828665841,0.190667918446089,0,0,0.476778632719035,0.187916436079988,0,0,0.240936256805677,0.226473989561294,0,0,1,1,1,1
"15",0.193838896160351,0.201263235713505,19,1,1,0.181167464486293,0.210579127790963,1,1,0.184658130510134,0.193831858079393,1,1,0.328326856540931,0.244975867053678,1,1,1,1,1,1
"16",0.248584044203975,0.224566017819739,11,1,1,0.288726304310032,0.182771999884631,1,1,0.306885569586843,0.199032984372777,1,1,0.228576390760714,0.244531347252623,1,1,1,1,1,1
"17",0.36940758226692,0.177077674071637,17,0,0,0.349643121897781,0.186409625460454,1,1,0.344898936680766,0.146355764363153,0,0,0.321283747128621,0.229301107401861,1,1,1,1,1,1
"18",0.169506022729444,0.199303655446497,13,1,1,0.107605863648032,0.202140612825098,1,1,0.0923813054887357,0.19303694613963,1,1,0.260842520391305,0.229824336094212,1,1,1,1,1,1
"19",0.360471998512413,0.19726468514019,13,0,1,0.407714050054688,0.200042162198203,1,0,0.39798171535595,0.189261341075061,1,0,0.532294581800721,0.229214012488011,0,1,1,1,1,1
"20",0.37215737645722,0.207787029914474,9,1,1,0.423739736793714,0.228992318102396,1,1,0.425016375594669,0.191842322790684,0,0,0.488456319298236,0.203460267106218,0,0,1,1,1,1
"21",0.217194642776105,0.2255664952248,9,1,1,0.317397136272793,0.208767586194302,1,1,0.279090323887703,0.195124001698667,1,1,0.241297387456367,0.22875123468076,1,1,1,1,1,1
"22",0.502003725944541,0.245565501736034,7,0,0,0.566053927844839,0.198136618911405,0,0,0.550004210392677,0.211655637468282,0,0,0.618580435419608,0.255527340412875,1,0,1,1,1,1
"23",0.102663698414798,0.23983538300405,3,1,1,0.0678886201203814,0.185457929772573,1,1,0.0712717920602019,0.194940813309594,1,1,0.400501002501283,0.197618336207358,1,1,1,1,1,1
"24",0.355987876100213,0.197306801558658,11,1,1,0.322301819256207,0.21941268569362,1,1,0.332231405866859,0.230287208114825,1,1,0.254408723396195,0.243001199157353,1,1,1,1,1,1
"25",0.192146247504174,0.223922600664671,7,1,1,0.183692721261025,0.210909890308907,1,1,0.206130651570425,0.217980129456962,1,1,0.315805328517408,0.245094270983293,1,1,1,1,1,1
"26",0.314525560839419,0.236082025866524,3,1,1,0.216548978712367,0.205384280311681,1,1,0.236317547046644,0.194976508327446,1,1,0.443780631123741,0.220082851088874,1,1,1,1,1,1
"27",0.54891333272202,0.221328263902799,15,0,0,0.587862485897305,0.210447679713519,0,0,0.5774207424416,0.229672484592616,0,0,0.443461910564875,0.234086131732922,0,0,1,1,1,1
"28",0.53174148852821,0.200744428096625,15,0,0,0.566274043292884,0.202581679472572,0,0,0.542212034643774,0.195387018209004,0,0,0.618284073696618,0.207913437045623,0,0,1,1,1,1
"29",0.523500744123729,0.241208515244894,11,0,0,0.570213754770597,0.200280509215475,0,0,0.577825968601862,0.237986505682488,0,0,0.445813114893522,0.25523446158873,0,0,1,1,1,1
"30",0.132092222434119,0.214248040115049,7,1,1,0.0610486099528951,0.217634781534599,1,1,0.0516733280396116,0.231288752417132,1,1,0.0836620403439183,0.245402126689582,1,1,1,1,1,1
"31",0.40551805073612,0.188756747355867,7,0,0,0.371622348770226,0.200591797111119,0,1,0.367299741894803,0.231401260211148,1,1,0.410785664814401,0.223859975130215,0,1,1,1,1,1
"32",0.285464530909718,0.189792069385785,17,1,1,0.274544885662636,0.18923370494194,1,1,0.289182065158726,0.206415485260385,1,1,0.421195364413699,0.222426005132181,1,1,1,1,1,1
"33",0.308926882239951,0.216785017750492,9,1,1,0.256233233141351,0.235291709581883,1,1,0.257177746184972,0.198536975408106,1,1,0.348416120440523,0.240548890604521,1,1,1,1,1,1
"34",0.626967731536406,0.21082202244311,7,0,0,0.601122255777108,0.176880580617281,0,0,0.607764895929795,0.189712440998526,0,0,0.607320217383513,0.239732548584489,0,0,1,1,1,1
"35",0.377999780480099,0.220172774851587,11,1,1,0.328246621024728,0.170400972794037,1,1,0.315311789601413,0.173751324550221,1,1,0.384849521158583,0.243572644007202,1,1,1,1,1,1
"36",0.288689944557363,0.225002257420229,5,1,1,0.340945971649129,0.19975445008532,1,1,0.361354301875163,0.193261964869587,1,1,0.242324828890249,0.26389485383809,1,1,1,1,1,1
"37",0.445191377508026,0.221630699136399,15,0,0,0.489583215474859,0.192350887644608,0,0,0.487202007513835,0.202273271376852,0,0,0.371234286488242,0.222949605471768,0,0,1,1,1,1
"38",0.640324741672633,0.2450633763699,13,0,0,0.721731019897198,0.25593844061354,0,0,0.760353492115656,0.248997631404398,0,0,0.634282512694185,0.23730579820891,0,0,1,1,1,1
"39",0.495587131882264,0.213323008477949,17,0,0,0.496290183159599,0.237449594127204,0,0,0.489820465688713,0.19853080484231,0,0,0.615786426399555,0.22876650598055,0,0,1,1,1,1
"40",0.486285571273241,0.20008679948218,19,0,0,0.518794664598552,0.178534951144598,0,0,0.5082448104093,0.205067527747094,0,0,0.516251196620687,0.212285155134439,1,0,1,1,1,1
"41",0.422165061117419,0.18497782374241,13,0,0,0.384774336958729,0.204518570523853,0,1,0.378724046011754,0.174412624348393,0,0,0.310800447635298,0.23263788314969,1,1,1,1,1,1
"42",0.182265245412893,0.191331851614207,11,1,1,0.16459028235356,0.164611530806208,1,1,0.172858647136149,0.17939524253248,1,1,0.162075517590752,0.237144320341739,1,1,1,1,1,1
"43",0.0349015565172872,0.201339691038179,11,1,1,0.0302610127428532,0.188679775994442,1,1,0.0400635638833134,0.186422548163018,1,1,0.139107187180401,0.238328813067889,1,1,1,1,1,1
"44",0.383928871690334,0.216975472949954,13,0,1,0.440453743347015,0.193824872328615,0,0,0.444866034906299,0.208504270373507,0,0,0.69822484683175,0.262726957415544,1,1,1,1,1,1
"45",0.562057853839971,0.168740351856974,15,0,0,0.456809212093208,0.179398606367481,0,0,0.500464142823917,0.163239006593197,0,0,0.61957250150238,0.21244560229414,0,0,1,1,1,1
"46",0.338619018224169,0.215350321136595,7,1,1,0.342407327757854,0.192382992262804,1,1,0.366248829665296,0.188554166517628,1,1,0.376180428049701,0.223789763713922,0,1,1,1,1,1
"47",0.38801697028282,0.214790997307231,13,1,1,0.421044569720914,0.170932489603081,0,0,0.433593135440027,0.199301647291307,0,0,0.37215904275646,0.229914770988768,1,1,1,1,1,1
"48",0.139283065259016,0.248941204459549,7,1,1,0.143140972261626,0.194478899192994,1,1,0.147603641356453,0.216547592457338,1,1,0.190554234723097,0.219671453752752,1,1,1,1,1,1
"49",0.309644472648714,0.189548798310628,19,1,1,0.385049632904081,0.180900769455614,0,0,0.377393381163672,0.1882415529069,0,0,0.466453889255812,0.250962001111151,1,1,1,1,1,1
"50",0.567298038923513,0.241869103994326,15,0,0,0.489126866671681,0.207247478439065,0,0,0.518253953915071,0.218392788268749,0,0,0.559710844651915,0.242539156716261,0,0,1,1,1,1
"51",0.35934236419668,0.205915531480323,9,1,1,0.335177525003526,0.198629210235101,1,1,0.339562692194697,0.215212048493847,1,1,0.538528608017945,0.251644039209053,1,1,1,1,1,1
"52",0.0171898954289983,0.213215231171971,15,1,1,-0.0533284253920023,0.195371183165989,1,1,-0.0753105739576246,0.190156909211491,1,1,-0.0864660171881385,0.234932366908675,1,1,1,1,1,1
"53",0.221104884899517,0.21790175180261,17,1,1,0.210735085336185,0.207278222677492,1,1,0.187779716878199,0.21872325682854,1,1,0.260780789306784,0.250140186178621,1,1,1,1,1,1
"54",0.437747312275517,0.223077104038268,9,1,0,0.352866433838229,0.191835071565104,1,1,0.365882269481538,0.209454845076952,0,1,0.566876200515233,0.211360417930101,1,1,1,1,1,1
"55",0.356707535837895,0.194724854608965,13,1,1,0.337875568658246,0.20113238771432,1,1,0.328477203616958,0.21593070332634,1,1,0.192418329372739,0.271899651673863,1,1,1,1,1,1
"56",0.197389397767712,0.202321036202176,13,1,1,0.178746675575412,0.195459584229702,1,1,0.184065267142008,0.186325597841731,1,1,0.0443195926026215,0.252657044692032,1,1,1,1,1,1
"57",0.21883900920989,0.203176962017676,7,1,1,0.145946645454277,0.200287608386927,1,1,0.146488144500174,0.203331689440877,1,1,0.460767793985552,0.225591603635869,1,1,1,1,1,1
"58",0.832697130481507,0.178470019377952,13,0,0,0.839893180328591,0.162947412770455,0,0,0.833998819829126,0.158336547508554,0,0,0.93587027582003,0.237268403755146,0,0,1,1,1,1
"59",0.484061344301624,0.199352156433278,15,0,0,0.456327662924097,0.209577982872496,0,0,0.454105182902878,0.216368430227007,0,0,0.520765324985999,0.254203425659081,0,1,1,1,1,1
"60",0.462480832835931,0.205712658338443,15,0,0,0.491972095221894,0.225298510811972,0,0,0.484204206890736,0.208344685724697,0,0,0.32474750270681,0.229071649634251,0,0,1,1,1,1
"61",0.273169829176288,0.204712306670911,5,1,1,0.356577621567444,0.195398779319343,1,1,0.35532191004069,0.228636134881124,1,1,0.341554134600461,0.259576176580056,1,1,1,1,1,1
"62",0.362962383015408,0.239971472791615,3,1,1,0.39341546911316,0.197713646479758,1,0,0.395286382567801,0.200141774092025,0,0,0.426896367038388,0.25870476244582,0,1,1,1,1,1
"63",0.407491799061459,0.204234148572066,9,0,0,0.458548270417256,0.1953025213537,0,0,0.46798502917559,0.194790594878837,0,0,0.466736019744124,0.233911787807274,0,0,1,1,1,1
"64",-0.074028005305157,0.224929452286827,19,1,1,-0.0848970634141213,0.206075691093941,1,1,-0.105230945385024,0.228634952552626,1,1,-0.337366033322009,0.278386241410869,1,1,1,1,1,1
"65",0.0118073088325058,0.218064444772915,13,1,1,0.0577706803948774,0.218166106412243,1,1,0.0574405154856017,0.213781380508999,1,1,-0.0775239067305178,0.244071156966669,1,1,1,1,1,1
"66",0.165440496541771,0.232667745606054,1,1,1,0.00218807993781539,0.179226088826582,1,1,-0.00034933820876074,0.173745550891827,1,1,0.158389245973146,0.220596645336945,1,1,1,1,1,1
"67",0.208335826270141,0.198198313051237,19,1,1,0.170403912139297,0.174899681355217,1,1,0.187528510463707,0.186109528857093,1,1,-0.0984320929654197,0.227544030672717,1,1,1,1,1,1
"68",0.280924550142811,0.225990509353807,19,1,1,0.295985212605224,0.171873989675351,1,1,0.312595010842872,0.204564487386697,1,1,0.550798612116425,0.275396788207783,1,1,1,1,1,1
"69",0.332910293985843,0.213234387561695,19,1,1,0.317404167498283,0.183211922975621,0,1,0.323559610234864,0.168878881320996,0,1,0.317317885360474,0.229565640538305,1,1,1,1,1,1
"70",0.576839753123566,0.221041376002096,13,0,0,0.553347942953807,0.202191617362265,0,0,0.549848281358554,0.178614268256808,0,0,0.451119622888277,0.209384857901619,0,0,1,1,1,1
"71",-0.0329067024230753,0.229166163178379,9,1,1,0.0381952445064262,0.209347590231738,1,1,0.0318000608481899,0.218392453177454,1,1,0.0890166642761479,0.244744317827862,1,1,1,1,1,1
"72",0.266602476249616,0.195224967918015,9,1,1,0.285422456369199,0.190552838802459,1,1,0.278207368369022,0.189159933400338,1,1,0.211752088482865,0.237406188522091,1,1,1,1,1,1
"73",0.843185134663409,0.192925579504414,19,0,0,0.769580658229765,0.206437893490186,0,0,0.789280575719544,0.204124429249595,0,0,0.976131120862128,0.241616072478235,0,0,1,1,1,1
"74",0.129165017187679,0.226775437935291,3,1,1,0.328405453684483,0.193985158153176,1,1,0.313771179003581,0.18680413095443,1,1,0.253219746319263,0.254970893140004,1,1,1,1,1,1
"75",0.428512706382336,0.271868421737497,7,1,1,0.518378770333123,0.230249890713125,0,0,0.51606888202452,0.253150416356056,0,0,0.648291282079664,0.277520813594364,0,1,1,1,1,1
"76",0.112312035997089,0.250105478264801,1,1,1,0.016070638260729,0.191478997728846,1,1,0.0133560666746475,0.222568570142388,1,1,0.0897202805327492,0.24824101526854,1,1,1,1,1,1
"77",0.382476101505052,0.195186324253766,11,0,1,0.379220733285617,0.207199895854842,1,1,0.382753824437926,0.196942164938013,1,1,0.28194045454635,0.217165490050951,0,1,1,1,1,1
"78",0.864400593109872,0.201770976164914,7,0,0,0.819936411090595,0.191084841211367,0,0,0.824618426300229,0.205389003352149,0,0,1.01775654171388,0.243872073622854,0,0,1,1,1,1
"79",0.377936197649154,0.227388532859679,3,1,1,0.380712600737345,0.198384466335249,0,1,0.366040225672309,0.209128250045592,1,1,0.100453279228561,0.266157620492912,1,1,1,1,1,1
"80",0.227982777477977,0.212566208817244,17,1,1,0.21628733010862,0.209421966182304,1,1,0.229726459881006,0.228484222742683,1,1,0.280573295647716,0.25360172202622,1,1,1,1,1,1
"81",0.431895900480883,0.228038396863776,5,0,1,0.428503636415451,0.209999899295009,1,0,0.432977364286051,0.194557564468753,0,0,0.34389446248551,0.22151739567283,0,1,1,1,1,1
"82",0.399367836781873,0.221768853570934,13,1,1,0.307334302473017,0.20192442821979,1,1,0.312858510872393,0.220123822561838,1,1,0.43788729408391,0.233143768925333,1,1,1,1,1,1
"83",0.181524029627287,0.229884784763944,11,1,1,0.129470967066827,0.220965948462861,1,1,0.139929926075872,0.194429042064547,1,1,0.0222712556847345,0.291780963259695,1,1,1,1,1,1
"84",0.352172992899407,0.223878181057231,5,1,1,0.255898985189708,0.215141072643806,1,1,0.26447246267527,0.205551160205544,1,1,0.426783862751076,0.261698116267519,1,1,1,1,1,1
"85",0.260887849088068,0.210668317653594,17,1,1,0.235576182698919,0.234373895782798,1,1,0.232479829702863,0.227397734452426,1,1,0.275786249754038,0.219622974260032,1,1,1,1,1,1
"86",0.185150057827238,0.228698799518069,7,1,1,0.16514669248266,0.192776069413661,1,1,0.160314677742567,0.206464201033612,1,1,0.129208453841007,0.238518840319064,1,1,1,1,1,1
"87",0.39188818482707,0.229893901125668,3,1,1,0.392669045082465,0.169587952098696,0,0,0.387145390131407,0.185695041287551,0,0,0.397553124135429,0.238864137612474,0,1,1,1,1,1
"88",0.262519808472339,0.219069088801325,17,1,1,0.240774879245457,0.210882575923356,1,1,0.225285818968343,0.202692592529235,1,1,0.356834380206979,0.233016199352074,1,1,1,1,1,1
"89",0.47503674317064,0.227610332711074,15,1,0,0.398387836300682,0.182154808269562,0,0,0.412733901889889,0.209085822574167,0,0,0.425986086235851,0.244559354730911,0,1,1,1,1,1
"90",0.120105554906788,0.232927969181389,9,1,1,0.153671894198002,0.19890003953269,1,1,0.15817510371146,0.195586112748784,1,1,0.0774332609423104,0.242999825553677,1,1,1,1,1,1
"91",0.468301069279891,0.234816143831984,13,0,0,0.436932584882061,0.193067122992121,0,0,0.448157458849767,0.200519423805027,0,0,0.647378592176088,0.239619341347477,0,1,1,1,1,1
"92",0.308913650595453,0.196684018674648,3,1,1,0.282449353996729,0.169226287362208,1,1,0.291239018332441,0.174276133619354,1,1,0.414803509843446,0.227655014487805,1,1,1,1,1,1
"93",0.0590584401018428,0.191529201011608,19,1,1,0.103320087823904,0.193558311119903,1,1,0.108616890902627,0.18406659232153,1,1,0.0691223657157463,0.243689364779337,1,1,1,1,1,1
"94",0.426412203127678,0.214721267011131,9,0,0,0.407327224289975,0.18907831137237,0,0,0.4169116951,0.170216541267645,0,0,0.365035387219606,0.225455206546466,0,1,1,1,1,1
"95",-0.0665715185608768,0.234218510022039,9,1,1,-0.0792587377486833,0.224442122549822,1,1,-0.0536770121363977,0.215820654988983,1,1,0.0850554283114181,0.226801949168076,1,1,1,1,1,1
"96",0.517370279769917,0.223266690392423,11,0,0,0.451361986637416,0.197519526624541,0,0,0.476423016020344,0.188443115857017,0,0,0.54303782528188,0.246274540230428,1,1,1,1,1,1
"97",0.108279418144566,0.240443558652346,1,1,1,0.209732294958039,0.205455801082829,1,1,0.204107398985797,0.206646488391372,1,1,0.116190867494804,0.228546479265195,1,1,1,1,1,1
"98",0.310671585904856,0.204574532236929,13,1,1,0.324498483866956,0.201072049651227,1,1,0.3157891360784,0.220058663829962,1,1,0.318875474889524,0.232274764314242,1,1,1,1,1,1
"99",0.349532116673397,0.209962341936129,11,1,1,0.283449759828102,0.226842142610482,1,1,0.288878518163985,0.183635547933918,0,1,0.283787947881611,0.266824099829696,1,1,1,1,1,1
"100",0.391946859233375,0.204623937129653,13,1,1,0.375047842702404,0.194592836662817,0,1,0.382267524950802,0.195754603053424,1,1,0.217565287778608,0.242111283986602,1,1,1,1,1,1
