"","V1","V2","V3","V4","V5","V6","V7","V8","V9","V10","V11","V12","V13","V14","V15","V16","V17","V18","V19","V20","V21"
"1",-0.15032945850229,0.223255287787279,19,1,1,-0.0390240309969616,0.215037342926292,1,1,-0.0365159440079452,0.208061177539179,1,1,-0.191615022909375,0.230317892218915,1,1,0.116761519677574,0.237584645556215,1,1
"2",0.120838802793889,0.259262384876332,1,1,1,0.0934742038408504,0.256124921697742,1,1,0.0894464277819221,0.256229013542876,1,1,0.147683075275698,0.252042146909147,1,1,0.120838802793889,0.262084306934651,1,1
"3",0.389555267168105,0.249223115177575,7,1,1,0.36256290214978,0.222044479353228,1,1,0.364860094881067,0.236596403230067,1,1,0.54979664195996,0.273835035267501,1,1,0.56543693062452,0.271270972848456,1,0
"4",-0.243543365594685,0.258147285989017,19,1,1,-0.119204257848397,0.222876823449193,1,1,-0.122240524068953,0.238449879576045,1,1,-0.0298486486346233,0.276803578947233,1,1,0.105247561939621,0.283813342982966,1,1
"5",0.13973325517278,0.254894018217297,1,1,1,-0.00261704502558024,0.208212349652746,1,1,0.00461902559108556,0.210633109480546,1,1,0.0714925139135285,0.255395644880754,1,1,0.13973325517278,0.260441280340778,1,1
"6",0.108853058574707,0.224349805581166,17,1,1,0.027283181083955,0.23439813939414,1,1,0.0489421421707444,0.243389887567847,1,1,-0.226428349520449,0.264417468819552,1,1,0.23957227364375,0.262294098881566,1,1
"7",-0.000871535166315963,0.231564425270914,17,1,1,-0.0881858284170048,0.246025220996889,1,1,-0.0914101642479796,0.223979282277544,1,1,-0.00764034900391804,0.254907275676894,1,1,0.222194184459026,0.255241741365838,1,1
"8",-0.0818621628640492,0.224284565601849,13,1,1,-0.145162981474022,0.215499571926306,1,1,-0.139693248302378,0.211220418741569,1,1,-0.325410494432814,0.247931364888431,1,1,0.172257340270894,0.253737087040839,1,1
"9",-0.0376639506519636,0.23253015676923,13,1,1,-0.0834054817599464,0.248671502165617,1,1,-0.0326619625856294,0.227667674503984,1,1,-0.1539960662663,0.281316733249777,1,1,0.21387129225346,0.277248217861468,1,1
"10",0.532679781218875,0.245643786352805,11,1,0,0.474247590704296,0.229420937383655,0,0,0.511682520595807,0.229890195958718,0,0,0.530078180389926,0.291669818747303,1,1,0.713463698254033,0.279133130736829,0,0
"11",-0.124009929259772,0.247472314676006,9,1,1,-0.257571048217808,0.265226909675895,1,1,-0.224783286831745,0.241559082677764,1,1,-0.234612199823558,0.300569255720255,1,1,0.179554441350152,0.296637960209857,1,1
"12",-0.202937262860669,0.22124655394251,19,1,1,-0.333979283263521,0.218996859886975,1,1,-0.327589307358286,0.212893829102399,1,1,-0.238236617348998,0.247952143327049,1,1,0.114166557037198,0.251084138717421,1,1
"13",-0.115178749554891,0.223172590028209,15,1,1,-0.168396898711278,0.203580734260353,1,1,-0.136092642442884,0.198948455001349,1,1,-0.454501626389058,0.260532349502968,1,1,0.200349941711012,0.262006044714705,1,1
"14",0.294691335712883,0.241390366285977,5,1,1,0.307064279790047,0.218315793636181,1,1,0.312271349317032,0.204399059859106,1,1,0.292397678447554,0.248657956495864,1,1,0.501530096925083,0.24810148316532,1,0
"15",0.157985597229811,0.237976038434139,15,1,1,0.106039514363845,0.208882317269318,1,1,0.0808575853112971,0.209095754654828,1,1,0.386356880575757,0.273573634350535,1,1,0.398386271075628,0.270458835471644,1,1
"16",0.340996073820076,0.220658853398232,11,1,1,0.213182064088682,0.247241556990933,1,1,0.243700706866487,0.228004671876414,1,1,0.29487796894644,0.226763439240385,1,1,0.471725241055024,0.246838916074396,1,1
"17",0.186875735807663,0.221619757188796,19,1,1,0.121899712417667,0.221951542854992,1,1,0.132899185506745,0.216130116632241,1,1,0.276249473348047,0.254715196429007,1,1,0.464157562995429,0.25571109135174,1,1
"18",0.0455856564837531,0.217529786038226,15,1,1,0.0135522932923708,0.21582098270683,1,1,0.0488306547741787,0.210414425517748,1,1,0.182347430559257,0.255629622188677,1,1,0.424421862282019,0.252392719135507,1,1
"19",0.238257892024689,0.274610231605706,1,1,1,-0.0183789537888474,0.207029655330542,1,1,-0.000926611403064365,0.216341270521612,1,1,0.132356102722301,0.273293020150799,1,1,0.238257892024689,0.269378093184636,1,1
"20",-0.303542450136326,0.223213181455131,11,1,1,-0.196995620575048,0.192015693896519,1,1,-0.286696150550479,0.202548441344251,1,1,-0.185387768201954,0.246475044025922,1,1,0.0400648283236611,0.232501747359191,1,1
"21",-0.129837164725261,0.22594748072185,7,1,1,-0.146241132375491,0.208642660305898,1,1,-0.144791707403888,0.225431732685892,1,1,-0.271188889533718,0.245142645183018,1,1,0.229672470823751,0.253413170544441,1,1
"22",-0.160470385817419,0.211266058322524,13,1,1,-0.211159260914882,0.228148103969538,1,1,-0.122977451478395,0.21882438510392,1,1,-0.159817122778307,0.249719424290202,1,1,0.141519813729612,0.252868014670274,1,1
"23",-0.129419729272768,0.26420775729741,7,1,1,-0.110903217905612,0.24858345591908,1,1,-0.157745336455708,0.259008143719868,1,1,-0.111995425283312,0.27924402563602,1,1,0.126881352031167,0.282447123069869,1,1
"24",0.118985810235547,0.207264382107759,13,1,1,0.0053697295377544,0.202223921670572,1,1,0.0464716053745568,0.196678703348765,1,1,0.0526600177171446,0.2217689870974,1,1,0.398586025094434,0.223337434069102,1,1
"25",-0.0832316856013346,0.295560768615403,1,1,1,-0.0325006646612392,0.23950084831339,1,1,-0.0378956367643684,0.232010277243313,1,1,-0.172708161707609,0.301344989620722,1,1,-0.0832316856013346,0.296869456578249,1,1
"26",-0.17847369222092,0.224261839874652,17,1,1,-0.188809894027297,0.203850413723754,1,1,-0.180287035229616,0.211770541667428,1,1,-0.220420064640349,0.261545115757838,1,1,0.125961491910078,0.253378270870161,1,1
"27",-0.0366156327318725,0.237630865426574,17,1,1,0.0405630925518797,0.211472127583032,1,1,-0.0105447077036237,0.20504033892415,1,1,-0.109121316878182,0.252021694885095,1,1,0.449082049248667,0.262629327444242,1,1
"28",0.187394081586131,0.226044862139322,11,1,1,0.172384285413575,0.234063956000541,1,1,0.148041464081548,0.218460613263593,1,1,0.233452009911169,0.228828573590948,1,1,0.383929734040459,0.240649833081386,1,1
"29",0.218327717290245,0.224430722855107,11,1,1,0.219974479222323,0.226673888566406,1,1,0.237865246067995,0.222228490072476,1,1,0.391001538403419,0.303654829254247,1,1,0.452055594560358,0.284618529019002,1,1
"30",-0.199044473267229,0.205427149358123,5,1,1,-0.317694207269677,0.20825708397385,1,1,-0.313352222464689,0.194798430586996,1,1,-0.368898346604343,0.236577020731122,1,1,-0.109276182211791,0.236494467534259,1,1
"31",0.0400310521364252,0.221390100481642,13,1,1,0.149422424732698,0.243005543984696,1,1,0.237607018279006,0.286207571774611,1,1,0.0328907261295093,0.293728913136583,1,1,0.324534489280316,0.286085051043483,1,1
"32",0.047916854666926,0.218732861620641,19,1,1,-0.000627849292124647,0.196001143722613,1,1,0.0117720595184187,0.210441826658277,1,1,-0.121089229230402,0.236532054364531,1,1,0.364590482340515,0.248429173460831,1,1
"33",-0.399768872923597,0.228464093149964,13,1,1,-0.4065991507763,0.229322970609755,0,1,-0.36480497708401,0.206710918355649,1,1,-0.298792403748934,0.245448461078222,1,1,-0.0406059456595237,0.258705832500885,1,1
"34",-0.0370365505375891,0.231863758271749,17,1,1,0.00830531892336453,0.222312329448354,1,1,0.0484749976986092,0.233869755334925,1,1,-0.0452929982398102,0.256321344424339,1,1,0.254621516471073,0.271714413820879,1,1
"35",-0.279419852261842,0.222585818275967,15,1,1,-0.20192330987764,0.199968166144797,1,1,-0.219122533657536,0.209466165788179,1,1,-0.327977961594769,0.251131912469554,1,1,0.151790443075559,0.249840999018614,1,1
"36",0.198049950775448,0.228746163806229,19,1,1,0.280676662512168,0.216826194866011,1,1,0.254331209225387,0.213516358480758,1,1,0.243736466919746,0.258384524936653,1,1,0.617775163068808,0.251513046338693,1,0
"37",-0.0795641299209545,0.222456925116183,11,1,1,-0.0238421492056779,0.252173807692339,1,1,0.0102957803618592,0.249972548486362,1,1,-0.0893300270378977,0.250049157985075,1,1,0.237623851769768,0.2515903304776,1,1
"38",-0.118061710511587,0.207877264693354,9,1,1,-0.0426253459792977,0.197264171344956,1,1,-0.0933161122387846,0.195911771047678,1,1,0.0592271884346669,0.217556279867545,1,1,0.193064533900039,0.222327768758407,1,1
"39",-0.0969633797681517,0.205976583592956,17,1,1,0.000465408924249458,0.220180506051989,1,1,-0.00274153326590662,0.228343137371678,1,1,-0.0822284523741607,0.224468667976275,1,1,0.220655616964773,0.243354590763687,1,1
"40",-0.352787507539217,0.234638830253754,11,1,1,-0.325176483116797,0.206447748606789,1,1,-0.336210842941779,0.212166936593491,1,1,-0.483610652117478,0.250391583707715,1,1,-0.120006409939429,0.238085752373664,1,1
"41",0.0942151187226882,0.227615604816316,11,1,1,-0.118749424455476,0.238724075473449,1,1,-0.0596582517890836,0.233880452822426,1,1,0.0474965992807534,0.248203916650024,1,1,0.296259517150581,0.245755511720963,1,1
"42",0.0352943395109358,0.216372271681825,15,1,1,-0.0509483550957092,0.211966109096218,1,1,-0.0497422172266029,0.19822823494052,1,1,-0.0793723061876178,0.233478396402746,1,1,0.280774885607483,0.247265938642838,1,1
"43",0.0340850136031867,0.256951763361718,7,1,1,-0.238950740568123,0.335559506453726,1,1,-0.219418523835307,0.310755055608161,1,1,-0.103549739056015,0.252155062110048,1,1,0.313186793690185,0.271856639543262,1,1
"44",-0.0849373405778906,0.196770869007451,9,1,1,-0.0575464479677128,0.20258093256603,1,1,-0.0579466125973698,0.204560136450363,1,1,-0.0989498454622725,0.238734287835204,1,1,0.0964318427679983,0.245990156539954,1,1
"45",0.272473182388455,0.231926622344816,13,1,1,0.227644850746704,0.233997674256698,1,1,0.197719773544757,0.226536262044366,1,1,0.420802119624683,0.267401759784015,1,1,0.414806392187447,0.267891119562824,1,1
"46",-0.0125215253788257,0.251222214271605,5,1,1,0.0817870652347956,0.237199156253102,1,1,0.0297566909449663,0.237810345591752,1,1,-0.24709154797248,0.281937849553306,1,1,0.285916866542546,0.271398845065047,1,1
"47",0.0987980691447388,0.193666086134365,17,1,1,0.120582253688339,0.185892467770427,1,1,0.105470699996958,0.191443649433472,1,1,-0.0261094370868981,0.238925096338368,1,1,0.317157271339774,0.246541476437421,1,1
"48",0.405938909928123,0.234168640001632,15,1,1,0.347842683708423,0.218617127630281,1,1,0.377487309920893,0.226354347862013,1,1,0.299265142396761,0.277737497249321,1,1,0.566705007680548,0.258945432721915,1,0
"49",0.228548903434432,0.213092457786629,19,1,1,0.0821077677022618,0.212666532675943,1,1,0.147172124915536,0.207687244637287,1,1,0.168625008683133,0.240459534744997,1,1,0.354498420111194,0.241325572480891,1,1
"50",0.196185404677834,0.215378398513694,11,1,1,0.224215122941261,0.220268042382068,1,1,0.178963644978813,0.218673759323105,1,1,0.277015541125228,0.231860913498428,1,1,0.4874787907042,0.239639148322591,1,0
"51",0.460171810903345,0.205885703589727,13,0,0,0.423961269361406,0.177622119839817,0,0,0.408729579512001,0.180779724551072,0,0,0.355860296306104,0.218073953113625,0,1,0.667258036963448,0.224840574264664,1,0
"52",0.156087213173588,0.208973356512256,19,1,1,0.103092833714881,0.210027848986405,1,1,0.113527986416721,0.201070968183012,1,1,0.404794402662607,0.232214215416316,1,1,0.473796557285033,0.22850121655919,1,0
"53",0.41469416094428,0.235367962187392,15,1,1,0.522498577087117,0.246132525518504,0,0,0.500495398666604,0.229456132881926,0,0,0.457105015737228,0.264748914510175,1,1,0.550541251222319,0.258742931329434,1,0
"54",0.529442240932068,0.220755838261795,15,0,0,0.455555197746381,0.185456920429638,0,0,0.457783211369782,0.193035258581472,0,0,0.378122583141502,0.233963625171847,1,1,0.614329498980066,0.243501366362591,0,0
"55",0.12591586326498,0.239878999696595,17,1,1,-0.0257792984096267,0.245238763461006,1,1,0.00343629659903776,0.243304741719447,1,1,-0.291136815886888,0.291600432458817,1,1,0.35134016218456,0.290877111421753,1,1
"56",0.405103481578736,0.181065062841841,15,0,0,0.433755045370968,0.182517521917332,0,0,0.436336880018692,0.184245888814483,0,0,0.371792601913665,0.2039716825257,0,0,0.566275778314629,0.224219050348768,1,0
"57",0.0774322951151939,0.221500745471881,7,1,1,0.0109213404699752,0.250183462541886,1,1,-0.000255728926233362,0.253905457702814,1,1,0.179523564842087,0.228620165043508,1,1,0.338556254370492,0.263250517773655,1,1
"58",-0.425239689286316,0.218498659359103,17,0,1,-0.380820329342446,0.213554252624523,1,1,-0.388052264772471,0.232867504268457,1,1,-0.472943252823939,0.246246440548491,1,1,-0.124194270725498,0.258218555226854,1,1
"59",-0.255743913240234,0.211874663198364,5,1,1,-0.178504711597216,0.20339218066855,1,1,-0.173191010827368,0.199946747649847,1,1,-0.227982620174459,0.238756762134274,1,1,0.0654981115660943,0.23443896359614,1,1
"60",0.178342048066308,0.212172371874419,11,1,1,0.147231033495553,0.179679472716622,1,1,0.158250960412922,0.205762201032521,1,1,-0.0130691100461736,0.227186441201733,1,1,0.380643007946854,0.225114624890096,1,1
"61",0.422831394948058,0.220842071088612,7,0,1,0.419813970066165,0.214398906218743,0,1,0.449924806035136,0.215879445680323,0,0,0.608206202844704,0.254672754155615,1,1,0.708587379238943,0.243122026277154,1,0
"62",-0.217978111848618,0.222832753523919,7,1,1,-0.183600849654256,0.199354913923503,1,1,-0.1590592818511,0.195519255576199,1,1,-0.278292801496925,0.223373116690393,1,1,0.160735389081703,0.232948734219195,1,1
"63",-0.123835812968017,0.223053567661473,15,1,1,-0.117904440899586,0.202947264963988,1,1,-0.133080645610338,0.200345764194012,1,1,-0.185046945572257,0.249328000274983,1,1,0.0403244093820609,0.250044825045888,1,1
"64",0.39270361453924,0.248958054898073,7,1,1,0.288677847572724,0.215096815181271,1,1,0.251823724958463,0.226705595721316,1,1,0.974699925995586,0.33247445230855,1,1,0.465990221099163,0.330745890735953,1,1
"65",-0.0485172811325671,0.248941706947763,11,1,1,-0.0682545784940882,0.200680299693025,1,1,0.00604943315809936,0.202621606662179,1,1,0.0721614203218581,0.287789000312302,1,1,0.289318493346864,0.311253986147072,1,1
"66",-0.390713832520643,0.256137357981217,13,1,1,-0.387010310354877,0.246192611847242,1,1,-0.42163229984885,0.24775618494071,1,1,-0.37647063276104,0.282381454001848,1,1,0.000325828764761966,0.276096680546781,1,1
"67",-0.208375312362794,0.222210538890022,13,1,1,-0.210957210666682,0.209792488873694,1,1,-0.223304671790904,0.21226172150408,1,1,-0.182455708645631,0.248860493002292,1,1,0.0429926006106877,0.251384231616715,1,1
"68",-0.0175888622542546,0.22233659357627,5,1,1,0.0655676798182784,0.195551488013579,1,1,0.0558288903514468,0.199010933640489,1,1,-0.0372587674339723,0.235252594700142,1,1,0.280901456103681,0.242262387691532,1,1
"69",-0.0553189124800768,0.221439248140342,13,1,1,-0.06966588139189,0.259575445397726,1,1,-0.0539374794672783,0.24509701784028,1,1,-0.126741890832898,0.26375835421634,1,1,0.179686081174858,0.24159844924666,1,1
"70",0.275879336717377,0.21675407193386,3,1,1,0.255842724499653,0.202763998118066,1,1,0.268208098488688,0.195659699882708,1,1,0.22210152024421,0.236780521819673,1,1,0.381845254560163,0.229381844476593,1,1
"71",0.0419518718808137,0.215941473699293,11,1,1,0.0916652871935538,0.209711728120458,1,1,0.0575298476089596,0.201433623268377,1,1,0.0605700849191656,0.237836981326273,1,1,0.334319978799735,0.25107061658524,1,1
"72",0.182605536156554,0.213528054048965,7,1,1,0.185081856516446,0.201364582173492,1,1,0.174013809524589,0.181523291181926,1,1,0.303017411855394,0.231883408844486,1,1,0.349755363707969,0.232937462314727,1,1
"73",-0.0215649377551873,0.214980037194378,15,1,1,-0.110264039002385,0.18646413614991,1,1,-0.0579132794462266,0.191107044426133,1,1,-0.427543776549976,0.231703185404438,1,1,0.0143983496563318,0.213632513752226,1,1
"74",0.45858232930636,0.265107384981192,15,1,1,0.307035205170903,0.232622085843632,1,1,0.328471713970375,0.252636505485358,1,1,0.576307132269771,0.361841298414272,1,1,0.568727307015807,0.355239153440391,1,1
"75",-0.158362817723449,0.211121878650279,5,1,1,-0.132533768811628,0.193604248154124,1,1,-0.132936064140908,0.182904561164759,1,1,-0.161637110539041,0.211073846355811,1,1,0.110788677904548,0.223971117256034,1,1
"76",0.060251885231146,0.222823598978284,19,1,1,-0.303879497352345,0.304808686271347,1,1,-0.299262765331877,0.320216709194907,1,1,0.0341404546542315,0.260141521602521,1,1,0.188337524114854,0.26476324048134,1,1
"77",-0.407944900502638,0.212423407037395,15,1,1,-0.367266742725755,0.206405388757131,1,1,-0.377667566872905,0.198434737352567,1,1,-0.287743664148403,0.238479073455168,1,1,-0.0250950883233527,0.241323021610812,1,1
"78",-0.0471660259593125,0.230772986464913,1,1,1,0.00930736913635825,0.187253812035632,1,1,0.0164447644656124,0.188920790892077,1,1,-0.0181520618561386,0.240098075452679,1,1,-0.0471660259593125,0.250478766084489,1,1
"79",-0.122766139820324,0.236683984304442,9,1,1,-0.117310509060603,0.228429744854198,1,1,-0.12226033486759,0.230677272443669,1,1,0.115674120681089,0.27846636815158,1,1,0.257196204398117,0.272312063675841,1,1
"80",0.121808079339076,0.226015514957593,19,1,1,-0.0651575633120708,0.225722353388169,1,1,-0.0902339964646768,0.223420235052875,1,1,0.0924776089181349,0.257259833001126,1,1,0.356091698933872,0.245783187674288,1,1
"81",0.42989526974462,0.20916646228156,17,1,0,0.405664140688231,0.189417735536667,0,0,0.400757813613549,0.204551988339873,0,1,0.374046285724778,0.226207166086053,1,1,0.63068655017108,0.242527305200196,1,0
"82",0.0951843128549514,0.212600280588803,15,1,1,0.0505890954988273,0.210784886964911,1,1,0.0400933616554494,0.216693863327382,1,1,0.0962380907345826,0.254947894623984,1,1,0.450299105269428,0.259246637172749,1,1
"83",0.0453934645621698,0.235533010967758,13,1,1,0.107233393824661,0.219732807646802,1,1,0.114020943030983,0.214037197909606,1,1,0.32653925549403,0.256946437759096,1,1,0.260120108715525,0.256034005419212,1,1
"84",0.0335147876283036,0.220002542537262,17,1,1,0.0173441868510083,0.177640526502742,1,1,0.0251015758932316,0.201673097210466,1,1,0.0767873393503968,0.245761736581742,1,1,0.266285303797153,0.223874389771112,1,1
"85",0.224639795234031,0.233511053215631,15,1,1,0.164322563507101,0.205391558788148,1,1,0.205002581930586,0.223785030720882,1,1,0.0272783787005866,0.286063945426484,1,1,0.349524002970685,0.27375720511863,1,1
"86",-0.233095954676447,0.198873866358727,9,1,1,-0.161378612413394,0.185540608214222,1,1,-0.178125452022039,0.201347850252506,1,1,0.0140750327844178,0.232024468895594,1,1,0.108005890446284,0.237092305617604,1,1
"87",0.053117615317026,0.192599790802372,17,1,1,-0.130416444291721,0.197549779621995,1,1,-0.0983333814030758,0.206435808529517,1,1,-0.24158273554002,0.221773855913484,1,1,0.340999092547577,0.229787565736599,1,1
"88",0.105746646247234,0.234749841753655,17,1,1,0.0821993380947008,0.24226897316043,1,1,0.133774527132554,0.226750669380832,1,1,0.186472321129718,0.265380127311789,1,1,0.321630988298176,0.272481911847544,1,1
"89",0.388069417555234,0.232134748576454,3,1,1,0.313954043488696,0.218957048626336,1,1,0.359180309737049,0.199446374128652,1,1,0.245112673928134,0.252623316761778,1,1,0.483962053816687,0.237032470132846,1,0
"90",-0.134006204162525,0.225121042700242,11,1,1,-0.153824304320155,0.213866897625992,1,1,-0.213400489692512,0.2253900993881,1,1,-0.0792323774208674,0.252321147072709,1,1,0.210510233561904,0.254187001325586,1,1
"91",0.194136072694786,0.258669314086233,7,1,1,0.313844535074374,0.263566734809403,1,1,0.359293902080622,0.264081652614825,1,1,0.115395814860713,0.281079899930492,1,1,0.463273121022846,0.274611820071576,1,1
"92",0.54501187191931,0.228682053402491,15,0,0,0.285549515214021,0.374084440305171,1,1,0.325119005526598,0.326526380905721,1,1,0.377026741492863,0.279357104161377,1,1,0.664557003009288,0.268721002008775,1,0
"93",0.178095082183211,0.23409948512478,19,1,1,0.287971054575851,0.230106817682717,1,1,0.240511621755436,0.204191786773459,1,1,0.429314918211217,0.286120382031337,1,1,0.428301383409562,0.283935193422192,1,1
"94",0.304061405969146,0.239687355845728,3,1,1,0.260324209912089,0.196212002617299,1,1,0.288038279501231,0.196423219088751,1,1,0.366320496845692,0.24872469437361,1,1,0.491205648537469,0.254701351756556,1,1
"95",-0.294897150373568,0.225179946961957,9,1,1,-0.301305768838906,0.264999367201002,1,1,-0.341479956214316,0.255050615222687,1,1,-0.304245212936604,0.265766145806171,1,1,0.0801604720042235,0.24757947855985,1,1
"96",0.156699363223954,0.201480401227731,19,1,1,0.0146874413150195,0.211966380350843,1,1,0.0655967106658477,0.202095633061457,1,1,0.056251408929239,0.243527047375531,1,1,0.351079568589205,0.232926515010873,1,1
"97",-0.0931346103412164,0.243385404133947,9,1,1,-0.095930507696463,0.21537363382073,1,1,-0.0941878115338033,0.21503286203696,1,1,0.0575106341999059,0.264587998473609,1,1,0.280263468102416,0.257506347826706,1,1
"98",-0.178141444628242,0.246154743734254,19,1,1,-0.125023539708113,0.225997177285084,1,1,-0.115377158418754,0.218369692644869,1,1,-0.289445596553061,0.265078367343187,1,1,0.171054775520307,0.252782066962877,1,1
"99",-0.150653788408572,0.265998571862485,7,1,1,0.0337536969657085,0.300567031942219,1,1,0.0732604655866322,0.304070917764981,1,1,-0.0781742772368918,0.293640031806108,1,1,0.16123196965452,0.277804970676275,1,1
"100",0.437012376213969,0.207843549522937,17,1,0,0.443918223665693,0.195907554597494,0,0,0.416799863936217,0.20030239713655,0,0,0.251801001356094,0.221674995358143,1,1,0.58364097718991,0.24164530664425,1,0
