"","V1","V2","V3","V4","V5","V6","V7","V8","V9","V10","V11","V12","V13","V14","V15","V16","V17","V18","V19","V20","V21"
"1",-0.065752925135008,0.225527528071813,19,1,1,-0.0718852084705292,0.238075701931813,1,1,-0.0712172034232252,0.200225916280057,1,1,0.053900335699948,0.241286989843645,1,1,-0.0130234855950418,0.207664828975619,1,1
"2",-0.0574638833930518,0.233062349301196,7,1,1,0.0428469527181757,0.192427197880737,1,1,0.0361169422465674,0.205995898991271,1,1,-0.168935513058392,0.263071874823438,1,1,0.0262221174677926,0.259347731451143,1,1
"3",0.26875358902471,0.23216252535806,9,1,1,0.263984954978457,0.214646196280889,1,1,0.22079290944398,0.242475934524813,1,1,0.416880965712689,0.275869931720544,1,1,0.242500536251372,0.269063691592793,1,1
"4",-0.187621652983778,0.236151359864564,13,1,1,-0.141288543062158,0.22100849234715,1,1,-0.166880720816968,0.249169343114175,1,1,-0.328763564543655,0.300581967450521,1,1,-0.19128896155234,0.291659775424451,1,1
"5",-0.349359800307634,0.263556432041437,3,1,1,-0.314333003411752,0.247543265493383,1,1,-0.293091065391364,0.22914676109731,1,1,-0.168116302722406,0.292567352623384,1,1,-0.182657540027218,0.268748674025468,1,1
"6",0.0230786899000306,0.218573020892581,13,1,1,-0.128067905930749,0.291035486161453,1,1,-0.0898604223072312,0.241362788832843,1,1,-0.0844693245344746,0.237149540239034,1,1,0.0395772486906355,0.249091604241095,1,1
"7",0.136314598119889,0.211451180012831,11,1,1,0.168761360321754,0.212367694052024,1,1,0.149911339390886,0.213101327639632,1,1,0.143353191515587,0.280417427367249,1,1,0.0187088260627439,0.25874394464673,1,1
"8",-0.0701141790173368,0.236990460564588,19,1,1,-0.0292154840520024,0.243248543405695,1,1,-0.0400979823982762,0.199433840466975,1,1,0.0136023296166672,0.218827171859809,1,1,-0.030425368536732,0.226802023909625,1,1
"9",-0.0902205099131651,0.244087540105517,13,1,1,-0.192550374886547,0.310686341892947,1,1,-0.22398931599718,0.257459019322912,1,1,-0.259972399274578,0.246891465201451,1,1,-0.0260584911887269,0.235233587736196,1,1
"10",0.210611828664601,0.235603653979106,9,1,1,0.215853546644931,0.193063297600769,1,1,0.207665769151325,0.204133658148975,1,1,0.528771533199165,0.254627141746254,1,1,0.140263733450961,0.262841268549104,1,1
"11",0.0491090602726882,0.239793286237057,17,1,1,0.0256234357912406,0.195686938003798,1,1,-0.0091969309238057,0.220576415716778,1,1,0.0347394912950419,0.281855453061814,1,1,-0.0522520524883258,0.258318020886947,1,1
"12",-0.443932457725476,0.247347014291868,17,1,1,-0.413798203925809,0.201723276777991,0,0,-0.458153586598272,0.208227030848101,0,0,-0.339280814103396,0.262725694130297,1,1,-0.45772420824599,0.299254794338565,1,1
"13",-0.00101041644548446,0.234910264366403,9,1,1,-0.0372400285754609,0.233059025140924,1,1,-0.0474402492119655,0.225749006323663,1,1,-0.218297949066418,0.273641145262611,1,1,-0.0781184520974417,0.247526788379603,1,1
"14",0.357614343012896,0.245794853677133,5,1,1,0.445817175004068,0.209218899079761,0,0,0.419704290308744,0.197241854690308,1,0,0.382917880228025,0.240596089584783,1,1,0.355345540832764,0.232355210017325,1,1
"15",-0.186777794211743,0.222177784194834,9,1,1,-0.293272046988781,0.240327673937655,1,1,-0.305600559725963,0.194609771059051,1,1,-0.203367253298978,0.248293097944836,1,1,-0.256996962086167,0.241295642724382,1,1
"16",0.0137823982099607,0.236538581195087,5,1,1,0.104121378325669,0.235201239530282,1,1,0.113453395328628,0.222387764371328,1,1,0.258544697873624,0.238895976139373,1,1,0.0680105208173453,0.223835157451821,1,1
"17",0.359424240661545,0.25154327195626,17,1,1,0.336687326385735,0.206388018185822,1,1,0.360296878907575,0.219257457553898,1,1,0.368207307461597,0.231380842368284,1,1,0.34759551367474,0.245381431461282,1,1
"18",0.0713000080524742,0.1852821089057,15,1,1,0.0182056004054418,0.221024304665224,1,1,0.0193038074921903,0.225691243196987,1,1,0.0438662345457307,0.270783910420284,1,1,0.112519267139713,0.289144810529026,1,1
"19",-0.33864107197971,0.233800525934287,19,1,1,-0.307467597357583,0.21409211213903,1,1,-0.35822261743315,0.197104939071552,0,1,-0.345112125748479,0.248557818127658,1,1,-0.289732985799654,0.226461081082989,0,1
"20",-0.361036528737318,0.209511229579703,11,0,1,-0.377376348544595,0.182301950939265,0,0,-0.443357554428571,0.193794600473795,0,0,-0.437913667123079,0.21768831456256,1,0,-0.389235285599587,0.244321096883929,1,1
"21",0.184003373867691,0.228635027157236,5,1,1,0.232672595939992,0.194027752022751,1,1,0.197217644286315,0.214244425171257,1,1,0.149844474477846,0.223703712852746,1,1,0.137920558964864,0.235422012572823,1,1
"22",0.240084539802726,0.184639603648469,15,1,1,0.251361793295189,0.199416294994117,1,1,0.266235108311989,0.210570379972322,1,1,0.253870400315377,0.263206249505665,1,1,0.257019274340123,0.266639239344609,1,1
"23",-0.0787110810940958,0.214270467450704,19,1,1,-0.129039572244619,0.200453412861448,1,1,-0.135311710660443,0.218741053486837,1,1,-0.105727526274342,0.284304169069872,1,1,-0.0951721343871741,0.21999529644893,1,1
"24",0.118194908690263,0.175535400742819,11,1,1,0.08488527704488,0.215837398449406,1,1,0.0813433067414914,0.202320386347632,1,1,-0.0324702500827524,0.20566379079799,1,1,0.109165666421401,0.211081925510265,1,1
"25",0.177344069804902,0.179844157100124,9,1,1,0.118486187167163,0.19334188485617,1,1,0.157377934797136,0.189154603395679,1,1,0.146882453655496,0.244712923494425,1,1,0.0875416221417104,0.20144171296078,1,1
"26",0.174465974414776,0.227463662598482,13,1,1,0.31942348405863,0.290620534229586,1,1,0.403939177017789,0.258556213150944,1,1,0.322693698370461,0.300281161750091,1,1,0.138855528441006,0.295688574419886,1,1
"27",-0.21211791106098,0.190137601556587,15,1,1,-0.131760171764331,0.320505282910679,1,1,-0.0835065088851321,0.294911278365047,1,1,-0.109453135304592,0.237876536983648,1,1,-0.0643455619527625,0.256381096869529,1,1
"28",-0.205923064008771,0.212389522736845,15,1,1,-0.294832887410651,0.282778555897062,1,1,-0.268129367007446,0.22732725288949,1,1,-0.195494201072968,0.230267951150513,1,1,-0.250353274263893,0.245455921280801,1,1
"29",0.284455699752826,0.267028344558215,1,1,1,0.0332018984688938,0.231765976669518,1,1,0.0331199329652068,0.221041071052829,1,1,0.326847631419354,0.223354126813871,1,1,0.284455699752826,0.238763848400587,1,1
"30",0.232856279107443,0.220838801236387,17,1,1,0.182344623780045,0.214723619092728,1,1,0.154466749650324,0.198511075108091,1,1,0.158245372664522,0.24476551553085,1,1,0.215608218765843,0.296475340893525,1,1
"31",-0.202278123233375,0.218962217015838,7,1,1,-0.184516339704469,0.216938931387012,1,1,-0.182757605725361,0.195653371695242,1,1,-0.25051879681565,0.23061229226652,1,1,-0.20142495486388,0.24972622926832,1,1
"32",0.168044887514856,0.219530545642962,19,1,1,0.0848825502243416,0.237347082680917,1,1,0.127986087150172,0.256184179492811,1,1,-0.121917427751947,0.281076426799618,1,1,0.162947816162316,0.281188653772203,1,1
"33",0.218190426059297,0.209344332221646,13,1,1,0.256264300871221,0.235639090185663,1,1,0.208806967123448,0.212453231703115,1,1,0.426752553657681,0.23281690121649,1,1,0.204405889507391,0.244818381014643,1,1
"34",-0.75973582636256,0.192260347059658,9,0,0,-0.637221234535147,0.241194860364351,0,0,-0.667270803763701,0.177086342653502,0,0,-0.655861789429367,0.224956259952918,0,0,-0.534668842883728,0.240406057246813,0,0
"35",-0.364624489363255,0.234412446493501,7,1,1,-0.365275989414558,0.227970666986194,1,1,-0.321095410578377,0.220446826535508,1,1,-0.333932391240306,0.258298182374937,1,1,-0.331089302812005,0.275514392537586,1,1
"36",0.367440202561322,0.221308006567238,19,1,1,0.419992997459571,0.181463565308025,0,0,0.396121589246295,0.205573221588056,1,1,0.751329028749507,0.259800620702029,1,1,0.421371747913705,0.250276860765096,1,1
"37",0.0285017998752863,0.237422080307887,19,1,1,0.0763771075877938,0.26412275886852,1,1,0.0223584363855273,0.251018731114755,1,1,-0.0900231771776288,0.28041193015203,1,1,-0.0214820325083664,0.285568277828017,1,1
"38",-0.0348900956396401,0.21766326678687,17,1,1,0.0997761350708822,0.18279903764203,1,1,0.0635395118252098,0.223010593410257,1,1,0.0668351869921904,0.23971934694266,1,1,0.0720938957407392,0.236963325331216,1,1
"39",0.0929691352292597,0.229121766790767,13,1,1,0.26083201046077,0.290270641431854,1,1,0.265888586116961,0.306846705111275,1,1,0.354524810111654,0.305530462169742,1,1,0.145699918753204,0.339659843965913,1,1
"40",-0.0741749085943021,0.257054700529218,17,1,1,-0.10388448762019,0.228791875057163,1,1,-0.0923532331866117,0.215136456773173,1,1,-0.137412989397815,0.246235047950232,1,1,-0.0355216939387141,0.249553506559822,1,1
"41",0.203913622198229,0.253276060930044,17,1,1,0.0260417664696882,0.246017286849635,1,1,0.085772667650741,0.21244627953649,1,1,0.0747709475794011,0.266062979920148,1,1,0.079114094788603,0.286138076239649,1,1
"42",-0.174647627641692,0.19803287039308,5,1,1,-0.159734564783774,0.187762379902098,1,1,-0.166205105757058,0.198438422410815,1,1,-0.260379616592151,0.246315921693632,1,1,-0.127180400932002,0.252096906966283,1,1
"43",-0.215898851331049,0.204369287713158,17,1,1,-0.339666959721494,0.283617164931104,1,1,-0.281456388942768,0.252618435240933,1,1,-0.245627694673144,0.258875115651169,1,1,-0.171695399527153,0.254554305253844,1,1
"44",0.459311104378624,0.252725360102261,19,1,1,0.474249829750558,0.190273936025569,0,0,0.461542295732716,0.209881639672211,0,0,0.398359794182191,0.245065985888114,0,1,0.38417515384948,0.232498119691408,0,1
"45",0.0249909993707795,0.219615354950499,11,1,1,-0.00854807889157893,0.245261479464267,1,1,-0.0291763076968876,0.237742178572271,1,1,-0.0478784781176669,0.254302366440032,1,1,0.0292935156877965,0.265376076989261,1,1
"46",-0.145253391607785,0.189740056165344,11,1,1,-0.0964148831358587,0.18342231336142,1,1,-0.0967115299664607,0.184307595150727,1,1,-0.13340390735504,0.211095907505361,1,1,-0.0953474528778138,0.208970635903586,1,1
"47",-0.204380881906707,0.227004969758982,15,1,1,-0.259485469020668,0.239001514200396,1,1,-0.277292705690493,0.216905528949925,1,1,-0.425803778155414,0.243775307615378,1,1,-0.24527698983923,0.253589735356306,1,1
"48",0.0820486015275595,0.243764098643059,13,1,1,0.129619714504181,0.204103985173018,1,1,0.0825745596075647,0.25017183961976,1,1,-0.258621260276317,0.321087890038339,1,1,-0.00718236013850942,0.252676256973974,1,1
"49",0.150365070874914,0.213358084097369,17,1,1,0.138035354453012,0.203196431738916,1,1,0.133588050105172,0.186837284786283,1,1,0.296185576092102,0.250338931436458,1,1,0.141002477903459,0.225544596799019,1,1
"50",0.401590947189682,0.207426126326369,19,1,1,0.350203970008418,0.21952002632358,1,1,0.367746513717678,0.222816151444017,1,1,0.175066469661019,0.216098161439612,1,1,0.416456056360427,0.243917003248618,1,1
"51",0.309685695451856,0.222275505101659,9,1,1,0.367178988073326,0.190599737753999,1,1,0.324603108391558,0.204098319965559,1,1,0.428207993373339,0.247770009035453,1,1,0.277790137886079,0.243298101134103,1,1
"52",-0.405347449053865,0.230913676714016,7,1,1,-0.27330521654073,0.19851891890297,1,1,-0.327385307522626,0.2582062943487,1,1,-0.345959895237618,0.260371339145069,1,1,-0.141216579111149,0.289401400359267,1,1
"53",0.00478529153636292,0.242498550341372,15,1,1,0.0809876155939071,0.201856137209092,1,1,0.00229091232401118,0.196015863000757,1,1,0.168156766810071,0.308539686984326,1,1,0.0603633117261333,0.304874253218057,1,1
"54",-0.0269375383474548,0.242066699907733,3,1,1,-0.0674376998228221,0.208263366528769,1,1,-0.0584853446828878,0.177292214091971,1,1,0.130525822247951,0.233560624244854,1,1,0.0230769568717779,0.263613423420781,1,1
"55",-0.326336793551306,0.215594013122952,17,1,1,-0.277274671173115,0.226850509347379,1,1,-0.228534772400435,0.25409237249413,1,1,-0.0782639979354423,0.304533670645321,1,1,-0.280239520759925,0.285032596230196,1,1
"56",0.0491229540619198,0.240051069930237,19,1,1,-0.0220758730791483,0.229905565747898,1,1,-0.0350018428415284,0.235856976559307,1,1,-0.13435786090091,0.28796057090626,1,1,-0.0271321585959348,0.302186223396627,1,1
"57",-0.0187983674759735,0.210106104050554,13,1,1,-0.0219653532413488,0.192291859866333,1,1,0.0318338258265525,0.210847559488707,1,1,-0.0632916855893301,0.247770958558196,1,1,0.0463776983623267,0.260803077762356,1,1
"58",-0.0837772267113989,0.269189634858798,17,1,1,-0.161650155867978,0.206244968552099,1,1,-0.124459044538918,0.224700318257064,1,1,-0.1323531483995,0.277112508133078,1,1,-0.175417937181635,0.250126349537734,1,1
"59",-0.457535423555861,0.204870260009508,15,0,0,-0.411958771988061,0.193506940887815,0,0,-0.443867270669268,0.203140920050087,0,0,-0.236849896765633,0.243074461432603,1,1,-0.408850964064321,0.277775778373293,1,1
"60",-0.101073429793371,0.202296350051133,19,1,1,-0.0654978270549698,0.232308275609478,1,1,-0.0954509522937313,0.201111527004211,1,1,-0.0551993788431105,0.27194060480387,1,1,-0.188083508493524,0.224252318213772,1,1
"61",-0.0172629998977822,0.246498751946065,11,1,1,-0.00250393125933556,0.220628661199571,1,1,-0.0792899737478768,0.220230725115703,1,1,0.0858026387824625,0.362825810922967,1,1,-0.0823251520338726,0.374072447791194,1,1
"62",0.295771966092581,0.246338870382839,1,1,1,0.261332486302962,0.198179743471659,1,1,0.297423961907713,0.186267669627824,1,1,0.292484188774966,0.233966492308216,1,1,0.295771966092581,0.255140967604969,1,1
"63",-0.409274228823965,0.217598682910922,9,1,1,-0.562800144146452,0.235268756640439,0,0,-0.503266081057388,0.244552978616087,0,0,-0.525791445569688,0.264961333527167,1,1,-0.440078540167349,0.234605120944203,0,1
"64",0.00487772160441646,0.221982685581004,19,1,1,-0.0224956681183624,0.229533371937651,1,1,-0.0317128864697237,0.223643950442971,1,1,0.057766195965187,0.279407458954888,1,1,0.0916967595194699,0.268067585551015,1,1
"65",-0.000267717179090407,0.22352197524059,17,1,1,-4.06376219255558e-05,0.237787514880026,1,1,0.0400054830166316,0.207837047070561,1,1,-0.224077855498656,0.297439440745171,1,1,0.019211983738236,0.295568793351349,1,1
"66",0.247450065593634,0.241702617595686,17,1,1,0.38212353992772,0.224663927058082,1,1,0.374117640684948,0.220916042470724,1,1,0.424091668732632,0.23448786956953,1,1,0.267394333845855,0.234614529575146,1,1
"67",0.207215124129398,0.235720126640726,3,1,1,0.104769153367272,0.239770588854122,1,1,0.0867037518521438,0.20768010171025,1,1,0.229530651912072,0.284851439527621,1,1,0.181445942490953,0.242040702976658,1,1
"68",-0.0424833975759384,0.214259324770799,17,1,1,-0.0155397996248959,0.216237172316957,1,1,-0.0362134454869082,0.205530095131435,1,1,0.0729110010388089,0.218250586587039,1,1,-0.119481343520946,0.269034989876568,1,1
"69",0.1715649920107,0.232424932515152,15,1,1,0.22978691015629,0.226617257404967,1,1,0.198417268198927,0.254145309269845,1,1,0.0496483361766738,0.306379906759391,1,1,0.170962675349916,0.300740112811113,1,1
"70",-0.161166667717163,0.230159018314394,17,1,1,-0.108460333497173,0.255083135499133,1,1,-0.157498405486068,0.233617886923187,1,1,-0.238075181051911,0.250404434113021,1,1,-0.0655722401755145,0.247221718298579,1,1
"71",-0.0946553571234083,0.215756389358712,17,1,1,-0.0952729810600984,0.229038571402215,1,1,-0.0348516233645079,0.229799879995797,1,1,-0.0794317167934492,0.239486316010169,1,1,-0.0612213210251992,0.215289207258548,1,1
"72",-0.0248177383485335,0.194793158374006,17,1,1,-0.106470769088,0.17104119892448,1,1,-0.115790888920661,0.199286202138799,1,1,-0.208730041331692,0.26075109780183,1,1,-0.0544840733439604,0.269128569596227,1,1
"73",0.304430601634033,0.194976699823685,15,1,1,0.241912962777137,0.162349036716192,1,1,0.207393809970335,0.208459569476941,1,1,0.280792647551282,0.266413900828768,1,1,0.225283690565447,0.267435762809484,1,1
"74",0.0396826583549982,0.234874842742396,7,1,1,0.170926326371514,0.238860547806926,1,1,0.200822165594181,0.248762260391422,1,1,0.30237153807067,0.255619921608189,1,1,0.110299940694692,0.233743588313083,1,1
"75",-0.179631247731186,0.222639379560826,15,1,1,-0.139176492512091,0.21568106999719,1,1,-0.214020506951628,0.223207786306066,1,1,-0.339471627428362,0.304671957848176,1,1,-0.233857729743919,0.28951600837729,1,1
"76",-0.241746746226531,0.246948895106488,9,1,1,-0.135896425593284,0.207618694857846,1,1,-0.138410673022556,0.226846511745268,1,1,-0.179596492731926,0.271778345236912,1,1,-0.0408644787069079,0.272273844154908,1,1
"77",-0.222618797510766,0.241901880033278,9,1,1,-0.143983607120801,0.239269465417101,1,1,-0.187086349398463,0.219200506114656,1,1,0.147873520139996,0.25032405787264,1,1,-0.23084866271551,0.237610592647868,1,1
"78",-0.158776629693008,0.237671329394435,15,1,1,-0.0601728760095279,0.229470188488612,1,1,-0.0707126203432452,0.242438837366469,1,1,-0.1536776931705,0.309294397363154,1,1,-0.0553855244221178,0.271681481170405,1,1
"79",-0.129106968828428,0.200798709919391,17,1,1,-0.0849395567424894,0.21242531484249,1,1,-0.0766375692550342,0.190926316407013,1,1,0.0710830018749056,0.223937728991336,1,1,-0.0913375624533564,0.240045843453528,1,1
"80",0.240750432555636,0.233238379919305,3,1,1,0.189143275981758,0.181763292370699,1,1,0.171731031892486,0.211895377174182,1,1,0.389659860316238,0.231822615341595,1,1,0.269534847009003,0.242591121552795,1,1
"81",0.00365068270745781,0.219089705251372,3,1,1,0.126638991703441,0.209431603773396,1,1,0.122751838394406,0.198341335489753,1,1,0.0185431101418925,0.249491134795437,1,1,0.0730455060700509,0.198837537940286,1,1
"82",-0.373293240732343,0.210606880796976,17,0,1,-0.320699341816399,0.236841383971227,1,1,-0.234471016802415,0.21318405070277,1,1,-0.277880741106305,0.249140729956073,1,1,-0.323060371102901,0.309838227046822,1,1
"83",0.342743919394176,0.185602899174042,9,0,1,0.375983784299877,0.184014440871711,0,0,0.347701842870966,0.187181519430272,1,1,0.176105104111277,0.219373386393541,1,1,0.341341051584229,0.245040674087889,1,1
"84",0.0114732150249332,0.235408372613876,13,1,1,0.0893349913577305,0.213250178161181,1,1,0.0471350998827204,0.236751415774709,1,1,0.0952660657793863,0.308516838581913,1,1,-0.0266303046342993,0.32269313790716,1,1
"85",0.15899501619259,0.253033841036322,5,1,1,0.0866586050341132,0.196800132264587,1,1,0.0709749207065342,0.196572677294684,1,1,0.146347649397285,0.250043164940159,1,1,0.115114578980514,0.272135667456022,1,1
"86",0.15819538807,0.22046216109086,17,1,1,0.198439120876523,0.197050530314027,1,1,0.232181058567149,0.209563358210283,1,1,0.161936108891668,0.253542568847098,1,1,0.192980829164292,0.272238799671864,1,1
"87",-0.17175819519678,0.234482760076417,17,1,1,-0.0877160817539697,0.201769993152646,1,1,-0.126675889132485,0.222327961755689,1,1,-0.0698193110925143,0.257925039845426,1,1,-0.131164851887127,0.217720686749657,1,1
"88",-0.396892662814862,0.207698340682306,9,0,1,-0.374900230542458,0.205175874200974,1,1,-0.267087626962608,0.218580937164798,1,1,-0.569736335205199,0.25713929542873,1,1,-0.391435752068224,0.206976503479038,1,1
"89",-0.0444286869336829,0.219933586210664,19,1,1,-0.161363503825881,0.202620539993336,1,1,-0.140330807748465,0.183140556163964,1,1,0.214116674291611,0.222777452323559,1,1,-0.0268454838144681,0.217567728822192,1,1
"90",-0.162196096256659,0.189154976557135,9,1,1,-0.134720387299718,0.204028713083194,1,1,-0.158672146114977,0.206732761299738,1,1,-0.0797258755453772,0.236093844209949,1,1,-0.068065704174144,0.237197493069095,1,1
"91",-0.339335114023193,0.253810105799049,3,1,1,-0.1408164274551,0.232272105173765,1,1,-0.130459269239972,0.214618860123106,1,1,-0.255373199108671,0.218429663109018,1,1,-0.227859496183832,0.241953379344687,1,1
"92",0.352624155020386,0.215353120707748,13,1,1,0.464489101800567,0.231587551632448,0,0,0.434990901610776,0.221386521649684,0,0,0.521014315739695,0.261819745580264,1,1,0.412503816623721,0.266565343077278,1,1
"93",0.26629229999211,0.206013894040713,15,1,1,0.294815369477162,0.208991733172061,1,1,0.357458899407345,0.236587210336335,1,1,0.10819178130825,0.266346417671514,1,1,0.26438924967013,0.270617345118399,1,1
"94",-0.0369947871601171,0.231034962069719,9,1,1,-0.164879009649694,0.231562396802089,1,1,-0.202981193880113,0.206793631491079,1,1,-0.185624636418945,0.251183694780122,1,1,-0.145756375296704,0.212626720592439,1,1
"95",-0.103597475085916,0.289501107968887,1,1,1,-0.290907137549547,0.254234965072399,1,1,-0.281983825380429,0.191653707240738,1,1,-0.0995710951451785,0.292252789071332,1,1,-0.103597475085916,0.290449996158053,1,1
"96",-0.154789255805996,0.208407378593656,15,1,1,-0.0898884318520051,0.193365044115033,1,1,-0.108616003163747,0.217206045039886,1,1,0.318772305415282,0.270551818817533,1,1,-0.142085395308637,0.324363304946505,1,1
"97",0.0786634861078954,0.248060449975389,11,1,1,0.0796299788408466,0.199321547031201,1,1,0.105587383110201,0.197009746298522,1,1,0.0604793841922526,0.230569314897218,1,1,0.0396013164343283,0.2281813245165,1,1
"98",-0.0394938093022376,0.214781973864812,7,1,1,-0.112737966234637,0.177122149635158,1,1,-0.0919256086410319,0.172681483243891,1,1,-0.0879715535765221,0.216683193016061,1,1,-0.070386721948448,0.238461118542691,1,1
"99",-0.167041658797017,0.232455031223458,13,1,1,-0.145052297233016,0.225165588955008,1,1,-0.197216252687981,0.192474921484935,1,1,-0.404896682139138,0.313003970666846,1,1,-0.162941298075459,0.24950300046418,1,1
"100",0.0374524751240098,0.203929343457103,15,1,1,0.128844012982148,0.253930571130719,1,1,0.104792603527577,0.204068184906378,1,1,0.109266595312137,0.261152630872378,1,1,0.0351727484047706,0.280767237051859,1,1
