"","V1","V2","V3","V4","V5","V6","V7","V8","V9","V10","V11","V12","V13","V14","V15","V16","V17","V18","V19","V20","V21"
"1",0.10933663392395,0.246844489529837,7,1,1,0.313688324317957,0.188121200852049,1,1,0.0427257706468057,0.207608737560478,1,1,0.371388261004352,0.210148166347626,1,1,0.0661943957434249,0.250526608219989,1,1
"2",-0.0380843116817087,0.196079653456541,15,1,1,0.306992459427233,0.217803857373796,1,1,-0.0153857854616533,0.204489888425421,1,1,0.279735512387825,0.209878484200157,1,1,-0.077375996248984,0.229629123022254,1,1
"3",0.0816489795347171,0.232226364412719,15,1,1,0.361520923382606,0.186954394895489,1,1,0.114909400121308,0.200413333352379,1,1,0.136687513670469,0.219299937548789,0,1,0.0881739241135621,0.239349592061983,1,1
"4",-0.238453855327975,0.266819146487068,3,1,1,0.0410101897916682,0.235702044590686,1,1,-0.220616461949588,0.221705293340799,1,1,0.0023362908604701,0.240942549453707,1,1,-0.197905511750068,0.252649929863843,1,1
"5",-0.0211580367873078,0.251649395747338,7,1,1,0.252290734668287,0.236340536601996,1,1,-0.0332931582119833,0.237287277311633,1,1,0.336297548491099,0.300331819625847,1,1,-0.0358608969454582,0.262143311291187,1,1
"6",-0.285650282895653,0.231956771621143,19,1,1,0.0845098192144128,0.184785443261568,1,1,-0.280928967230092,0.235950438151869,1,1,0.0814450502567907,0.233419697303956,1,1,-0.273642421105985,0.248821830272851,1,1
"7",0.101228186695882,0.204488649397169,15,1,1,0.428029471149078,0.186609380914732,0,0,0.00854249293445124,0.214736752817046,1,1,0.40878261310635,0.24521658728892,0,1,0.0320747360771675,0.24737447206759,1,1
"8",-0.104484791331442,0.226796836628795,17,1,1,0.400067827756856,0.203881367011649,0,0,-0.0821660603673791,0.195988481259967,1,1,-0.0296103872309599,0.246242336553372,1,1,-0.135308421482909,0.276754718970552,1,1
"9",-0.309980242410849,0.21434419733938,19,1,1,0.109503245607264,0.200181176134449,1,1,-0.288674496335502,0.209252812486383,1,1,0.0343341323642622,0.262914354665646,1,1,-0.247209309473346,0.238929384843265,1,1
"10",-0.116177901789557,0.22454190640174,19,1,1,0.12306858543202,0.238247685287041,1,1,-0.0856600496741228,0.262049153674021,1,1,0.0827898174875445,0.256833790818327,1,1,-0.100479342196591,0.288255663283768,1,1
"11",0.327590658308801,0.223932820312752,7,1,1,0.71227988807598,0.187998444395284,0,0,0.384747216956009,0.192785575091529,0,0,0.857545489528543,0.252558856846581,0,1,0.411521053023542,0.215044528335537,0,1
"12",0.00571038643477215,0.214157532121452,13,1,1,0.283306877068483,0.196156719843881,1,1,0.0344472440831204,0.205044807860764,1,1,0.198488955649827,0.216657690161976,1,1,0.0682112707303775,0.223590419446437,1,1
"13",0.17221243500534,0.241564804448657,5,1,1,0.445205555219301,0.228622971224005,0,1,0.126146862764181,0.221803177602675,1,1,0.610138088865177,0.203903292641152,0,1,0.185941309040411,0.22051175497975,1,1
"14",0.164155247529932,0.195879429720043,15,1,1,0.411560797157653,0.186492972793257,0,0,0.160247143729371,0.207033721476048,1,1,0.693671384591025,0.233936147522453,1,1,0.217878902320813,0.198988172423925,1,1
"15",0.0284476273219203,0.245211927818169,17,1,1,0.388621843893855,0.227955876790437,1,1,0.0752417855910169,0.220216099654971,1,1,0.513855872139038,0.229750961956726,1,1,0.00494945515834242,0.24143552018369,1,1
"16",0.306523054094417,0.244842257822982,9,1,1,0.523451564184877,0.239358851218116,0,0,0.287150555089455,0.212495084026934,1,1,0.468161111385731,0.288367425311061,0,1,0.285193563574791,0.30574585712474,1,1
"17",0.0904051278074605,0.252006225086674,11,1,1,0.34825883351046,0.203885794442693,0,1,0.057274104904257,0.263368838331704,1,1,0.698979313597511,0.234385151615844,1,1,0.0486023636327271,0.239026482375323,1,1
"18",0.364051829396219,0.205745663689874,11,1,1,0.586117802078269,0.192424595327272,0,0,0.319548143674055,0.202819909973663,1,1,0.699484146870577,0.219604463758666,0,1,0.422401759032546,0.235360558984521,1,1
"19",-0.154098144110824,0.248855565828931,13,1,1,0.107811781194563,0.216271387177972,1,1,-0.221492860123427,0.208289490889871,1,1,-0.0672584498147654,0.257802951755412,1,1,-0.159179688315544,0.274472799175282,1,1
"20",-0.0666521236376345,0.218937688150472,3,1,1,0.305286198939089,0.201022241339752,1,1,-0.142113257331944,0.179533123197612,1,1,0.339881630957323,0.206064657720131,1,1,-0.153320713327073,0.228016403878203,1,1
"21",0.263661839955493,0.193093693746356,15,1,1,0.63402705039199,0.177244202573488,0,0,0.309140535034649,0.194296729497694,1,1,0.608286071330624,0.189707700747426,0,1,0.320459428135199,0.23380186425392,1,1
"22",0.0955215136052268,0.228596580541483,5,1,1,0.430626197478852,0.210991041423405,0,0,0.0967532402106512,0.222742961400711,1,1,0.452944617088876,0.177359260365809,0,1,0.084622359035704,0.234359382499426,1,1
"23",0.412968862045421,0.258864107118117,5,1,1,0.730341413889065,0.204434626965402,0,0,0.441480549936543,0.21647189969412,0,0,0.74871979954359,0.217281799848248,0,0,0.382327879972413,0.256355915043378,1,1
"24",0.220793373897481,0.21636890160934,5,1,1,0.49719342738755,0.2083350451291,0,0,0.22144883138527,0.195185836528656,1,1,0.575707290447747,0.247934304287649,1,1,0.206381189414485,0.25757127104781,1,1
"25",-0.0388435399436539,0.224946184406376,19,1,1,0.474464611050126,0.218512104977121,0,0,0.0485634920926365,0.222259842528037,1,1,0.467903730938054,0.20653191138314,0,1,0.00510437423056899,0.292783648938633,1,1
"26",-0.337784345861274,0.252330128291221,5,1,1,-0.0336287031165974,0.200548293070341,1,1,-0.410863075696284,0.208101850965089,0,0,0.031517832594075,0.230098699508731,1,1,-0.391201255168124,0.287053593966847,1,1
"27",0.529143980877145,0.241243249377775,3,0,0,0.712433310226049,0.194420698034194,0,0,0.487481374617071,0.186505041946604,0,0,0.781019371519075,0.235843773231014,0,0,0.477721900064368,0.264661216435692,0,1
"28",0.203147972785037,0.233902993984934,5,1,1,0.53173579590795,0.212815964113823,0,0,0.184869886119917,0.199438323084144,1,1,0.644235246035914,0.258354043439414,0,1,0.191294428448162,0.250888056974231,1,1
"29",-0.0709401771846592,0.245227909068727,19,1,1,0.36401529028893,0.180907057788653,1,0,-0.00599003393910135,0.209000497225749,1,1,0.3765554999823,0.247687597025635,1,1,-0.0274000921960224,0.198847908933632,1,1
"30",0.0583449787463653,0.217839180579269,9,1,1,0.421889014089201,0.216456357417897,1,1,0.0655502909133996,0.221047214476453,1,1,0.5673355114072,0.236937267211341,1,1,0.0485012633430598,0.27911891304322,1,1
"31",-0.0713985981847484,0.197732064419657,17,1,1,0.286484053825297,0.207892926283763,1,1,-0.163477159885875,0.222439062142102,1,1,0.49693578971782,0.212523056185619,1,1,-0.140825663614214,0.244565543126403,1,1
"32",-0.206717447466264,0.269579533163899,3,1,1,0.0298224885246123,0.196063028476805,1,1,-0.367026807579629,0.220920049744299,0,1,0.085899221973516,0.233626010196833,1,1,-0.375841203771908,0.278109349595699,1,1
"33",-0.295274151673552,0.254147875351977,1,1,1,0.182221104391409,0.202241107396178,1,1,-0.231901071534974,0.221280387272186,1,1,0.120970899159667,0.201159663299954,1,1,-0.295274151673552,0.262300761911877,1,1
"34",0.461026216409188,0.220601987996319,11,1,0,0.632862111128105,0.211330118197465,0,0,0.458416384201851,0.211767317976589,1,0,0.520506994051518,0.24504721860748,0,1,0.428766208571273,0.249438884765286,1,1
"35",0.256386621668924,0.235776011302509,13,1,1,0.504742961624233,0.197929201759707,0,0,0.31755266527435,0.244832360456542,1,1,0.387228859545243,0.282310734406567,1,1,0.251133183915487,0.29338837133139,1,1
"36",0.114332657799518,0.235866472897938,7,1,1,0.536159424003929,0.188769115989564,0,0,0.113177038244046,0.222094411318472,1,1,0.506353564880826,0.221601943297701,0,1,0.0493905436400496,0.238903443962193,1,1
"37",0.359326435307354,0.240695359550829,13,1,1,0.564572737813859,0.220297543931731,0,0,0.327633174186691,0.202044438919718,1,1,0.71699525461024,0.255091723915557,0,1,0.334158295128372,0.247005991071938,1,1
"38",0.0747205449809946,0.211981959138868,13,1,1,0.384060221196148,0.18213936807906,0,0,0.0892740045077989,0.229258682443638,1,1,0.234519389701906,0.241739677685547,1,1,0.229002818139789,0.255809410955603,1,1
"39",-0.0878086789003291,0.206397854495469,13,1,1,0.166572060951186,0.179900806306926,1,1,-0.113730059096786,0.172524186453835,1,1,0.266530853990006,0.190140757296359,1,1,-0.156939785590198,0.194722305441328,1,1
"40",-0.0357677125672554,0.222233105601329,13,1,1,0.14832920219901,0.208418919276381,1,1,-0.0409655056166871,0.189628749189821,1,1,0.125646951073467,0.236170595903026,1,1,-0.0327785308484458,0.229114837536414,1,1
"41",-0.0718909193187621,0.235797583282151,9,1,1,0.222408210316425,0.176900734060835,1,1,-0.0534932696929871,0.205273969665204,1,1,0.117204312448066,0.227680359995617,1,1,-0.0550196302550029,0.21135459608888,1,1
"42",0.0975635972841233,0.235897080673107,1,1,1,0.24658592644677,0.210974116955942,1,1,-0.046344717537765,0.215358369886485,1,1,0.363833572121601,0.232755659920818,1,1,0.0975635972841233,0.280393672416522,1,1
"43",-0.355921644522776,0.227306444004941,5,1,1,0.0055738891745616,0.186912035874633,1,1,-0.269918588942593,0.208199812562213,1,1,-0.128380518314353,0.270182516583759,1,1,-0.285778866806227,0.25613097317925,1,1
"44",-0.221422333891912,0.230531778773756,9,1,1,0.0254503998614057,0.209654818279649,1,1,-0.270395269514702,0.207681701796024,1,1,-0.115765361121494,0.268613575777257,1,1,-0.271294107581128,0.212672503895874,1,1
"45",-0.240564770954584,0.236618548559903,13,1,1,0.0957348284092295,0.213749328573615,1,1,-0.244131093059634,0.210846949479455,1,1,0.120343998103189,0.240295855745813,1,1,-0.256279651295492,0.242077876087787,1,1
"46",-0.0400234331976563,0.215177878276269,3,1,1,0.366846273403544,0.199144873783766,0,1,0.0154875696165056,0.215743738893772,1,1,0.329693114995451,0.226244318028369,1,1,0.0144945632911493,0.219691376697522,1,1
"47",0.323751002648818,0.224458624491242,19,1,1,0.652032589528193,0.203546812558969,0,0,0.357755355243868,0.224591845491974,1,1,0.567009752897298,0.227745226090221,0,1,0.355977547578224,0.254283431014633,1,1
"48",-0.0499042008464392,0.200946116937682,19,1,1,0.282133418148372,0.200359003837553,1,1,0.0100150805373871,0.207859715120662,1,1,0.402953563101352,0.218873875741986,1,1,-0.097120638717796,0.246613835481539,1,1
"49",-0.520785477220437,0.233746927813937,9,1,0,-0.0591983565236513,0.208441914308694,1,1,-0.425238781309165,0.226036308011329,1,1,-0.126035362334141,0.252622854904082,1,1,-0.414088753542425,0.267915620305122,1,1
"50",0.0417406552022718,0.21770423475522,11,1,1,0.385028199416189,0.184428296900941,0,0,0.0491486554448626,0.180860465080149,1,1,0.271418450630724,0.217542298411589,1,1,0.0664871683452341,0.216564098403281,1,1
"51",-0.201126780123954,0.258139796321079,3,1,1,0.175624436322806,0.207067761411242,1,1,-0.15941183701029,0.192400973105266,1,1,0.0497826080337978,0.257128835513348,1,1,-0.148105702250147,0.242559761815682,1,1
"52",0.0800364631545623,0.220335611837609,9,1,1,0.326425440406919,0.225445650446254,1,1,0.0768908859031581,0.202342474319179,1,1,0.266945654093061,0.2276035078847,1,1,0.136001881214134,0.227146423512563,1,1
"53",-0.0660854339406655,0.218585172985132,3,1,1,0.346075732543902,0.216321014586595,1,1,-0.0551034048030902,0.198580216352354,1,1,0.464663971209394,0.226931534009823,1,1,-0.0292599052745169,0.252272565436151,1,1
"54",0.167860680366861,0.234177050728525,7,1,1,0.47661138514126,0.223322602042205,0,0,0.0836389746447472,0.21596252703296,1,1,0.419461406686428,0.260183784704949,0,1,0.0266201460015044,0.239604882948985,1,1
"55",0.0409346852413498,0.226737031403816,5,1,1,0.523339037172331,0.184199593883906,0,0,0.0519540813888023,0.215218638275612,1,1,0.510291934383006,0.201565194561594,0,1,0.00679842216148269,0.24206647032413,1,1
"56",-0.199105077725512,0.178451250008887,9,1,1,0.0561010531158024,0.174627345468368,1,1,-0.178403603459165,0.209342069442174,1,1,0.0369447790053205,0.245705852425753,1,1,-0.071174228218787,0.230275917388113,1,1
"57",0.274072059045145,0.242798637119194,11,1,1,0.434903091427867,0.226066822231829,0,1,0.147403991265206,0.228356405369742,1,1,0.491163758417552,0.244052022992517,0,1,0.220506532618662,0.231258976738966,1,1
"58",0.022461733947407,0.181773076208933,11,1,1,0.381575990060534,0.172380857327118,1,0,0.0287816536738816,0.203960322497854,1,1,0.41526160974788,0.260994241215927,1,1,0.0238202185481062,0.237343768049008,1,1
"59",-0.00287723637204304,0.235636743571587,7,1,1,0.302760840555538,0.215566639423248,1,1,-0.00614043083765468,0.191356163071257,1,1,0.3518957059864,0.216855492461146,1,1,-0.0248682491076662,0.237785878471985,1,1
"60",-0.2033641730608,0.205241392012767,17,1,1,0.123085800328785,0.184438847789513,1,1,-0.232078088975465,0.202346359363875,1,1,0.0984132431095149,0.211746094990946,1,1,-0.205942414568564,0.255965360160356,1,1
"61",-0.28984488596453,0.20061791576717,17,1,1,0.0214090660945713,0.17637187289738,1,1,-0.290888923875767,0.186651532031577,1,1,0.0341517981244282,0.23952140826756,1,1,-0.290386498143877,0.206613457060097,1,1
"62",-0.137242356517531,0.242364230380107,13,1,1,0.261107017155122,0.194746492704916,1,1,-0.154945107807749,0.213742348847381,1,1,0.40410060959992,0.266572683032132,1,1,-0.10926065841924,0.242250239977579,1,1
"63",0.466093971428492,0.264886475857655,1,1,1,0.421552278769787,0.223794039157521,0,1,0.227992568623651,0.210513138162145,1,1,0.620188798377126,0.257085657232409,1,1,0.466093971428492,0.242392999182905,1,1
"64",-0.0379354935703869,0.194668039294934,11,1,1,0.319756850401975,0.196259271118124,1,1,-0.0201631870091061,0.182448405970323,1,1,0.190374565981401,0.242352822822036,1,1,-0.0463891436111873,0.226892486742038,1,1
"65",-0.0952727291013149,0.220509877560273,13,1,1,0.252111907130323,0.176318296206556,1,1,-0.0590013504721066,0.19475614230142,1,1,0.148518058334432,0.200228726421713,1,1,-0.0566182160829076,0.251604657972876,1,1
"66",0.215537498445399,0.252370638604247,11,1,1,0.554124739979184,0.200022575096337,0,0,0.123770210324954,0.246855134800305,1,1,0.493067117268097,0.264981255894603,1,1,0.104750267837782,0.289209837638912,1,1
"67",0.259016060194487,0.225854344261546,19,1,1,0.456753840505176,0.190281378579716,0,0,0.32249861493191,0.215343255303613,1,1,0.468685643679962,0.269221473355293,0,1,0.28781464464002,0.304154512948149,1,1
"68",0.0555129373695168,0.218934969827211,17,1,1,0.481442837601452,0.183746519795185,0,0,0.157163433870514,0.243961947137475,1,1,0.302254923140202,0.222978001329813,0,1,0.121375668097416,0.24120784946655,1,1
"69",-0.231190889508205,0.245430883358751,13,1,1,0.0263077289077318,0.232650895279752,1,1,-0.245549719432079,0.208709170866953,1,1,0.0497559606531601,0.25091350711054,1,1,-0.220009124740277,0.230341494335758,1,1
"70",0.458889716741297,0.233531537776741,9,1,0,0.768134819195279,0.179788559060684,0,0,0.472055118440059,0.245582358623442,0,1,0.660624441400882,0.235530318923657,0,0,0.42758021625047,0.2453753762812,1,1
"71",0.0892378878313699,0.231350308846476,1,1,1,0.494232072979537,0.178987983778482,0,0,0.299744955151396,0.195482236884929,1,1,0.2404636634802,0.245964748166035,0,1,0.0892378878313699,0.220269541908363,1,1
"72",0.026032595187667,0.21889241430472,1,1,1,0.36213321836067,0.199046755187038,0,1,0.0468465190729795,0.204724122057454,1,1,0.334563901061386,0.238570334825532,1,1,0.026032595187667,0.232098600747078,1,1
"73",-0.38698764115272,0.197920560323671,15,1,1,0.0131258783166837,0.169470367459356,1,1,-0.36458249444763,0.207961265584979,1,1,-0.00880949478533194,0.213661296595728,1,1,-0.276023267947995,0.215259269516909,0,1
"74",-0.106890428259127,0.184395233882583,19,1,1,0.230778373507415,0.199298450768879,1,1,-0.110821128932378,0.213347380631031,1,1,0.299010121070904,0.210452235512491,1,1,-0.0914793900191968,0.218712364495783,1,1
"75",0.378277643018627,0.210925618403722,15,1,1,0.600695371856923,0.200426769391763,0,0,0.379784938684528,0.213678750568101,1,1,0.50140178157866,0.261188082284982,0,1,0.416309686601335,0.265850851245108,1,1
"76",-0.199871361267378,0.202901513715403,11,1,1,0.244587458364199,0.193539093677984,1,1,-0.180746177311733,0.209950697246224,1,1,0.250650728852734,0.216250573467227,1,1,-0.168340314534353,0.264491658126225,1,1
"77",-0.015602993398577,0.20756241223784,9,1,1,0.363126465463662,0.203753863951859,0,1,0.0353898680355385,0.168275278031868,1,1,0.255785129486383,0.269828482347637,1,1,-0.0574119837845182,0.24727381015405,1,1
"78",-0.199303471246124,0.230970076707582,15,1,1,0.0747745430373135,0.186680370924739,1,1,-0.25810254025504,0.226998776443537,1,1,-0.0936829269401904,0.235820179470842,1,1,-0.241937889634668,0.263595016561846,1,1
"79",-0.0379133864225771,0.189831736197041,15,1,1,0.314693925688364,0.227259423546206,1,1,-0.0138455054165352,0.201562738894838,1,1,0.342121677170782,0.215733308658464,1,1,-0.106118133679076,0.244950469987734,1,1
"80",0.18607417988313,0.214570231003778,11,1,1,0.54194903771784,0.177515370035854,0,0,0.244429147142979,0.206127414942794,1,1,0.535406778941282,0.235448816553529,0,1,0.275346840948323,0.236190983307396,1,1
"81",-0.254375046002257,0.227338782324746,9,1,1,0.167216081130257,0.207508066583646,1,1,-0.207497966654046,0.252815846642327,1,1,0.0767161041312189,0.255764275574615,1,1,-0.190224060435504,0.229379448071348,1,1
"82",0.0891912594462819,0.223428921161717,17,1,1,0.37311841707217,0.208622601491619,1,1,0.0636012677144498,0.213966236865462,1,1,0.135937290067054,0.23911562010876,1,1,0.0612225794690215,0.24064118649799,1,1
"83",0.06492888332159,0.230009593123395,5,1,1,0.38995361824156,0.186209642692002,0,0,0.17115770143019,0.191961373701091,1,1,0.312561141828924,0.241165396313831,1,1,0.163858213145737,0.220163410343117,1,1
"84",0.119037875580599,0.264054895004741,13,1,1,0.554964767925066,0.203312355933105,0,0,0.159525741543371,0.210671386874061,1,1,0.61607303280241,0.238745943098722,0,1,0.177017998010157,0.249883031338425,1,1
"85",0.141652861827943,0.215687041017865,7,1,1,0.492506013243924,0.218157660333831,0,0,0.172313283570614,0.212289330703006,1,1,0.502279580550685,0.248896171674029,0,1,0.159769327099991,0.196215935447324,1,1
"86",-0.0749500568992946,0.225720941526301,15,1,1,0.232951692570396,0.203409808740347,1,1,-0.0581124183268923,0.224766355332205,1,1,0.126397141028513,0.264226413050937,1,1,0.0346215412953538,0.27836440158791,1,1
"87",-0.0519080705298417,0.219512443707135,15,1,1,0.269117910447468,0.21854417532569,1,1,-0.0247440501971099,0.243164399290091,1,1,0.17260763579435,0.253464281106004,1,1,-0.0310678148821167,0.259607105373009,1,1
"88",-0.129680038099855,0.195621881042601,19,1,1,0.245721448017806,0.196760509182805,1,1,-0.12781765620051,0.195581895674234,1,1,0.19265411285448,0.230755451757622,1,1,-0.114319699990888,0.228279425273918,1,1
"89",0.205990152132597,0.190316115877141,17,1,1,0.391690091097814,0.194024236339848,1,0,0.1749846950792,0.183174066425244,1,1,0.619211795775791,0.257144475933888,1,1,0.2322011482238,0.23867132491695,1,1
"90",-0.330940961165809,0.238198037546859,9,1,1,0.0151392248573673,0.216298661405744,1,1,-0.267414315204621,0.222546301777637,1,1,0.125800652845929,0.216477575633979,1,1,-0.319498944734583,0.229677047229611,1,1
"91",0.0357405438125076,0.225935496319648,13,1,1,0.367490980518645,0.230004656692176,1,1,-0.00664320885764451,0.219567262943618,1,1,0.321543594457276,0.223755202792188,0,1,-0.0296272726370888,0.254950627401934,1,1
"92",-0.115693560378387,0.194803157947162,15,1,1,0.159180941418671,0.193588868446925,1,1,-0.0702008723819039,0.171473519708135,1,1,0.215259921331591,0.222253926631202,1,1,-0.0980476895051331,0.223728389658241,1,1
"93",-0.16887835245101,0.177600293880786,17,1,1,0.0683255125785364,0.188066558619993,1,1,-0.151116449643645,0.187906433281385,1,1,0.189934187666868,0.224113984947511,1,1,-0.13215800363067,0.231965554196207,1,1
"94",-0.306367909004405,0.210365271456825,9,1,1,-0.100404278881721,0.216279679250366,1,1,-0.334439777984063,0.195025872637943,1,1,-0.00593126097847446,0.218701280589028,1,1,-0.323612017951809,0.256193961385675,1,1
"95",-0.0640308304446181,0.221118105380059,17,1,1,0.260741429619126,0.157558236202871,1,1,-0.0768236530922417,0.204965718654715,1,1,0.420460551352482,0.22580453484321,1,1,-0.0839390702720359,0.271927846475932,1,1
"96",-0.112292026715561,0.223117352236639,7,1,1,0.173877591096848,0.211607393728791,1,1,-0.0316662145871219,0.209308696369828,1,1,0.219902979641434,0.248163528114333,1,1,0.0106922127511016,0.300162589195076,1,1
"97",-0.0285452515328815,0.237476602885205,5,1,1,0.270156364430233,0.205979869410268,1,1,-0.0067060512389183,0.195214583923082,1,1,0.337445221528221,0.221964799423839,1,1,0.0132159012830317,0.274115489181373,1,1
"98",0.334656758500689,0.244355214039507,9,1,1,0.708402963653033,0.215408485326453,0,0,0.425861872057148,0.226077823503218,0,1,0.492328104991013,0.212063252319033,0,0,0.373221911800369,0.256469627213423,1,1
"99",0.0718723326849081,0.231316105920713,15,1,1,0.530715636692148,0.205950082206963,0,0,0.184310891747705,0.230845726092341,1,1,0.443178829614244,0.23872489825165,0,1,0.0737145752315311,0.261975849438227,1,1
"100",-0.396362833448992,0.213706726227353,3,1,1,0.0797760426527745,0.19741961348962,1,1,-0.259666179807521,0.219463209833503,1,1,0.0317186555259436,0.191944918705184,1,1,-0.327790490542793,0.21782765438791,1,1
