"","V1","V2","V3","V4","V5","V6","V7","V8","V9","V10","V11","V12","V13","V14","V15","V16","V17","V18","V19","V20","V21"
"1",0.305256037942443,0.225205562288474,7,1,1,0.319607251168841,0.202081096919989,1,1,0.32743599803015,0.209045022916921,1,1,0.411744159772309,0.210440521954535,1,1,1,1,1,1
"2",0.76483076261644,0.204013369615626,9,0,0,0.807028043370302,0.221629795560287,0,0,0.817789085746328,0.234009013952883,0,0,0.832372039913727,0.233612309089707,0,0,1,1,1,1
"3",0.270469199889635,0.217141299979904,11,1,1,0.268543861135923,0.210252652196985,1,1,0.281599115348214,0.211558234559505,1,1,0.117937819743365,0.227761463069042,1,1,1,1,1,1
"4",0.64980282655017,0.23005059476545,5,0,0,0.600633220018407,0.225090500469196,0,0,0.589247354431741,0.199661751505305,0,0,0.469295352859901,0.256849962325296,0,0,1,1,1,1
"5",0.724105045639981,0.207112476332586,7,0,0,0.645251702242125,0.189709938434311,0,0,0.631837207208085,0.225925171220216,0,0,0.644620384390585,0.234717980035296,0,0,1,1,1,1
"6",-0.260707864559529,0.21505308859528,13,1,1,-0.183763749724194,0.197078112301723,1,1,-0.196281008891462,0.220628179452797,1,1,-0.246956033522773,0.23215279493177,1,1,1,1,1,1
"7",-0.0537166199716089,0.209287565010632,9,1,1,-0.0345118487457402,0.175856841021267,1,1,-0.0474142907389835,0.219616037989549,1,1,0.0577240711655726,0.259643832911505,1,1,1,1,1,1
"8",0.445918516229836,0.240853361185633,19,0,1,0.454808993218106,0.17136536281924,0,0,0.475438683830134,0.173742852538977,0,0,0.465881077215089,0.238237530563871,0,0,1,1,1,1
"9",0.139742132677393,0.19994482147048,15,1,1,0.0993362708877191,0.205202556041412,1,1,0.10157392490362,0.177856140040269,1,1,0.155215350198148,0.228747843775025,1,1,1,1,1,1
"10",0.355856369305764,0.207612884700754,15,1,1,0.359349660505519,0.176432821110752,1,0,0.350233164791052,0.195309624303873,1,1,0.415338201566028,0.251181178626883,0,1,1,1,1,1
"11",0.369420998761118,0.234325775042972,9,1,1,0.394776499303467,0.187353708427954,0,0,0.377241435109139,0.169904685674932,1,0,0.572924132757328,0.250056375127789,1,1,1,1,1,1
"12",0.0256396893954958,0.233023376931189,5,1,1,-0.0245745630632753,0.221065289274666,1,1,-0.0230055053734806,0.202640488886428,1,1,-0.0513501437447701,0.246773730347902,1,1,1,1,1,1
"13",0.493244972911827,0.203144984097537,13,0,0,0.450691038667067,0.210177104296216,0,0,0.447363264755653,0.238162053555399,1,1,0.412320549641864,0.261338461866918,1,1,1,1,1,1
"14",0.562409244547629,0.21265175414061,15,0,0,0.548573759350768,0.204723758885584,0,0,0.555635258956006,0.190894001239219,0,0,0.575556061523822,0.240318744749754,0,0,1,1,1,1
"15",0.0417438999155209,0.22512151342865,1,1,1,0.214106789117757,0.215822856302238,1,1,0.221323430054857,0.205009382408677,1,1,-0.0321159631502958,0.235926815080235,1,1,1,1,1,1
"16",0.577041163764472,0.187255791925387,11,0,0,0.629646878511374,0.190005857407504,0,0,0.636099598305603,0.196368222573995,0,0,0.701228712642062,0.253532798819677,0,0,1,1,1,1
"17",-0.0394480084423923,0.183868570434022,7,1,1,0.0189037077079111,0.215091845965394,1,1,0.0429305240845659,0.182433358059497,1,1,-0.0748474602755876,0.219196398808175,1,1,1,1,1,1
"18",0.272255435310752,0.209180619845062,7,1,1,0.252947983539243,0.21053764639896,1,1,0.253809680878836,0.196230218873452,1,1,0.192130412400467,0.223895829859283,1,1,1,1,1,1
"19",0.473292944302382,0.206044954974997,15,0,0,0.492805283811668,0.194904809261034,0,0,0.483661155819836,0.206343007152607,0,0,0.74221297367609,0.220108201631561,0,0,1,1,1,1
"20",0.331679181088114,0.206715308953173,15,1,1,0.354491987774843,0.187934787060114,0,1,0.376998877143741,0.18510963502272,0,0,0.286424958036159,0.221927021363882,1,1,1,1,1,1
"21",0.469757015692572,0.232266527757752,11,1,0,0.43807146051481,0.199473378379356,0,0,0.426719871554274,0.171664522894222,0,0,0.493047371396958,0.229400658656983,1,1,1,1,1,1
"22",0.112736788856205,0.215960645583082,17,1,1,0.0944287609954087,0.161859355890415,1,1,0.0897328662083822,0.170816649599213,1,1,0.180900776472319,0.205506510740708,1,1,1,1,1,1
"23",0.338475016016309,0.218802981584605,19,1,1,0.319612541858318,0.20641630574843,1,1,0.337900137546209,0.205724349644128,0,1,0.292281715988197,0.239358452162682,1,1,1,1,1,1
"24",0.741308347035676,0.185241898361776,19,0,0,0.73516131917356,0.183505952453936,0,0,0.737863723830873,0.20417558809972,0,0,0.630529181752577,0.205911291885277,0,0,1,1,1,1
"25",0.153461185524784,0.212417560002599,19,1,1,0.102951898577279,0.205108496278289,1,1,0.100671304734193,0.203708467883167,1,1,0.0507662574319079,0.22924675267799,1,1,1,1,1,1
"26",-0.148691791722994,0.227406433275577,3,1,1,-0.0362402291902518,0.177922867523292,1,1,-0.0414995097781535,0.192841364683494,1,1,-0.213528263219525,0.217116609759884,1,1,1,1,1,1
"27",0.2225735431799,0.21259254193753,9,1,1,0.240805900692121,0.203334246591449,1,1,0.217437695113559,0.201998708872817,1,1,0.135824921576559,0.250103706802333,1,1,1,1,1,1
"28",0.373439418560731,0.190224783897751,19,1,0,0.380797997119761,0.192857744060672,1,0,0.396438180894935,0.185428512277721,0,0,0.129598338768185,0.246115312464425,1,1,1,1,1,1
"29",0.34991143905809,0.197302036175552,15,0,1,0.376048007027115,0.193808720627703,0,1,0.390299299844451,0.212025293210128,0,1,0.341448860454174,0.216752782618449,1,1,1,1,1,1
"30",0.303493807439323,0.216058941723414,15,1,1,0.338838041002405,0.189173954684027,1,1,0.364219343132018,0.211692381958276,1,1,0.395442595215909,0.265234305127872,1,1,1,1,1,1
"31",0.300427413628192,0.20417515058628,19,1,1,0.284089831775311,0.195851239973751,1,1,0.291825586915427,0.18829383576921,1,1,0.144717028298956,0.209128464012223,1,1,1,1,1,1
"32",0.485519405586691,0.204129758902648,3,1,0,0.429712033387472,0.207890941451736,0,0,0.435468440225144,0.184451339664477,0,0,0.389062988166436,0.22673578659676,0,1,1,1,1,1
"33",0.346092530119409,0.225406575036131,15,1,1,0.364536976840666,0.18663258431331,0,1,0.34483244499818,0.181297520354994,1,1,0.391888004012645,0.24147610100101,1,1,1,1,1,1
"34",0.428109677870848,0.206547234804764,11,1,0,0.39842901166434,0.176596760129653,0,0,0.393927955116749,0.194297246026033,0,0,0.537208242350257,0.213355607264572,0,1,1,1,1,1
"35",0.336355518115309,0.202495651643944,1,1,1,0.271258240582531,0.191519521841038,1,1,0.279377911433301,0.201866685124164,1,1,0.333911136912417,0.215243355672009,1,1,1,1,1,1
"36",0.314032808608932,0.247484185403809,15,1,1,0.35579245702579,0.202499232035792,1,1,0.331620714575356,0.217588227078275,1,1,0.483474259214819,0.252282784367441,1,1,1,1,1,1
"37",0.148833079086695,0.217218080663179,9,1,1,0.109709245802012,0.195787685563705,1,1,0.108696889386548,0.200208489287398,1,1,-0.0192433292700981,0.244039218221733,1,1,1,1,1,1
"38",0.183990539499536,0.217144027233089,11,1,1,0.155602673027394,0.198119058707217,1,1,0.14845942037494,0.167090238794491,1,1,0.214887979898285,0.243469845526984,1,1,1,1,1,1
"39",0.151166119437608,0.1755812051848,19,1,1,0.224071535763692,0.185267554828975,1,1,0.25693011101749,0.21191880622932,1,1,0.161768987825579,0.2198074632646,1,1,1,1,1,1
"40",0.209663007638228,0.264814321397831,9,1,1,0.245357607084343,0.153114484973202,1,1,0.245495131850845,0.194775457400272,1,1,0.0681170715542553,0.234259986187568,1,1,1,1,1,1
"41",0.126871673726384,0.214214714240202,19,1,1,0.146547283376181,0.21100252058374,1,1,0.164285264729566,0.188869564399976,1,1,0.0319079643293765,0.257882454263327,1,1,1,1,1,1
"42",0.611827916876088,0.210896431863015,17,0,0,0.654143825521397,0.167339038602978,0,0,0.649843157247204,0.201970287350346,0,0,0.851717512184566,0.231056340008779,0,0,1,1,1,1
"43",0.178317637239378,0.227670137738347,9,1,1,0.192576536837427,0.211318199383062,1,1,0.167487669032797,0.212983366445186,1,1,0.192560409844451,0.268807108398015,1,1,1,1,1,1
"44",0.391657291104017,0.195222506880498,7,1,0,0.401851947012992,0.172959196743218,0,0,0.388538003675964,0.213958883610198,0,1,0.219457755025324,0.246884645729065,1,1,1,1,1,1
"45",0.157132599687555,0.216123085730446,19,1,1,0.187420262560897,0.229589616872058,1,1,0.219918783286485,0.225641157049475,1,1,0.183730673882376,0.244057851848829,1,1,1,1,1,1
"46",0.324892429820751,0.222452239364738,9,1,1,0.303968896303392,0.189231192992999,1,1,0.312282870930072,0.193292142333539,1,1,0.461478937228504,0.208807038638428,1,1,1,1,1,1
"47",-0.272555197250326,0.2099607497772,19,1,1,-0.256317546422771,0.188348924458023,1,1,-0.255783978402916,0.203904940721664,1,1,-0.276871668462225,0.214279349159896,1,1,1,1,1,1
"48",-0.052674879467213,0.226380415175995,1,1,1,-0.137975027819189,0.176909041095427,1,1,-0.131998342387581,0.175900588568627,1,1,-0.0361508282293006,0.207686590201309,1,1,1,1,1,1
"49",0.369049137757966,0.192753075561636,15,0,1,0.450169394790386,0.170736185622007,0,0,0.448601275167749,0.188564538792099,0,0,0.367526493857203,0.225179310892277,0,0,1,1,1,1
"50",0.306573828308145,0.219625243200374,11,1,1,0.306885896995719,0.19307457889758,1,1,0.318162805903374,0.188915030074034,1,1,0.489696237294322,0.248498369100231,1,1,1,1,1,1
"51",0.734256881292154,0.199086732816382,17,0,0,0.747558195841655,0.155772607172455,0,0,0.756438366015463,0.172379001788268,0,0,0.63256053953707,0.17790351286009,0,0,1,1,1,1
"52",0.277370486289486,0.265320324289135,9,1,1,0.262801248113835,0.23722795464851,1,1,0.27365479224021,0.231250105223318,1,1,0.402384469913628,0.250542986043634,1,1,1,1,1,1
"53",-0.00150071608850293,0.239992251812103,7,1,1,0.107238758149173,0.193407104657795,1,1,0.101132435565722,0.21799702309571,1,1,-0.00267670753432442,0.245855290336865,1,1,1,1,1,1
"54",0.367925999304966,0.249877386437273,3,1,1,0.3316895055003,0.219529302597937,1,1,0.328187620116459,0.176925265785218,1,1,0.473261376565625,0.254387902643252,1,1,1,1,1,1
"55",0.339899106272282,0.213047869042112,13,1,1,0.299452104268611,0.187075029799413,1,1,0.302610721707927,0.188963875865602,1,1,0.0598095305536905,0.214492506209342,1,1,1,1,1,1
"56",0.0312756174223596,0.184689775381328,15,1,1,0.0330529576153346,0.196693434669485,1,1,0.0250057045011199,0.180185314192162,1,1,-0.1194926982079,0.222508487645445,1,1,1,1,1,1
"57",0.338432018717873,0.229419942410409,19,1,1,0.418349264478896,0.195832540302652,1,0,0.412518731864581,0.194698524712695,0,0,0.522249234385334,0.331414890005007,1,1,1,1,1,1
"58",0.0874741774179558,0.196213418487407,9,1,1,0.0835131621508304,0.174393829306524,1,1,0.0672747505981092,0.210343846864421,1,1,0.0574359800316712,0.227317380278897,1,1,1,1,1,1
"59",0.313281799833359,0.207756014333276,15,1,1,0.318892982936239,0.222955591081829,1,1,0.304247399096692,0.194768369914325,1,1,0.372250660852825,0.24514892885238,1,1,1,1,1,1
"60",0.225764724019076,0.224673957879759,17,1,1,0.285240037122208,0.227250853619463,1,1,0.276340112945481,0.187869315143901,1,1,0.25616873498113,0.234758512697103,1,1,1,1,1,1
"61",0.429108022216851,0.219976769018749,13,1,1,0.43746473806427,0.186129380861213,0,0,0.43240056769168,0.196593210610586,0,0,0.481664909641253,0.265289416681994,1,1,1,1,1,1
"62",0.0735925593081262,0.210283998884229,13,1,1,0.0913446116200839,0.202864466560828,1,1,0.0978780653562838,0.206355564947056,1,1,0.0527011598948459,0.224455092896356,1,1,1,1,1,1
"63",0.378982675029088,0.224324228177358,19,0,1,0.515529299090003,0.223235258418025,0,0,0.497965475113559,0.220397803441835,0,0,0.590219152357355,0.204388836742221,0,0,1,1,1,1
"64",0.23008504743446,0.254714130382469,5,1,1,0.281342606842819,0.210525558584512,1,1,0.27246556983255,0.206092061776858,1,1,0.286436608643577,0.230714744522641,1,1,1,1,1,1
"65",0.407638819233249,0.24235235259407,13,1,1,0.415836593782464,0.185361252995176,0,0,0.403245943886054,0.197490039707974,0,0,0.343992070543166,0.220632349345898,0,1,1,1,1,1
"66",0.170365602507282,0.196582643122572,15,1,1,0.160542055110596,0.199661039199261,1,1,0.162644841517504,0.210025265750928,1,1,0.183025759467671,0.236387065695912,1,1,1,1,1,1
"67",0.750560778770062,0.25123164761473,11,0,0,0.614632247728667,0.243174167190618,0,0,0.609725549832768,0.225296784313359,0,0,0.755270777790719,0.264751715782193,0,0,1,1,1,1
"68",0.0884228835844186,0.281980761081782,3,1,1,0.192806995795964,0.204175687400182,1,1,0.186365918017108,0.225225530679227,1,1,0.199951488356744,0.274875156428377,1,1,1,1,1,1
"69",0.493617024275083,0.248290376425813,9,0,0,0.475715539749062,0.229564131679132,0,0,0.480689263151782,0.220506462500501,1,0,0.546738672139309,0.215533903568766,0,0,1,1,1,1
"70",0.369465214024711,0.245216356128921,13,1,1,0.378034030401372,0.186437946962549,0,0,0.3736811430551,0.194654535216985,0,1,0.104850291627562,0.222003580239191,1,1,1,1,1,1
"71",0.308213307891282,0.239494406000878,9,1,1,0.120367245111555,0.240855772587398,1,1,0.168767724206575,0.210556575336346,1,1,0.150877310884237,0.228805473601414,1,1,1,1,1,1
"72",0.530857207910578,0.215281192455827,15,0,0,0.487934489569472,0.18546573534448,0,0,0.495104751220731,0.206595754171902,0,0,0.681459865554281,0.246588924729307,0,0,1,1,1,1
"73",0.182724704871141,0.206101109643058,13,1,1,0.160076499405113,0.182006882692938,1,1,0.141650435584259,0.186867306426276,1,1,0.21456893258278,0.204085341330136,1,1,1,1,1,1
"74",0.460055361843295,0.202811445544215,5,0,0,0.425145493192824,0.192710674569094,0,0,0.421184468766101,0.176973987623895,0,0,0.410959064508579,0.199993890570581,0,0,1,1,1,1
"75",0.272363795106533,0.222908638732238,11,1,1,0.175147209259755,0.21053631645389,1,1,0.17423327089958,0.208183077788329,1,1,0.155693073421038,0.236784511628826,1,1,1,1,1,1
"76",0.408277061837323,0.224604305170041,15,1,1,0.394139669362233,0.198327182495256,1,0,0.412348897090518,0.208857047490933,1,0,0.472329151346525,0.205791793060742,0,0,1,1,1,1
"77",0.442328189132235,0.271052260221852,1,1,1,0.282381676090581,0.257307834678505,1,1,0.28104026951066,0.252620724217854,1,1,0.441601133446899,0.280631815526191,1,1,1,1,1,1
"78",0.519246140400078,0.26126949223565,9,1,0,0.514423044844633,0.180225060247108,0,0,0.513849241137355,0.193144433058476,0,0,0.787608870626801,0.253400508407792,0,0,1,1,1,1
"79",0.321869690384346,0.222373641058589,19,1,1,0.34071865542353,0.213138510634879,0,1,0.342992208280601,0.209729759328658,1,1,0.226365369323744,0.242506409507191,1,1,1,1,1,1
"80",0.712296717565029,0.216465023794806,17,0,0,0.668564930650245,0.178144231367461,0,0,0.674676606127307,0.199284181347166,0,0,0.717927686422689,0.257772417362545,0,0,1,1,1,1
"81",-0.107078923830173,0.200718083865172,11,1,1,-0.191547536694562,0.220030637957895,1,1,-0.175027269985395,0.213292086834333,1,1,0.0124726323614259,0.240982202740152,1,1,1,1,1,1
"82",-0.00747585622159735,0.191272980194842,15,1,1,-0.0178081556679428,0.192163694177751,1,1,-0.0262579539785957,0.204869956791091,1,1,-0.0510135819504917,0.220028181105051,1,1,1,1,1,1
"83",0.508400303688741,0.202356460257374,19,0,0,0.628764244636326,0.191237476454715,0,0,0.634657020153127,0.186177098524824,0,0,0.359646356061435,0.206829346165421,0,0,1,1,1,1
"84",0.34717725433775,0.195895794347447,9,1,1,0.296402752878568,0.192502252666491,1,1,0.30556556853791,0.205605253379361,1,1,0.413426671013938,0.221319487107707,1,1,1,1,1,1
"85",-0.0325984388945724,0.206398012772363,13,1,1,0.0225227094376535,0.16964019423342,1,1,-0.00558045197364133,0.217680734330816,1,1,0.123819100981345,0.255940143085236,1,1,1,1,1,1
"86",0.0393975192832743,0.259355064300218,3,1,1,0.165035639796963,0.212069496863241,1,1,0.148474880164984,0.208700227907451,1,1,0.0446031037666979,0.244582359598212,1,1,1,1,1,1
"87",-0.108594983518898,0.215757144075485,13,1,1,-0.127492643016062,0.226042166475282,1,1,-0.108413251260883,0.203042381379357,1,1,-0.27754947257333,0.233910983002131,1,1,1,1,1,1
"88",0.101056094404009,0.214983221252509,15,1,1,0.179535967520407,0.195453837745766,1,1,0.194109111006596,0.225442149967297,1,1,0.0790433983508562,0.254476612096448,1,1,1,1,1,1
"89",-0.0326883105065987,0.20153057011535,9,1,1,0.0295079989680386,0.210679012862597,1,1,0.0106876496257968,0.171031057616861,1,1,0.168181371178534,0.205604685650468,1,1,1,1,1,1
"90",0.413031007800574,0.212327832979306,15,1,1,0.341586803543466,0.189370815312484,0,1,0.342569394290123,0.202817348576622,1,1,0.362812902946811,0.21592309737776,1,1,1,1,1,1
"91",0.00976198187979474,0.203544500152102,9,1,1,-0.00920788894342545,0.218093030180305,1,1,-0.0240343914266756,0.203457092971571,1,1,0.0186913383214741,0.250258592535216,1,1,1,1,1,1
"92",0.256651064966549,0.215027175095077,11,1,1,0.24489371009504,0.181588079838001,1,1,0.24344857161443,0.171550252491776,1,1,0.369483865632303,0.226299996468564,1,1,1,1,1,1
"93",0.604895839600495,0.203498807665894,7,0,0,0.586349449002156,0.186814133451297,0,0,0.603824368802562,0.200062363794223,0,0,0.554383505540958,0.199452704677979,0,0,1,1,1,1
"94",0.488961983708772,0.219420037979154,11,0,0,0.489856165983667,0.195562023913777,0,0,0.477155810820393,0.204251638319467,0,0,0.576337340225274,0.220583939805758,0,0,1,1,1,1
"95",0.379406349390299,0.183866855166002,13,0,0,0.433559290830413,0.179875815212948,0,0,0.433647380575557,0.191971606642492,0,0,0.359292215201253,0.1983922516889,0,0,1,1,1,1
"96",-0.0676682517781539,0.24120616809882,9,1,1,-0.0994976129854308,0.214870113072866,1,1,-0.0796575403106085,0.216762544805116,1,1,-0.0746365809340935,0.214389488707292,1,1,1,1,1,1
"97",0.22619704915618,0.24880904903845,3,1,1,0.24683520883256,0.187166484995034,1,1,0.258740118688955,0.188766120190736,1,1,0.117501239378925,0.226936300130861,1,1,1,1,1,1
"98",0.580196266756517,0.197098211513887,11,0,0,0.567704275617441,0.19924919733475,0,0,0.555709475596409,0.213198562021312,0,0,0.432828095047937,0.256269980609004,1,0,1,1,1,1
"99",0.27761260543577,0.204678624426156,13,1,1,0.275079637615991,0.211236772449034,1,1,0.276929987979259,0.207815792686307,1,1,0.331677173745685,0.225564285771272,1,1,1,1,1,1
"100",-0.0842823137782432,0.229665684392619,7,1,1,0.0032929836590237,0.194179658589333,1,1,-0.00871216062229316,0.22866129171766,1,1,-0.0500413447951129,0.262758920876894,1,1,1,1,1,1
