"","V1","V2","V3","V4","V5","V6","V7","V8","V9","V10","V11","V12","V13","V14","V15","V16","V17","V18","V19","V20","V21"
"1",-0.331121981779203,0.24250948407234,5,1,1,-0.328068035367861,0.234984263451567,1,1,-0.308208530134796,0.242829467640792,1,1,-0.315071514827205,0.265269148973655,1,1,0.0534811075826044,0.252258686602049,1,1
"2",0.343002524315573,0.243997174255807,19,1,1,0.400765161006172,0.233402149653108,1,1,0.384504889256095,0.225422818101242,1,1,0.573330491876125,0.271271718193333,1,1,0.668984384980233,0.275455042701302,1,0
"3",-0.10638187020502,0.225534326809003,17,1,1,-0.127322833229029,0.21338203484094,1,1,-0.0782153198818744,0.210912508982319,1,1,-0.159839455996705,0.283593253707131,1,1,0.112415081686296,0.270594086997942,1,1
"4",0.240419712492624,0.19208339585383,15,1,1,0.0808114627827219,0.216874722831413,1,1,0.104665810973535,0.195220885518123,1,1,0.0115352886307963,0.232309761957978,1,1,0.502562752928808,0.234762285241538,1,0
"5",-0.0860933548138431,0.209187546651159,15,1,1,-0.04943890332983,0.205925168889748,1,1,-0.028042682165563,0.206654158971157,1,1,-0.31744045462325,0.250835949936932,1,1,0.190551341612227,0.236483616806068,1,1
"6",0.244175743579515,0.184395904974552,19,1,1,0.128283754924981,0.209785999766063,1,1,0.125922663890605,0.209817949217039,1,1,-0.104701912184624,0.267369699646569,1,1,0.402277740308854,0.255184535107737,1,1
"7",0.104297988003893,0.219948243391123,15,1,1,0.135081242372005,0.22534729217041,1,1,0.115813186438031,0.218687142977099,1,1,0.188017390812133,0.273128811134311,1,1,0.243424485261071,0.268325301958188,1,1
"8",-0.141451248634548,0.234869929470466,19,1,1,0.0244840839577451,0.274121178497299,1,1,-0.0127161447633198,0.267170912927719,1,1,-0.12381331974237,0.290497623612774,1,1,0.140076004288613,0.302386623733381,1,1
"9",0.222025933058611,0.240344607436654,11,1,1,0.079517614230467,0.24386309028208,1,1,0.107661336597442,0.237345466547482,1,1,0.21510068715137,0.264829221186829,1,1,0.437601203070591,0.2587895085888,1,1
"10",0.130048888249802,0.244310217775813,13,1,1,0.0299344636358101,0.201828164781524,1,1,0.0169482256630688,0.214710114370371,1,1,0.0444861818597067,0.271194250210907,1,1,0.345297076996611,0.264508539260288,1,1
"11",-0.30226578012521,0.238375018371087,17,1,1,-0.29124143794057,0.244547433672747,1,1,-0.298147875720216,0.238667568603106,1,1,-0.736226597117048,0.315766435144321,1,1,0.0239916313620191,0.314355110980305,1,1
"12",0.090267158038484,0.246764478337796,17,1,1,0.0273805916694986,0.217487617753075,1,1,0.0410593022500355,0.232024283253568,1,1,-0.190876908539788,0.334329566177792,1,1,0.250756219172511,0.338721177965774,1,1
"13",-0.0040754410695854,0.262701765879814,9,1,1,-0.095091930295506,0.222269812923757,1,1,-0.0400498993332503,0.215194895118844,1,1,-0.0387256273585464,0.285947331127855,1,1,0.271202840015895,0.311378298681476,1,1
"14",0.0204801030975552,0.208144234276984,11,1,1,0.0576171173267026,0.200244317445645,1,1,0.0174112326842645,0.205831853216407,1,1,-0.0426131778357071,0.247964159397115,1,1,0.228288769449424,0.248079379599854,1,1
"15",0.0211636308207163,0.283133921629783,3,1,1,0.0962996285373412,0.25947673373245,1,1,0.117005893797136,0.225141582707121,1,1,0.134448488164993,0.27741511937266,1,1,0.244922439475705,0.285750027775994,1,1
"16",-0.220482595274272,0.235604133908918,11,1,1,-0.132023703519514,0.224596257859091,1,1,-0.137039210292728,0.22540821423997,1,1,0.0701632969072822,0.257630432958502,1,1,0.105093926884635,0.280313321113383,1,1
"17",-0.103901043741983,0.223731529400448,7,1,1,-0.22832580624246,0.251415754999242,1,1,-0.200085701019417,0.232732469645166,1,1,-0.231357063462792,0.254299333233951,1,1,-0.00633432658939959,0.269010374326092,1,1
"18",0.154133546440535,0.235115102436135,17,1,1,0.0885508156383915,0.238381585371748,1,1,0.0884942529297122,0.225198483658991,1,1,0.0752554591722927,0.292930728644613,1,1,0.196109104946718,0.290951013950639,1,1
"19",0.321363876425896,0.236899813251979,7,1,1,0.183747730175571,0.212076825804288,1,1,0.208222747350586,0.209917388855281,1,1,0.250080018574524,0.255100854592349,1,1,0.431249455865621,0.248796678099681,1,1
"20",-0.0503893575036022,0.232045229560842,17,1,1,-0.0142069174960849,0.212094203625391,1,1,-0.0550660871762357,0.229367795782827,1,1,-0.321487069122073,0.301789168249145,1,1,0.292261537798186,0.322669554116247,1,1
"21",-0.137514975616898,0.228172715663774,11,1,1,-0.213197873485523,0.22335889538621,1,1,-0.175575261980788,0.216385297327193,1,1,-0.0748518506517391,0.261757555257435,1,1,0.240815268841103,0.253564137983336,1,1
"22",0.235681759502009,0.252659906364774,3,1,1,0.134044212038069,0.226485452992851,1,1,0.151552171562989,0.210888292934355,1,1,0.319487533082082,0.271537467502727,1,1,0.483068706204546,0.264332943314592,1,1
"23",0.395168286296816,0.207453161781148,11,0,1,0.393777823577676,0.191911572343898,0,0,0.35318054947342,0.193988384286597,1,1,0.521995535015773,0.227998109426727,0,1,0.527508959484003,0.230781250050845,1,0
"24",0.149713526087694,0.252556913155072,17,1,1,0.185480348969771,0.237240601245116,1,1,0.197528682742678,0.232656720487905,1,1,0.13830028454845,0.268492548807331,1,1,0.552326609319668,0.277886822797273,1,0
"25",0.245153338983467,0.212879057230498,17,1,1,0.179230913615119,0.210945364552124,1,1,0.218390025266354,0.208826460596261,1,1,0.425993479246258,0.241217165261335,1,1,0.486163380586638,0.238620346873395,1,0
"26",0.0304208047197524,0.213385127513377,7,1,1,0.0296242174531873,0.200418065517978,1,1,0.0349293524019963,0.206775496208027,1,1,0.0363890987334487,0.229546663162976,1,1,0.25064849977399,0.245482208146989,1,1
"27",-0.0392717980218164,0.231137600710129,5,1,1,-0.0508574614700384,0.202344174809053,1,1,-0.00711472616328786,0.214924614264961,1,1,0.00536617984044105,0.233545766494531,1,1,0.239245963353671,0.248882097474286,1,1
"28",-0.123550688017786,0.242985203914079,15,1,1,-0.257609928768664,0.262905651415978,1,1,-0.23151462433948,0.219721636265843,1,1,-0.226710560790469,0.252536781895028,1,1,0.313140659635939,0.267794758685585,1,1
"29",-0.138583078509307,0.253002826206375,5,1,1,0.062095149280058,0.367835207454827,1,1,0.0594697724780645,0.344349575180697,1,1,-0.219268474837006,0.270194035632872,1,1,0.121535543304717,0.256790735818094,1,1
"30",0.222627373297939,0.217841999100288,17,1,1,0.292186468169263,0.211565141957929,1,1,0.265754352499904,0.201023202506759,1,1,0.358942750333793,0.239773576421209,1,1,0.56127399272771,0.240001329640547,1,0
"31",-0.391886388511199,0.203164031909775,15,1,1,-0.457232250330636,0.217448916272016,0,0,-0.432249443225317,0.209179794140506,0,0,-0.706439926697431,0.222791871638766,0,1,-0.189895822586799,0.228932297386063,1,1
"32",-0.137158563797269,0.196613423048164,13,1,1,-0.0603906430284551,0.184843076175853,1,1,-0.0965786422195214,0.206115993606425,1,1,0.0254394860791123,0.225954589707092,1,1,0.10903755782952,0.233098412032961,1,1
"33",0.234405131301783,0.241330603368582,13,1,1,0.15507422783259,0.253647185351722,1,1,0.179322322203313,0.243671112666643,1,1,-0.0232606156117176,0.293155887240716,1,1,0.434536515832854,0.27681075096533,1,1
"34",-0.0987282733305203,0.24846070998412,9,1,1,-0.149762942068039,0.220865396578297,1,1,-0.216392797895165,0.215262136193194,1,1,-0.551438225560902,0.343432780525874,1,1,0.0384415837761225,0.291847649910537,1,1
"35",-0.0661108246199964,0.256492416396051,11,1,1,-0.028108920857541,0.208693565523573,1,1,-0.0432574758324447,0.206382863828078,1,1,0.0479159537050689,0.276522120240877,1,1,0.242509989305502,0.264642198170467,1,1
"36",-0.106419982838957,0.230412973179161,19,1,1,-0.245022193065969,0.232577374210372,1,1,-0.191859405340845,0.22402783895584,1,1,-0.233316597998612,0.276635724139445,1,1,0.152783961805702,0.277908490004718,1,1
"37",-0.203824515439042,0.2262647916625,5,1,1,-0.163037007027512,0.234403990770975,1,1,-0.157832065115339,0.226433898741766,1,1,0.036093258093711,0.271380307574936,1,1,0.152196314780629,0.256994928104289,1,1
"38",-0.104614293971113,0.233526840850864,5,1,1,-0.162122787836294,0.198374173874359,1,1,-0.157631718723604,0.215572648179929,1,1,-0.187282660280569,0.236696002616412,1,1,0.109726109980482,0.245392342003854,1,1
"39",0.0671085134087311,0.223476241266884,15,1,1,-0.00445948644480771,0.219124749512504,1,1,0.00171228830632017,0.226339293320845,1,1,-0.148784143652914,0.277659782022723,1,1,0.290393480224822,0.290150591918221,1,1
"40",0.459548205043159,0.228122293006764,17,0,0,0.58425325433298,0.192593792496363,0,0,0.614162658313188,0.218371387040016,0,0,0.549524635673566,0.247292869974645,0,0,0.894964259656401,0.262012858081564,0,0
"41",-0.185532279675113,0.221021448587513,5,1,1,-0.0121873975112542,0.211873716123736,1,1,-0.0393458958363643,0.203846986566686,1,1,-0.379078952126509,0.23725165112761,1,1,0.151687883994667,0.243915123230314,1,1
"42",-0.388964189841087,0.275952773975872,3,1,1,-0.502852405617627,0.255198133311014,0,0,-0.396325595100341,0.257705825820896,1,1,-0.210870420018905,0.272568718187376,1,1,0.0994947521329791,0.271912090525235,1,1
"43",-0.0203996182876073,0.214203799842462,15,1,1,-0.0387159317161824,0.207769333764039,1,1,-0.0218847119924479,0.204039736774643,1,1,0.185345207251323,0.240226038753744,1,1,0.187767618809245,0.238925437971086,1,1
"44",0.0646034473021703,0.204103296347233,5,1,1,-0.057798071804657,0.200290529047347,1,1,0.00401970736475995,0.190197669290145,1,1,-0.0652105149913802,0.227580357283002,1,1,0.11881704531072,0.218678803983512,1,1
"45",0.0171894895949478,0.227899606190796,5,1,1,-0.029505326973909,0.187976658051665,1,1,-0.00412904200700991,0.198014149307698,1,1,-0.110536670806556,0.231595299141253,1,1,0.167707517673476,0.236650729200293,1,1
"46",0.265492164309261,0.235421340526083,7,1,1,0.199189530650107,0.213062624567668,1,1,0.240163612624178,0.204482962727357,1,1,-0.116522294229707,0.282779199481408,1,1,0.450886641276949,0.26872752500242,1,1
"47",-0.0454099577503465,0.25235009817927,13,1,1,-0.117992492102682,0.246830743865435,1,1,-0.149939816498058,0.25913004053794,1,1,-0.209559903841232,0.258995307852959,1,1,0.264669128913654,0.272754507398658,1,1
"48",0.41661723750777,0.254343524373002,13,1,1,0.399394888743172,0.208443653355496,1,1,0.401817407400571,0.2240572403722,1,1,0.350730728968433,0.268079529132761,1,1,0.617100723535558,0.291437072320069,1,0
"49",-0.328959513402703,0.236079962904973,5,1,1,-0.38114577396936,0.224378132457718,1,1,-0.384700234358086,0.215224094463326,1,1,-0.431946322354898,0.268439606345059,1,1,-0.0969809959046663,0.271793662248834,1,1
"50",0.022665645833033,0.251864755210157,19,1,1,0.151132300751015,0.299928776327569,1,1,0.188240768515562,0.302199023525817,1,1,-0.16177917055973,0.302481178247496,1,1,0.226253389091724,0.28183598725796,1,1
"51",-0.193982696883645,0.231279518233239,7,1,1,-0.241490654887383,0.197844869941788,1,1,-0.245242351629785,0.190790867392887,1,1,-0.146262702852725,0.253807748148764,1,1,0.0131877921644056,0.258518558892091,1,1
"52",-0.0688092867579485,0.213806052020071,17,1,1,-0.0486975865654433,0.197645889425787,1,1,-0.0307712095372188,0.200570147580462,1,1,-0.105769772839075,0.2393963022654,1,1,0.268538120781305,0.248646810416353,1,1
"53",-0.0273962421382727,0.235648586175782,7,1,1,-0.133827067585756,0.281015330343695,1,1,-0.153550294002924,0.263120037911107,1,1,0.173376991998434,0.273449672341764,1,1,0.267276200087253,0.271683277075942,1,1
"54",0.102930992142527,0.212380282891154,9,1,1,0.0967658472663634,0.209921558757777,1,1,0.131337729661449,0.192586805745186,1,1,-0.0712259812964716,0.236650224291181,1,1,0.520132560496791,0.233122019508157,1,0
"55",0.207986125351386,0.258921408239172,15,1,1,0.325010481389194,0.216845661547404,1,1,0.379052568040616,0.236366165528334,1,1,0.191154967744968,0.290743415229041,1,1,0.515797718465695,0.279227219819025,1,1
"56",0.27040457105697,0.253011220329442,19,1,1,0.155680664177119,0.215532101107853,1,1,0.152949603242572,0.226554152606091,1,1,0.216459638908125,0.270413188194801,1,1,0.535340250484799,0.259471129417736,1,0
"57",0.165670976082508,0.233643888269783,17,1,1,0.241151703535199,0.198696349011461,1,1,0.277704191729182,0.204921688819268,1,1,0.282433676406308,0.243184509097191,1,1,0.43323713575516,0.24908191365844,1,1
"58",-0.0484652077314339,0.233227125854572,13,1,1,0.0358780866870588,0.199098078847253,1,1,-0.0230432913962779,0.211574185475262,1,1,0.531079000089029,0.406196260175724,1,1,0.307081255908015,0.400364519058993,1,1
"59",0.273601542935124,0.199793044603404,19,1,1,0.263291955478963,0.188166949535317,1,1,0.264970969480367,0.198418213462067,1,1,-0.0172128518029113,0.249422431762493,1,1,0.339099075530525,0.247589319552375,1,1
"60",-0.233912819467132,0.207840459679617,13,1,1,-0.24691101674442,0.196538792428118,1,1,-0.240368799266363,0.196467426993957,1,1,-0.32686161845794,0.225475146044735,1,1,0.0607464270377875,0.233300452529495,1,1
"61",0.0239857991649396,0.230461365512286,9,1,1,0.0376513838111207,0.205644711651485,1,1,0.0136802220339648,0.201986048953659,1,1,-0.0686777998472568,0.254983205357086,1,1,0.271061273814922,0.269158251086364,1,1
"62",0.276583504081626,0.223315918220104,11,1,1,0.2350984428338,0.179874256755223,1,1,0.243144856790758,0.214482667890642,1,1,0.392757994407938,0.243089956077209,1,1,0.41262354985681,0.268796823058969,1,1
"63",0.0172266514511287,0.22238913938593,15,1,1,-0.0604444810546799,0.21286690820527,1,1,-0.0837784212265711,0.214039219076363,1,1,-0.00246419615386338,0.24577225070926,1,1,0.368676356132935,0.254732636371514,1,1
"64",-0.0341601449019235,0.213397123889162,19,1,1,0.0342239752762876,0.205314657993378,1,1,0.0155008473384995,0.199763822207728,1,1,-0.0588293798307603,0.277091063686019,1,1,0.280212720877738,0.273799545208224,1,1
"65",0.194798906250231,0.236344165085167,13,1,1,0.467026120833438,0.236893530079471,1,0,0.40569627314419,0.244657849287123,1,1,0.37538729390987,0.273862533530827,1,1,0.464503758016603,0.267229435793322,1,1
"66",0.496648986060776,0.2193964983605,9,0,0,0.447679581745089,0.204130755682535,0,0,0.414466180254264,0.206268746648657,0,0,0.469628128119942,0.229121542626199,0,1,0.594812832110676,0.230769797952836,0,0
"67",-0.19923016577309,0.263204252086519,9,1,1,-0.382234966631496,0.365948441622184,1,1,-0.317794259127158,0.332194583878549,1,1,-0.234617338152248,0.287494738087433,1,1,0.198973763436667,0.30757541719235,1,1
"68",0.315135327574218,0.234674006820264,9,1,1,0.231720295490308,0.215904756208949,1,1,0.271186368822277,0.210531654024345,1,1,0.0988094599140324,0.266385266411944,1,1,0.527653179513004,0.251674216767985,1,0
"69",0.10887647776172,0.247624451147705,5,1,1,0.184137798442798,0.195710339997514,1,1,0.17171165284837,0.210502235300667,1,1,0.0283137463964444,0.271030869139208,1,1,0.28342421643237,0.289546518396591,1,1
"70",0.372136753305621,0.211788233592691,19,1,1,0.436522690311519,0.22186264186514,1,0,0.443525471728698,0.206302644964494,0,0,0.358164072418142,0.237845930794047,1,1,0.70749356498079,0.236401412261371,1,0
"71",0.078801376858963,0.229296002863681,7,1,1,0.054093562321639,0.21836901805207,1,1,0.0410152762808505,0.222302564627756,1,1,0.284809348914074,0.228523476693718,1,1,0.425472631449502,0.24379466858099,1,1
"72",-0.285430355302301,0.229074301912701,19,1,1,-0.281935167887885,0.269151523329587,1,1,-0.242360230988856,0.258960910878296,1,1,-0.306731897031017,0.255766807429103,1,1,-0.0515498129619307,0.270372870656197,1,1
"73",-0.043434759817231,0.258735121382321,3,1,1,-0.206532830486321,0.256078238577981,1,1,-0.25002847208225,0.290442487406613,1,1,-0.0944400928383357,0.250072967951227,1,1,0.192404819562037,0.257198101034405,1,1
"74",-0.0537757659319995,0.2220887566842,19,1,1,-0.126390728145923,0.23196911231075,1,1,-0.109362119041906,0.250469446915546,1,1,-0.00362912428420592,0.254689155487538,1,1,0.200560855542116,0.288600005308926,1,1
"75",-0.197952328288905,0.203315369781264,13,1,1,-0.154163289480775,0.190272942506613,1,1,-0.183804547816076,0.179179365645366,1,1,-0.289838672095597,0.239610232566266,1,1,0.0390602639903027,0.21873619495395,1,1
"76",0.0254515005171363,0.229860125413643,15,1,1,-0.0240399569987633,0.221040570450445,1,1,-0.0277118556472902,0.210406813026936,1,1,-0.325920685406329,0.254577853392694,1,1,0.161730486751274,0.272349727975666,1,1
"77",-0.184507157288211,0.239580064006121,17,1,1,-0.294983329440104,0.267773856910932,1,1,-0.259392798429934,0.25177547177058,1,1,-0.360970707325645,0.283028638032608,1,1,0.151370990941952,0.286026531718474,1,1
"78",0.0261745303361696,0.229859625005406,15,1,1,0.0272845356330918,0.230433221672071,1,1,0.0321865636614227,0.218945786537284,1,1,-0.235265186448342,0.271574139827102,1,1,0.136456918098906,0.258602145243646,1,1
"79",-0.20751970868994,0.25432934548591,7,1,1,-0.173781663277712,0.20987631937708,1,1,-0.224469294825579,0.220340577761593,1,1,-0.173673341697258,0.261236135947347,1,1,0.0974284169622339,0.267569076493308,1,1
"80",-0.0382528577021267,0.226372369529697,19,1,1,-0.0109186366361016,0.215914822071456,1,1,-0.0567875204031799,0.223499048822431,1,1,0.0763563032604494,0.26522991171398,1,1,0.138816722486752,0.271114448972621,1,1
"81",0.384090483184603,0.253369275424869,5,1,1,0.341124549346504,0.231997610192309,1,1,0.302499366020946,0.243987575618952,1,1,0.290982066145057,0.265446766959895,1,1,0.446764986280514,0.264906281614452,1,1
"82",-0.194586432712135,0.257809384512896,5,1,1,-0.289152856717037,0.280492992377128,1,1,-0.278266759824164,0.262931830587306,1,1,-0.334806604402432,0.280594633713039,1,1,0.189259385333179,0.266267823388033,1,1
"83",0.0214621910625936,0.203973083984005,17,1,1,0.0707146437730258,0.198830531277308,1,1,0.0900930212492767,0.207502742260947,1,1,0.100408954397929,0.211222962846567,1,1,0.202744629956343,0.225841447302035,1,1
"84",-0.340284539029344,0.254513114800847,1,1,1,-0.320992471321648,0.200805367057569,1,1,-0.310125277872773,0.201407040601535,1,1,-0.319836189094637,0.24864148544612,1,1,-0.340284539029344,0.240554189041211,1,1
"85",0.0655916658121067,0.213516472493547,13,1,1,0.0459158704483413,0.237238652071922,1,1,-0.0282730272897005,0.229160147789641,1,1,0.0733336684855854,0.240388461569502,1,1,0.224453430359445,0.257575090371008,1,1
"86",0.136530893890714,0.222482051077568,3,1,1,0.0713223322354263,0.197598274990501,1,1,0.0521974600281985,0.192813109705889,1,1,0.00743399958456742,0.211477937312957,1,1,0.179126921396483,0.222362300969761,1,1
"87",0.273563265732854,0.238292141584335,9,1,1,0.157614229967128,0.251732744611114,1,1,0.159683198310856,0.223720453476544,1,1,0.35316898244489,0.257036845875253,1,1,0.620000391393955,0.247220591197588,1,0
"88",0.10714761644258,0.240977931688923,5,1,1,0.142222393868929,0.224235198470337,1,1,0.157509849631405,0.211722830962615,1,1,0.0268494236457091,0.260167383742118,1,1,0.358180043460109,0.261897270336835,1,1
"89",-0.10166683593628,0.264007788286693,3,1,1,0.0975281815783207,0.234548015928722,1,1,0.0696523318230244,0.243879445857078,1,1,-0.0128382146136122,0.272927288856553,1,1,0.256438003087332,0.290447970952005,1,1
"90",-0.0330913879013362,0.216459654894271,15,1,1,-0.012085920419195,0.216581529443145,1,1,-0.043399732828333,0.219136241853906,1,1,0.115046688409101,0.237150094742084,1,1,0.281792321791955,0.235155222482069,1,1
"91",0.305560311984889,0.231850340396316,5,1,1,0.231781172257132,0.210296748195935,1,1,0.208811077550428,0.210049364458197,1,1,0.176191414545534,0.323559297189069,1,1,0.349278676834512,0.314519442305396,1,1
"92",0.0715856263677753,0.24627186814554,13,1,1,0.0389196660787513,0.225448347704122,1,1,0.05039180211895,0.223997913302148,1,1,0.256820519437985,0.261980081020966,1,1,0.395619630515037,0.262425803550751,1,1
"93",-0.120789856971307,0.204878993282994,11,1,1,-0.101930705006639,0.209648101545278,1,1,-0.0950976950098624,0.215442131245576,1,1,0.0263758876843344,0.236982270299518,1,1,0.121242472712578,0.255123740523357,1,1
"94",-0.509731271911868,0.233348364974459,5,1,0,-0.38692108472094,0.201536583198312,1,1,-0.385330891283137,0.205624804323339,1,1,-0.582886047421999,0.240087865173255,1,1,-0.174936189995038,0.237136853535778,1,1
"95",-0.120494023775312,0.210245308156108,17,1,1,-0.0591680527639756,0.201548923002816,1,1,-0.0660781553429948,0.196496397211223,1,1,-0.104076196532416,0.233504991816114,1,1,0.133881691511261,0.218882122891841,1,1
"96",-0.169897425924764,0.272077937425602,5,1,1,-0.209274794395178,0.216451967246348,1,1,-0.183660153892279,0.226404626572579,1,1,-0.236018362193661,0.280833134255679,1,1,0.057441858015659,0.275989810763825,1,1
"97",0.441256522967202,0.239249263027431,19,1,1,0.424765769946292,0.225194138885488,1,1,0.433298189564693,0.21699609274427,0,0,0.524460451885335,0.264032953672141,1,1,0.557700438777364,0.263345943632454,1,0
"98",-0.0235347238318519,0.261931783584973,7,1,1,-0.0756860944386152,0.236838715491487,1,1,-0.0667796841782692,0.236541476208097,1,1,0.129234162694978,0.283983289531409,1,1,0.356973296697632,0.277629946237333,1,1
"99",0.0833978138383026,0.261480482511138,1,1,1,0.205531676980602,0.199267638327212,1,1,0.220957744115593,0.193998945307907,1,1,0.0886847384456161,0.257971424167225,1,1,0.0833978138383026,0.25361821529978,1,1
"100",0.277990451729185,0.244650523060119,9,1,1,0.165071870559485,0.250446979340536,1,1,0.221768891048645,0.235422730865267,1,1,0.16630948782169,0.297113136996537,1,1,0.565416390459279,0.271090418583543,1,0
