"","V1","V2","V3","V4","V5","V6","V7","V8","V9","V10","V11","V12","V13","V14","V15","V16","V17","V18","V19","V20","V21"
"1",0.0058614936426926,0.212268305832226,13,1,1,-0.048804972249015,0.220297390521974,1,1,-0.0602920959010608,0.226818519195663,1,1,-0.316217817539588,0.272531910215716,1,1,-0.0509051226565694,0.247010389781076,1,1
"2",-0.525978045083909,0.286868780335787,17,0,1,-0.333589409657679,0.247067221613488,1,1,-0.291993771287222,0.270673121015339,1,1,-0.504930123398499,0.282423493665168,1,1,-0.417396162985899,0.292417858752257,1,1
"3",0.0110385955842142,0.217055224978218,17,1,1,0.246705616333668,0.267136984422261,1,1,0.294561478476119,0.260588321906655,1,1,0.163361367777365,0.238753399460455,1,1,0.0310791297367578,0.223360415240636,1,1
"4",-0.0596155549466328,0.243450903003065,9,1,1,-0.149530215115379,0.255700279553534,1,1,-0.139681871204619,0.258471005970595,1,1,-0.20181603997952,0.275502799948517,1,1,-0.230783373677135,0.312816326085512,1,1
"5",0.277223629917185,0.232296498500063,7,1,1,0.279041704389207,0.176257323705421,1,1,0.255667832568094,0.186746018638705,1,1,0.364428613211357,0.24878039554802,1,1,0.24294893203549,0.253709217648089,1,1
"6",0.0252238912503842,0.244555367736856,9,1,1,-0.102835100709773,0.208575139844253,1,1,-0.0817533159492034,0.210488972305602,1,1,0.0477196210394967,0.256694463596993,1,1,-0.228320339757484,0.314428265967894,1,1
"7",0.227062813357558,0.253551494492435,3,1,1,0.256173838021283,0.273273507553293,1,1,0.234867997009476,0.254995866669987,1,1,0.233089638232892,0.219748426332219,1,1,0.232614265261963,0.234078951400474,1,1
"8",-0.233445018528206,0.210281077193568,5,1,1,-0.146094759798347,0.212111989589045,1,1,-0.174810996542305,0.183801975949362,1,1,-0.0754000802975217,0.266605600455634,1,1,-0.135423681118137,0.263915030068649,1,1
"9",-0.00483844740266965,0.234304709211461,17,1,1,-0.00361310661095256,0.199647700499537,1,1,0.00151559454200492,0.221819784444446,1,1,0.199087028226034,0.250487866343338,1,1,0.105067645395707,0.246031266758917,1,1
"10",0.0992756663560437,0.260165465885253,3,1,1,0.0436463377554201,0.18755667677121,1,1,0.0136145431266802,0.200753142688929,1,1,0.108241393974855,0.227936147878758,1,1,0.00809568436502505,0.282708303495797,1,1
"11",-0.0627956363139006,0.231328261353169,17,1,1,-0.0597600487592698,0.200459452095448,1,1,-0.0695453967876707,0.201190510284859,1,1,-0.157443773724081,0.248920482043564,1,1,-0.144937169623691,0.244764575460919,1,1
"12",-0.426005638747677,0.218634107370836,13,0,1,-0.439388816518525,0.201165167919569,0,0,-0.416227192262746,0.216959405350083,0,1,-0.336400088503299,0.319818632247823,1,1,-0.292478558053079,0.303274396753645,1,1
"13",0.415554288043637,0.193702748239794,15,0,0,0.24049124618513,0.22414279881418,1,1,0.276455327665418,0.219386653034663,1,1,0.463176690891011,0.231375876514207,1,1,0.256850249636437,0.234021536298424,1,1
"14",0.23863669121615,0.19957503518206,13,1,1,0.164804152115703,0.179714444376976,1,1,0.214082449648979,0.185006321307232,1,1,0.411056266431948,0.216441469011483,1,1,0.242945284725324,0.233336231799196,1,1
"15",-0.0240684818324161,0.252335513400663,15,1,1,-0.0304948366166865,0.234731714133992,1,1,-0.0502041262432292,0.237207334842737,1,1,-0.0293380355590179,0.238453724117394,1,1,-0.0146215575074537,0.231600705537857,1,1
"16",-0.0221821293488955,0.184499941688752,17,1,1,0.00607105499420421,0.188562100804991,1,1,0.0306491807401933,0.200738597058262,1,1,-0.0154584868609483,0.213467952239874,1,1,0.0542198124085785,0.242807181518572,1,1
"17",-0.0378767764064613,0.204764536458725,9,1,1,-0.0905408203425036,0.20628413595145,1,1,-0.111636209734249,0.235935134053752,1,1,0.19354393986747,0.308194963604312,1,1,-0.1246697933358,0.287532769483153,1,1
"18",-0.248326095333862,0.236429752065804,7,1,1,-0.249458353946403,0.191584806619017,1,1,-0.213942534608891,0.221260039849919,1,1,-0.272491575346809,0.307235488493694,1,1,-0.172223922605901,0.262332186535632,1,1
"19",-0.221821626765725,0.224812315108527,11,1,1,-0.188823207769352,0.205316026350894,1,1,-0.217408271729511,0.225761601576595,1,1,-0.415398156012902,0.277214275655297,1,1,-0.198321784730453,0.214918668262352,1,1
"20",0.179826055422327,0.224495818294815,7,1,1,0.122231634049741,0.210457519783195,1,1,0.133310323054953,0.195311312553953,1,1,-0.069579739129356,0.248569887278757,1,1,0.161473339276099,0.219565881969863,1,1
"21",0.221918231835416,0.21907793420235,7,1,1,0.196908396261115,0.199574773778224,1,1,0.180537540930261,0.211067907917882,1,1,0.226373475564587,0.262147228845659,1,1,0.128361902108395,0.249089475228988,1,1
"22",0.268905125370694,0.18977309216186,11,1,1,0.286483573012615,0.185045613719279,1,1,0.246464783578343,0.194926514550453,1,1,0.387828618452031,0.174235077044873,1,1,0.208630449286161,0.229055429351109,1,1
"23",0.101100768751678,0.253671804781344,5,1,1,0.138716411891164,0.20122251992249,1,1,0.11774489928761,0.214922714094597,1,1,-0.0465564217895874,0.271456432347193,1,1,0.117502380272105,0.26286071285842,1,1
"24",0.0624382360450627,0.241567510547598,15,1,1,0.0914671987915184,0.188395143809177,1,1,0.0577496356537471,0.208222995399023,1,1,0.0646518191769533,0.279446001680499,1,1,0.061213113784428,0.270044852850061,1,1
"25",0.0521124794171113,0.265420190184532,17,1,1,0.121118855208989,0.243635585938301,1,1,0.170843175357647,0.237054402056092,1,1,-0.0018432474717972,0.325577921799321,1,1,0.110085260638135,0.320940662055144,1,1
"26",-0.239588165783568,0.229340864763072,13,1,1,-0.212418101032487,0.256815411962988,1,1,-0.140322083900628,0.237754057922193,1,1,-0.264411630566826,0.263942864694028,1,1,-0.163481677979615,0.328518689819497,1,1
"27",0.255704729587704,0.212537511759053,13,1,1,0.250544948472375,0.231244868758129,1,1,0.25922262658814,0.20966821739226,1,1,0.116131753563286,0.226795543772295,1,1,0.409670540926328,0.206690095584511,1,0
"28",0.0806566239410151,0.276457091536128,1,1,1,0.0157717230064917,0.202580805669079,1,1,-0.00980787997834402,0.192839358229118,1,1,0.0741893267708134,0.240726602743951,1,1,0.0806566239410151,0.22069738457428,1,1
"29",-0.00656636811496806,0.217635317401567,15,1,1,-0.0262888920327052,0.22773266774365,1,1,-0.0452998491028828,0.220049555847964,1,1,-0.189730010910176,0.242152550491821,1,1,-0.0771714100793501,0.199096755861527,1,1
"30",0.0473978994752203,0.236566138767246,7,1,1,-0.00404545967220653,0.206136664970741,1,1,-0.0232431085140583,0.188956542619784,1,1,-0.167826536964895,0.267649694409122,1,1,-0.0289784597654076,0.276973218826176,1,1
"31",-0.220904810677183,0.221196997261419,9,1,1,-0.174862823093463,0.196964344531175,1,1,-0.167842759762937,0.182635075733645,1,1,-0.218739856708948,0.211828601628061,1,1,-0.169894624945551,0.238237107894493,1,1
"32",-0.221060001890642,0.222803708153435,5,1,1,-0.445964680058634,0.28253248975761,0,1,-0.389582172381041,0.208177306023431,0,1,-0.170460152473065,0.273972536455921,1,1,-0.281831364362084,0.246836705335104,1,1
"33",-0.0149072549391384,0.230629868576014,1,1,1,0.0651337528853975,0.184442610711972,1,1,0.0407290570593679,0.207106815785396,1,1,-0.0382274198892801,0.255951035113371,1,1,-0.0149072549391384,0.223869278377291,1,1
"34",0.175713673973249,0.258506501648894,9,1,1,0.0961559337683645,0.207004801697489,1,1,0.049232092430108,0.190624025681861,1,1,0.168418634847112,0.243806951863684,1,1,0.124944620179831,0.249294920188242,1,1
"35",-0.127613717536689,0.242261148924041,15,1,1,-0.249806268603003,0.220426631754735,1,1,-0.230844151518163,0.194163643095212,1,1,-0.0802934506382979,0.259539602795486,1,1,-0.195912409013795,0.253425315254453,1,1
"36",0.292909225001774,0.203911878391095,13,1,1,0.378848322670095,0.217605822883649,1,1,0.373546487107501,0.232813864277604,1,1,0.419033500284806,0.236245018473991,1,1,0.280090943874602,0.252870206946642,1,1
"37",0.0837517505494597,0.228675979736883,11,1,1,0.00359908948247404,0.241434407804104,1,1,0.0311867675798631,0.24442608712805,1,1,-0.00925602802352407,0.239651870261382,1,1,0.0392560798546215,0.25587515973981,1,1
"38",0.204783513604251,0.233350432303833,7,1,1,0.158500229949893,0.167976685454756,1,1,0.137458751302389,0.227177400728713,1,1,-0.0282457781992487,0.207121687679818,1,1,0.138692087480406,0.23636736276996,1,1
"39",0.101849095053002,0.256264828880607,3,1,1,0.0553869145296165,0.283358578557979,1,1,0.0578655599025825,0.249798306118463,1,1,0.0780102463858854,0.301448978720203,1,1,0.145973483183379,0.300223826504403,1,1
"40",-0.139226542168291,0.229099306602651,19,1,1,-0.00959003961166024,0.227808168507378,1,1,-0.0280151053919083,0.212272414090393,1,1,0.064844976430994,0.264158871942658,1,1,-0.161514506014284,0.268907760068091,1,1
"41",0.300486661022026,0.241809329713265,9,1,1,0.257487174836349,0.283782754707458,1,1,0.308729221894994,0.227333619845016,1,1,0.531769787274267,0.26184950734654,1,1,0.270158167324479,0.231064006909811,1,1
"42",0.108085748746849,0.225280694073368,17,1,1,0.06166855983231,0.22219713539594,1,1,0.0247535257487591,0.225850514154488,1,1,-0.0238659534891567,0.258470472511373,1,1,0.0621285314581265,0.215519817508122,1,1
"43",0.143802571300279,0.243376452203778,7,1,1,0.151924215505974,0.225554378972555,1,1,0.195566623030533,0.220811404283568,1,1,0.0936994291178609,0.22761434772571,1,1,0.152073711484974,0.272073712241544,1,1
"44",0.417357427671683,0.291649358705624,9,1,1,0.414905987932823,0.223768523287021,0,1,0.411844681895002,0.237845555987127,1,1,0.489412316665372,0.333690078858422,1,1,0.314182707078833,0.284583212205752,1,1
"45",0.0740033971708014,0.231275545305807,13,1,1,0.0928618050777461,0.204871050863394,1,1,0.160070383252459,0.21838329528232,1,1,0.34665837492746,0.263568505780583,1,1,0.0924811629316798,0.281034434292327,1,1
"46",0.100194818317471,0.235518008801105,13,1,1,0.144170622039212,0.255322054138898,1,1,0.16168989280689,0.253274706902735,1,1,0.209321437972831,0.291407716217764,1,1,0.141016403740002,0.27798304475681,1,1
"47",-0.17614295360163,0.221192062361065,11,1,1,-0.208376068546482,0.201108956962934,1,1,-0.160301031975457,0.182265614436042,1,1,-0.25513328100116,0.244726538017524,1,1,-0.183577121841067,0.212232920053785,1,1
"48",0.0128364621140804,0.223836933467785,3,1,1,-0.19713636801623,0.224619221293812,1,1,-0.153283287185628,0.237828632007074,1,1,0.0616118059590844,0.218962747141759,1,1,0.0773312247569643,0.236341603267865,1,1
"49",-0.1868170540036,0.227704892978069,13,1,1,-0.10902358088264,0.208891971926585,1,1,-0.133090605375717,0.206549025306634,1,1,-0.0159792569502843,0.275872078205302,1,1,-0.106286985635953,0.272496806660657,1,1
"50",-0.560589117310537,0.222595321312756,5,0,0,-0.597514461571971,0.178948278911829,0,0,-0.611997170085681,0.21496783467007,0,0,-0.413610559649255,0.248222236551703,0,0,-0.5339333273468,0.281402951615876,0,1
"51",0.124461238120117,0.237954771955827,17,1,1,0.137044375692579,0.206256517984385,1,1,0.122557415417982,0.205690198720149,1,1,0.191176674471129,0.255638013679893,1,1,0.170576332487767,0.264584032879442,1,1
"52",-0.0334070883504867,0.246545741666753,5,1,1,-0.0359820461353665,0.217632881981635,1,1,-0.0616223379373511,0.227473242787378,1,1,0.154519898460765,0.266095780126832,1,1,0.0184588208481772,0.232069324610823,1,1
"53",-0.282457639912276,0.224040690220284,7,1,1,-0.231658129248395,0.217967470822181,1,1,-0.272533591979129,0.174236143529521,1,1,-0.300800891904448,0.256233595270298,1,1,-0.365324282043354,0.28260730908425,1,1
"54",-0.522622897374867,0.197434239852345,17,0,0,-0.431917837831757,0.243442501988291,1,1,-0.324036491367551,0.305145123571342,1,1,-0.764788163613742,0.262992610255676,0,1,-0.531218937584114,0.258992120561901,0,0
"55",-0.170564804781405,0.249895919864199,15,1,1,-0.160271390374973,0.212749327074482,1,1,-0.22495162241395,0.226162890425818,1,1,-0.470357787871092,0.279698350795181,1,1,-0.165792880453104,0.277019925504651,1,1
"56",-0.105809488774883,0.230610174955277,19,1,1,-0.167175008339145,0.198516273341192,1,1,-0.15280886010788,0.21662249133844,1,1,-0.182667802479392,0.266223260490771,1,1,-0.137559857307989,0.246225704979005,1,1
"57",-0.286065190177387,0.270373670482628,1,1,1,-0.22319546788354,0.230821153537162,1,1,-0.165378400406952,0.201219874760563,1,1,-0.298177516936721,0.246502640493599,1,1,-0.286065190177387,0.239604773701059,1,1
"58",0.123827671439085,0.24069775115976,9,1,1,0.0957861866626077,0.206607914326367,1,1,0.094656181008811,0.215245944521175,1,1,0.152934310183994,0.2142759807651,1,1,0.0810042611092855,0.262774309759004,1,1
"59",-0.256302339970658,0.242738767921279,15,1,1,-0.222235714709976,0.226868257402747,1,1,-0.328471647302118,0.233480256330019,1,1,0.139339834213304,0.42166705409235,1,1,-0.358642678213915,0.397886459073128,1,1
"60",0.146949894863131,0.219244234342103,15,1,1,0.145168994145,0.214829684132628,1,1,0.212507785038507,0.201456963857144,1,1,0.130124747205678,0.256641281328893,1,1,0.167267958827084,0.236267500433962,1,1
"61",0.32571806561646,0.233279369860425,9,1,1,0.393878074011926,0.189202985598197,0,0,0.342031179369404,0.219922903157755,1,1,0.247104061310019,0.273231966360515,1,1,0.370601371555522,0.271744121111567,1,1
"62",0.124743350895845,0.190878446061589,19,1,1,0.0531804522867121,0.204535790519224,1,1,0.0656159495016287,0.204282697375247,1,1,0.143310346578688,0.209790833393043,1,1,0.105997022878906,0.223188957057338,1,1
"63",0.261497730932229,0.272099216278706,15,1,1,0.166486306946025,0.264507782063547,1,1,0.200465121282817,0.306900302947099,1,1,0.334540284361844,0.298197427016883,1,1,0.339329942643534,0.306939606243362,1,1
"64",0.170704945389723,0.244536287278898,19,1,1,0.0872109973342607,0.192993405362784,1,1,0.141282612280753,0.210455312856502,1,1,0.255255531443713,0.242873470542889,1,1,0.114650726248386,0.262239965966838,1,1
"65",0.185588679958729,0.220284526701776,7,1,1,0.188242008287978,0.184234828759714,1,1,0.19581597609284,0.17531739817825,1,1,0.322596034618088,0.193058216929873,1,1,0.100138629730908,0.214616591316837,1,1
"66",-0.00542318429913623,0.251697812024617,3,1,1,-0.0212640505850196,0.240803438128805,1,1,0.0225826450650368,0.204794796452622,1,1,-0.256141923497126,0.264102592599279,1,1,-0.0186759638484558,0.258301486295234,1,1
"67",-0.0861335289566242,0.273934385169782,3,1,1,-0.0498823619305782,0.184332579247686,1,1,-0.0949756272941779,0.218981561851667,1,1,-0.232220301040271,0.245079641556452,1,1,-0.119814227456218,0.315627202149282,1,1
"68",-0.0778124654683978,0.211470889485057,5,1,1,-0.0898512940853991,0.211087942815244,1,1,-0.083001291812926,0.181541500195242,1,1,-0.126476804322972,0.212564013615671,1,1,-0.00476013939156335,0.235002609747071,1,1
"69",-0.314164977632648,0.235734308545525,11,1,1,-0.0356136767606862,0.281182829657338,1,1,0.17703816535785,0.46273141053441,1,1,-0.331352475948922,0.272563110883693,1,1,-0.390318542945261,0.286735124837091,1,1
"70",-0.214458464144228,0.244037170869358,11,1,1,-0.0866479971766074,0.258087221092459,1,1,-0.10106015209142,0.258720387281812,1,1,-0.0295155606079454,0.2946830193134,1,1,-0.0714119439065039,0.268312458353203,1,1
"71",0.176882266293032,0.250017068948568,19,1,1,0.140200963006532,0.24811777588866,1,1,0.202995338820547,0.226682993257604,1,1,0.285738818058084,0.288500606624528,1,1,0.14279263684358,0.291999830166508,1,1
"72",-0.221867857694746,0.213042894873194,5,1,1,-0.179340505183165,0.178898271312877,1,1,-0.175226290644532,0.190788387221059,1,1,-0.181081495371426,0.211132535941042,1,1,-0.167347124433028,0.226050657513145,1,1
"73",0.0657283468828548,0.215812571374346,19,1,1,0.0426666903278018,0.2209784014589,1,1,0.0326315207455497,0.181658159786134,1,1,-0.135264282120092,0.198716925958504,1,1,0.0568094055577059,0.237569127806257,1,1
"74",0.154946867822428,0.231171535381937,13,1,1,0.233023496744563,0.250051761511464,1,1,0.189986454080051,0.214504044920655,1,1,0.111593053897815,0.292321914526441,1,1,0.212367411640497,0.275871907918958,1,1
"75",0.160346302570369,0.196350629096299,17,1,1,0.139189530480745,0.209091508809088,1,1,0.146280268279024,0.206181358373432,1,1,0.238171210291487,0.249322512511933,1,1,0.166108315759583,0.243590584420102,1,1
"76",0.104923117898792,0.190180965362987,5,1,1,0.184831747249483,0.202427867107119,1,1,0.160315942031493,0.182101083105245,1,1,-0.00260345737759355,0.254618606016084,1,1,0.117373486801312,0.272501357500761,1,1
"77",-0.334811477868721,0.217833316420111,17,1,1,-0.365881432101497,0.22254776923445,1,1,-0.383352618683363,0.210195352966537,1,1,-0.18667992007211,0.237691611129416,1,1,-0.296809199654967,0.218458508693481,1,1
"78",0.198216949938957,0.230111161295001,7,1,1,0.193142620368021,0.186174509209539,1,1,0.156013139633738,0.218674292272093,1,1,-0.00021423817373168,0.226949889196127,1,1,0.206986139343512,0.223455855182909,1,1
"79",-0.266118095096208,0.231169041745598,9,1,1,-0.0805362438734191,0.211322491717498,1,1,-0.116892820053743,0.208751947940369,1,1,-0.389949593937252,0.261330540200696,1,1,-0.0839013925804882,0.208740317262779,1,1
"80",-0.233508349889246,0.239719640071617,7,1,1,-0.321584275650643,0.209838085427215,1,1,-0.2572120472519,0.229969513552378,1,1,-0.132321288084234,0.261566306513544,1,1,-0.159475987379252,0.243163582135429,1,1
"81",-0.290842929764439,0.231574217439379,15,1,1,-0.223725126104995,0.208607161162053,1,1,-0.211286365825084,0.209206177210351,1,1,-0.155926082670943,0.264871955805078,1,1,-0.176336922315158,0.261443322133328,1,1
"82",0.111585232715309,0.216651145066582,5,1,1,0.0722122829549034,0.223402412634867,1,1,0.0185048623104493,0.20654493665799,1,1,0.0525897048846364,0.242806672238489,1,1,0.0415446581069279,0.23556259080962,1,1
"83",0.0312211307833532,0.214956979496648,13,1,1,-0.0711252926325859,0.218670131069614,1,1,0.00154935733789946,0.206512923443034,1,1,-0.0694375545092174,0.271220370029381,1,1,-0.024288823918063,0.270749002384318,1,1
"84",-0.149124058685465,0.193810028454345,11,1,1,-0.140217324083803,0.180878250463065,1,1,-0.0998832089411329,0.19746207624329,1,1,0.0357769564173209,0.260568245125824,1,1,-0.133607500082019,0.227343971085584,1,1
"85",0.493680208491516,0.231855578206966,9,1,0,0.468967695422786,0.236096184845648,1,0,0.455939539769158,0.23011896639433,0,0,0.431541859991967,0.254542439187397,1,1,0.407023699228529,0.268653543853062,1,1
"86",-0.0562028725879589,0.254089342161519,11,1,1,-0.172202870134912,0.242762127336664,1,1,-0.111279256899084,0.210774403321499,1,1,-0.157204916508679,0.211487623418463,1,1,-0.0336121131885333,0.21528690595675,1,1
"87",0.325457037999779,0.234101078349837,15,1,1,0.373360910289123,0.211550282099393,1,1,0.316714948124448,0.231508419677039,1,1,0.493914036699347,0.282436127814908,1,1,0.278686435930019,0.260943791295277,1,1
"88",-0.191080930446017,0.264482623520608,3,1,1,-0.211957772243966,0.221336310921342,1,1,-0.212832143945477,0.208545572087167,1,1,-0.158306278476723,0.25080736598572,1,1,-0.186876098494937,0.225206005241136,1,1
"89",-0.11539431995598,0.271193001275193,1,1,1,-0.0134630587547366,0.223458283897202,1,1,-0.0381529066742459,0.238172830718128,1,1,-0.0679744242701668,0.274504818376163,1,1,-0.11539431995598,0.318891740592599,1,1
"90",-0.222814885148901,0.238634025648525,1,1,1,-0.102278410698391,0.206061607101187,1,1,-0.11518892562514,0.173927703273263,1,1,-0.223407717398566,0.242110599411564,1,1,-0.222814885148901,0.244085700363814,1,1
"91",0.18930952920722,0.235396108496246,15,1,1,0.241980908981315,0.249380492115043,1,1,0.255198433860843,0.21535687319835,1,1,0.175421097255885,0.305716211510075,1,1,0.286642788179155,0.27559349760668,1,1
"92",0.102752275332881,0.184021305213758,15,1,1,0.00885110881796323,0.209308208373546,1,1,0.0971660522924515,0.188643099837176,1,1,0.174439636634087,0.235332328115992,1,1,0.0859488224840678,0.222010458560134,1,1
"93",-0.026981507305357,0.251434508626254,17,1,1,-0.0619083600163228,0.251614447794823,1,1,-0.0613884145637002,0.252916225729024,1,1,0.0842693849432085,0.328014335304476,1,1,0.0611008771217934,0.364673413860234,1,1
"94",-0.0273176957989016,0.243207104332779,5,1,1,-0.0348852431594271,0.206139253741642,1,1,-0.0595331803303153,0.176184219406109,1,1,0.0104909933730966,0.22410669243789,1,1,-0.0552897896214454,0.271876077738753,1,1
"95",0.13222330059395,0.253477304789273,9,1,1,0.267258463671016,0.217861970674968,1,1,0.268569006057325,0.257878922873479,1,1,0.188773235535086,0.267017091551187,1,1,0.212328349795434,0.221142974694473,1,1
"96",0.0797342544218628,0.20570520073308,11,1,1,0.104769006739185,0.196702983387129,1,1,0.0827298592199768,0.189222795012169,1,1,0.211586765520521,0.21980404573677,1,1,0.0391976343037822,0.22288701097619,1,1
"97",-0.330963615982532,0.223808170385196,17,1,1,-0.290660589817198,0.174789127710989,1,1,-0.338818441557524,0.1633134380509,1,0,-0.318186583711373,0.225934978646024,1,1,-0.29557845989297,0.243312796554102,1,1
"98",0.147774885466522,0.217814498665642,9,1,1,0.19474116319966,0.18471489357699,1,1,0.161042441372697,0.230307884420394,1,1,0.224369823272995,0.275343382493134,1,1,0.199541320229119,0.272877030027001,1,1
"99",-0.0376990983847456,0.235329850651179,17,1,1,-0.0366216409425842,0.200750335705817,1,1,-0.0565305407675921,0.202012903200936,1,1,-0.0642051715497057,0.254956443587693,1,1,-0.121573201615098,0.218902338114583,1,1
"100",0.107775314788773,0.207932026374829,15,1,1,-0.136696245785272,0.339077907240505,1,1,-0.0702513510487324,0.286855521352313,1,1,-0.127856270001754,0.242911384578297,1,1,0.135105073951153,0.269762875499936,1,1
