"","V1","V2","V3","V4","V5","V6","V7","V8","V9","V10","V11","V12","V13","V14","V15","V16","V17","V18","V19","V20","V21"
"1",0.20839013604569,0.247363831452322,15,1,1,0.435694047170297,0.181232835586011,0,0,0.142480421698537,0.211789080099937,1,1,0.232810762950254,0.225224567046867,1,1,0.12844138919211,0.238529577698824,1,1
"2",-0.0878936491119972,0.214233690732004,17,1,1,0.256169437863873,0.209699254282379,1,1,-0.101841025128715,0.228185092567248,1,1,0.221989604534334,0.208880734437719,1,1,-0.112268590526863,0.242334816469251,1,1
"3",0.00490112342216723,0.208735645063939,7,1,1,0.321581885039087,0.186315861152936,1,1,0.0359224429027834,0.222615491824642,1,1,0.458062144254575,0.241337685814499,1,1,0.0623350930135325,0.221397459894325,1,1
"4",0.100939818126318,0.22008981292554,13,1,1,0.387865133945269,0.198205907106446,0,1,0.100850822709522,0.214737137421323,1,1,0.60550469216487,0.248075811195524,1,1,0.0747488638396511,0.252050895513502,1,1
"5",0.433431158836479,0.205186604653051,13,0,0,0.666284844589084,0.171286273912668,0,0,0.450044599616507,0.215687857667976,0,0,0.611248191008058,0.205282282143906,0,0,0.418958208030415,0.239016119941497,1,1
"6",-0.0269513694150293,0.249881018511869,3,1,1,0.165405910604188,0.215862515585558,1,1,-0.0739197652673911,0.211990802352672,1,1,0.286792296719025,0.25520662856965,1,1,-0.0088599939177,0.222688179241517,1,1
"7",-0.11519260646035,0.197822222320055,15,1,1,0.185598566079551,0.23166322775933,1,1,-0.119610988268823,0.186131218383672,1,1,0.363186279089866,0.199042612384963,1,1,-0.138726221755156,0.264363756553034,1,1
"8",-0.00274284813913214,0.237361845790793,9,1,1,0.273608422004025,0.219962989871366,1,1,-0.0591238044215813,0.206071524065816,1,1,0.135701313289659,0.241398940857788,1,1,-0.0630886597997293,0.237871334265705,1,1
"9",-0.140278216519937,0.228257955369742,13,1,1,0.137525231484868,0.194433357916903,1,1,-0.108953758201134,0.207674570528902,1,1,0.212848061609051,0.238400681742248,1,1,-0.0407149211574185,0.238099821524322,1,1
"10",0.0621269362955922,0.223563038049297,7,1,1,0.300938926938273,0.185306999172812,1,1,0.0860484260559336,0.226837023507491,1,1,0.315333778918336,0.233138932128711,1,1,0.0938459156136382,0.24330366306312,1,1
"11",0.513052897245038,0.215632399797054,11,0,0,0.950111880468635,0.204450688339603,0,0,0.535259275014876,0.176554025711852,0,0,0.876432138069479,0.223730673152251,0,0,0.503836952534965,0.22693794060618,0,0
"12",-0.115752889228078,0.234361137499453,17,1,1,0.0594994601185971,0.184811196487737,1,1,-0.210236463503001,0.231030238597856,1,1,0.0213754876760967,0.233762504556295,1,1,-0.211315205181438,0.234455401135775,1,1
"13",0.231816753204713,0.215854948401418,17,1,1,0.422325808971289,0.213515499848445,0,0,0.165422527144813,0.213859421232579,1,1,0.390454496298034,0.264960949199402,1,1,0.200437452204952,0.270628357296444,1,1
"14",0.309148428549436,0.223741153315408,5,1,1,0.73584560364391,0.230125839915601,0,0,0.459173480770546,0.228378983545018,0,0,0.669584111710751,0.216899437138291,0,0,0.38273704867932,0.235300955751646,1,1
"15",-0.357692741067209,0.191199602816166,11,1,1,0.0177941366542625,0.211432560344811,1,1,-0.298280821866149,0.205493769332991,1,1,-0.0665769980437817,0.221442426288631,1,1,-0.240176219288204,0.210009143929935,1,1
"16",-0.183600134492081,0.196810651381412,13,1,1,0.197752619532159,0.180608033179416,1,1,-0.155998730508234,0.187236869899637,1,1,0.116359913300155,0.207421428274652,1,1,-0.238676219810695,0.195964889723451,1,1
"17",-0.170432497646438,0.224878190233119,3,1,1,0.0754523941928169,0.194539840613211,1,1,-0.168220122107784,0.162831710106153,1,1,0.211004145192779,0.243707662578767,1,1,-0.11300192332253,0.199057508820701,1,1
"18",-0.120310646024134,0.222693278664303,13,1,1,0.159370608519993,0.184013697656327,1,1,-0.118202009806345,0.207598170781328,1,1,0.139672785389861,0.238973767026251,1,1,-0.0889949671185401,0.202160842820487,1,1
"19",0.116388229110902,0.246102353256044,13,1,1,0.283916176382165,0.218784205265428,1,1,-0.011157703247922,0.208627485383268,1,1,0.4624176943848,0.261175600455143,1,1,0.0537018909300044,0.258254400261283,1,1
"20",0.114274606435248,0.229860754946942,5,1,1,0.328754792995605,0.212686462872769,1,1,0.0596918472543472,0.207157129315851,1,1,0.309645108802794,0.238582167636646,1,1,0.0505012446628568,0.254588079373112,1,1
"21",-0.135648362725992,0.224796848654327,9,1,1,0.272770120718758,0.184511200646062,1,1,-0.0379207763719262,0.204242155037136,1,1,0.316638221594519,0.224390595968804,1,1,-0.0177337144974004,0.232407458635473,1,1
"22",0.113061535403247,0.283459791734986,3,1,1,0.420341052106745,0.217495067434986,1,1,0.198819171396756,0.219263149017406,1,1,0.225250954641708,0.214634007355313,0,1,0.154481510700794,0.256686608678603,1,1
"23",-0.0945172816899742,0.217720778999792,11,1,1,0.153654894775811,0.198248375007181,1,1,-0.135713731870135,0.217830519885475,1,1,0.0191060883414082,0.241254580870225,1,1,-0.143241414189011,0.258647783595533,1,1
"24",-0.312232509795955,0.242645220520173,15,1,1,-0.0403354082201871,0.201733200296826,1,1,-0.268277119386861,0.231309879047106,1,1,-0.185754380172787,0.271837735496211,1,1,-0.259598464579483,0.244981696445894,1,1
"25",-0.0795643662821025,0.218926115480196,19,1,1,0.214371824569276,0.195930059117063,1,1,-0.139110831678994,0.213955419676903,1,1,0.254306943785639,0.227848267443481,1,1,-0.0878391247566909,0.247619317906518,1,1
"26",-0.0507517712560833,0.225657785254632,7,1,1,0.272269290248392,0.175990203987527,1,1,-0.0714363529452472,0.18473971117122,1,1,0.328185061316685,0.259585521915625,1,1,-0.0447755375581944,0.240516673867214,1,1
"27",0.293759616484255,0.216133437350893,11,1,1,0.546864633029253,0.156577569520588,0,0,0.269631334746383,0.182864641047742,1,1,0.474640244329194,0.220651767532668,0,1,0.258829954653943,0.226356133236174,1,1
"28",0.186914453436365,0.239292597977571,17,1,1,0.365710733986334,0.185518475959327,1,0,0.198301863303634,0.209712756663573,1,1,0.275207494543535,0.258740985610418,1,1,0.13391194940877,0.263012675609547,1,1
"29",-0.162416008293753,0.238285490585245,5,1,1,0.165808625317117,0.162731993914428,1,1,-0.19426281604647,0.192946024675229,1,1,0.315436086219964,0.210906001575532,1,1,-0.182920593594509,0.22112816248878,1,1
"30",0.423636882330158,0.188046247651671,19,0,0,0.894933553708709,0.197308895429256,0,0,0.429622405530095,0.193914554486459,0,0,0.826085142662896,0.259934192598842,0,1,0.393268556712544,0.21214588708621,0,1
"31",-0.214857575126238,0.188760886640556,19,1,1,0.0372882458957109,0.163928391621429,1,1,-0.299912555001149,0.213653421049898,1,1,-0.031752083797545,0.185954458581478,1,1,-0.252654845735054,0.230577616339986,1,1
"32",-0.225818485769624,0.237103142070168,1,1,1,0.314162569653232,0.17304676652022,1,1,-0.0775388870497246,0.221936737286794,1,1,0.178043720146277,0.24019579697658,1,1,-0.225818485769624,0.235198009664237,1,1
"33",0.164316629039913,0.207933430808728,11,1,1,0.542608757200573,0.218866752075715,0,0,0.204200939314068,0.191240089066816,1,1,0.523973399563387,0.228372833584263,0,1,0.200542337418929,0.246604778480863,1,1
"34",-0.0832183628365931,0.217285372845021,19,1,1,0.260316980413822,0.20164660257681,1,1,-0.0630173126386186,0.203286460965425,1,1,0.221084613102297,0.224157500152157,1,1,-0.0621121553446415,0.257923261670417,1,1
"35",0.204860052411544,0.209020011963677,13,1,1,0.43422974503264,0.211022881864889,0,0,0.166280919260881,0.202093313328062,1,1,0.422497177572976,0.217949397637476,0,1,0.15632193456971,0.235461633344057,1,1
"36",-0.134367746866868,0.197299428034299,15,1,1,0.174220095261431,0.17905943361101,1,1,-0.115838024516439,0.22412930396243,1,1,0.229548316366447,0.247122591435091,1,1,-0.156484283363425,0.228215650521879,1,1
"37",-0.147167166057891,0.235721717071241,1,1,1,-0.0533493869338062,0.237098972073935,1,1,-0.28141296541273,0.228534851171079,1,1,0.143209462598621,0.233268942663047,1,1,-0.147167166057891,0.227934732433501,1,1
"38",0.112812002334182,0.203313702281958,15,1,1,0.360614166782246,0.177277003653877,0,0,0.122406619073202,0.221892388588859,1,1,0.380122460288363,0.22432561817874,1,1,0.13363127727777,0.265160417364849,1,1
"39",-0.0891798724330456,0.274230988483514,11,1,1,0.188782947446929,0.202969647428739,1,1,-0.127322252485236,0.181252421874343,1,1,0.183625286414982,0.262496510172875,1,1,-0.0809031989138932,0.285420278523452,1,1
"40",-0.474485268701347,0.25212166555554,5,1,1,0.0299190673189461,0.194030002076509,1,1,-0.459979754170073,0.238940935801836,0,1,0.0926956629422281,0.265622397185275,1,1,-0.438878562876036,0.265730713312251,1,1
"41",-0.243989250713468,0.244688163050859,17,1,1,0.106773955978587,0.20466716709609,1,1,-0.221324880728039,0.214622786925775,1,1,0.147756105319505,0.241768340354257,1,1,-0.197808018109594,0.244504347714548,1,1
"42",-0.228919311865046,0.257591016918793,9,1,1,0.09488440401136,0.215496568733679,1,1,-0.235639048858657,0.223177020126048,1,1,-0.0887235087078985,0.262032664670896,1,1,-0.286223560514417,0.271289384745657,1,1
"43",0.0902485736149031,0.250599981741076,13,1,1,0.538764948980527,0.197305205205458,0,0,0.100042878957986,0.189540868549582,1,1,0.464118014286073,0.215158635051191,0,1,0.0785167360519453,0.208543728284727,1,1
"44",-0.0592712082065297,0.262277961667331,17,1,1,0.235145535701154,0.222302754955418,1,1,-0.0509669480270432,0.231934151442013,1,1,0.145837702459614,0.223596796042532,1,1,0.0305887468268785,0.260115214739672,1,1
"45",0.0617611600321511,0.207848524713978,9,1,1,0.340501050866753,0.191513151838175,1,1,0.0267242933043845,0.189109921804041,1,1,0.504322754235432,0.218402436600087,1,1,0.0117940350800729,0.25565883661492,1,1
"46",-0.225394844830196,0.192857009628598,19,1,1,-0.0158289677018873,0.165292943980178,1,1,-0.210990821256033,0.215039919022191,1,1,0.0539745484907073,0.27313647035498,1,1,-0.150068330470079,0.260157036076271,1,1
"47",-0.0597011928411276,0.244968750132776,19,1,1,0.209066805567475,0.220939789437195,1,1,-0.133782489718613,0.215283605453592,1,1,0.350584723359315,0.246434527895748,1,1,-0.0798894284850618,0.228173716542653,1,1
"48",0.0212173809762215,0.255066864782484,11,1,1,0.407956762513108,0.208105719659316,1,0,0.0214677442940472,0.249192811955636,1,1,0.750704063231282,0.237146803493587,1,1,0.0105426715061127,0.247815104667649,1,1
"49",-0.353895529204489,0.263289427367963,3,1,1,-0.132928259873495,0.224410496117685,1,1,-0.481319553751024,0.223049799303351,0,0,0.362166016842262,0.202010292977431,1,0,-0.208017529663794,0.239916835453116,0,1
"50",-0.140165943956957,0.2421181517242,15,1,1,0.0853677769221324,0.202858659165669,1,1,-0.20652785753558,0.204920820394021,1,1,0.348268231430131,0.250168940076176,1,1,-0.139562577470321,0.276071312361183,1,1
"51",-0.0514897796106314,0.187670447042704,11,1,1,0.208343962631185,0.194217419322325,1,1,-0.0506968396295001,0.19541855122277,1,1,0.204471290082785,0.208054433759549,1,1,-0.104387058393734,0.221245166614135,1,1
"52",0.161613586476734,0.194076033513619,19,1,1,0.593319993172484,0.221997284375113,0,0,0.15380988242357,0.207348248057419,1,1,0.552650933917402,0.242148498128282,0,1,0.093593286398138,0.245634393715497,1,1
"53",-0.266760248678503,0.23084701927494,5,1,1,0.121260006307843,0.191458513611955,1,1,-0.232757019137554,0.223697688930105,1,1,-0.0824976729673854,0.24543198534417,1,1,-0.278576945522197,0.250035607289653,1,1
"54",0.182042211283529,0.220284595177978,13,1,1,0.428850346711721,0.19783860414633,0,0,0.170344071307944,0.176294578017985,1,1,0.193213336177949,0.226784111737839,1,1,0.184853438753851,0.251988017147628,1,1
"55",0.0840608525356806,0.236880915973593,19,1,1,0.312467980114891,0.221141135484635,1,1,0.0613696729930275,0.222794272931529,1,1,0.457046434354027,0.226028603701442,1,1,0.0689151634827877,0.24692604372249,1,1
"56",-0.0220669101441464,0.223619402680017,13,1,1,0.290926100235709,0.212301033538469,1,1,-0.040727071518203,0.185819034810923,1,1,0.292450600070494,0.251431999579112,1,1,-0.0694132750814953,0.214483645938541,1,1
"57",0.101012790506876,0.214071173856072,5,1,1,0.281255107504521,0.190929249569266,1,1,0.0204838867971287,0.188494423373221,1,1,0.383565665206822,0.237417330130766,1,1,0.0787256647248471,0.218165458480079,1,1
"58",0.140546307273723,0.21027938353003,9,1,1,0.555652553774063,0.205342292855995,0,0,0.199626777447129,0.164910855697992,1,1,0.605652908244267,0.216424999548384,0,1,0.127279911605364,0.239855662366745,1,1
"59",-0.172714945244686,0.222054270561892,13,1,1,0.297807312780384,0.197355516312335,1,1,-0.135782899140864,0.226688908326154,1,1,0.20614816370412,0.218502332575508,1,1,-0.0886956864643585,0.227162483408042,1,1
"60",0.136606816163811,0.236566835772871,19,1,1,0.517456932914362,0.260692208885611,1,0,0.104166549804087,0.249676719546934,1,1,0.489302005139471,0.26003042515656,1,1,0.183169259133409,0.316027567228147,1,1
"61",0.237231378151313,0.228647591659872,17,1,1,0.578002347695525,0.231873554848559,0,0,0.315093252586552,0.194545601813273,1,1,0.346353341942958,0.249613852247809,0,1,0.245109479105261,0.261507900536991,1,1
"62",-0.0364922660989044,0.219346830339888,9,1,1,0.249341951228688,0.222654339995833,1,1,-0.093061409822294,0.220459505565944,1,1,0.321931309306458,0.236143232605535,1,1,-0.0845019237267551,0.231089744446672,1,1
"63",0.137707167419843,0.212103859005918,19,1,1,0.597913139745046,0.208576466169992,0,0,0.137663651718262,0.208063738491434,1,1,0.498011044458471,0.22647441582177,0,1,0.157546974725074,0.249812532501077,1,1
"64",-0.465660404856273,0.238416470798069,19,0,1,-0.0183478963893215,0.166121810624321,1,1,-0.467632964735978,0.215474557818722,0,0,-0.0442160924512831,0.252154138615141,1,1,-0.466875423556853,0.223603586021277,0,0
"65",-0.283696872325876,0.222313934374949,3,1,1,0.153735040072266,0.190887107304961,1,1,-0.146344900055836,0.202739489755915,1,1,0.162893060646077,0.205504765518397,1,1,-0.107672714073686,0.239815787650173,1,1
"66",0.305660838252563,0.217077160624419,11,1,1,0.566324727338571,0.213257519515689,0,0,0.33308797708621,0.208670529333242,0,1,0.472670887091985,0.254117948045694,0,1,0.296799098521773,0.248825795363507,1,1
"67",0.350802319533475,0.219372818950419,19,1,1,0.645523498890035,0.228789987845855,0,0,0.310190369167448,0.203497501552333,1,1,0.447483386199363,0.259293312226413,0,1,0.296531070066211,0.234444652619489,1,1
"68",0.456707180943674,0.209971307345628,15,0,0,0.668872968796688,0.200369227229494,0,0,0.457661365120316,0.186533187168013,0,0,0.648781067842715,0.203868881242354,0,0,0.433288974309323,0.219329798310287,1,0
"69",0.0339535684363789,0.234627942433455,19,1,1,0.247051248830013,0.213262437494479,1,1,0.00144454135456887,0.225395296657756,1,1,0.23227894068344,0.223813733602399,1,1,-0.039529975394235,0.274424813074518,1,1
"70",0.174211391265341,0.199400363062176,9,1,1,0.548572541864476,0.194898865432539,0,0,0.138759736435285,0.23562123337287,1,1,0.605455995635115,0.242703031773355,0,1,0.117211843187504,0.244333679959227,1,1
"71",-0.199272099732078,0.218712286482677,13,1,1,0.252458479367922,0.243358758825955,1,1,-0.185404276306645,0.242471743248081,1,1,0.230235232327439,0.285292748907897,1,1,-0.157716167014503,0.25684362717129,1,1
"72",-0.187119015249253,0.247934773514652,3,1,1,0.128022307861281,0.210381963641574,1,1,-0.237173799918766,0.198929644782956,1,1,0.015791897863017,0.258348959329343,1,1,-0.205529463683959,0.229788210965385,1,1
"73",0.480581621825028,0.227833090502915,19,0,0,0.62754581195632,0.188813227251703,0,0,0.484370372793313,0.169768163332137,0,0,0.591863469843036,0.220039286954024,0,0,0.478053795136159,0.217350474224583,0,0
"74",-0.166844326503047,0.254949572477995,15,1,1,0.240384973382696,0.199354804488672,1,1,-0.184713009809215,0.240211426566012,1,1,0.12707713444227,0.215620093619787,1,1,-0.264060580353309,0.279933961128205,1,1
"75",0.00402717559648249,0.230962467366622,17,1,1,0.13729164286644,0.210462258937174,1,1,-0.13557320185377,0.214890317450139,1,1,0.279570753224123,0.253304304866692,1,1,-0.0840708316102415,0.27891644271984,1,1
"76",-0.0682325614600191,0.204589438881142,11,1,1,0.283981117696446,0.192100728892799,1,1,0.00926504123896009,0.173429087989359,1,1,0.246260354126114,0.220649970902923,1,1,0.0184834732204086,0.256689401157391,1,1
"77",-0.163339009527181,0.238555938359322,7,1,1,0.10040450937567,0.207421381398619,1,1,-0.210048602399314,0.207047988416598,1,1,0.0270992366539132,0.234832720390428,1,1,-0.109871693304855,0.230709847222104,1,1
"78",0.400532809666461,0.224195701287799,13,1,1,0.519967408605099,0.19328909851935,0,0,0.313028238548553,0.186887436362852,1,1,0.611602967204865,0.257933402373006,0,1,0.330982911908019,0.239257355915405,1,1
"79",-0.108118685625999,0.252769746171764,17,1,1,0.227115534104521,0.209864043638779,1,1,-0.114274171006502,0.218832086517049,1,1,0.193151966496628,0.249842252586855,1,1,-0.113755771606099,0.241459532374382,1,1
"80",0.0474054458348439,0.236352759640653,5,1,1,0.499650459841153,0.166333078917645,0,0,0.0795560739294219,0.195883862986077,1,1,0.44637118827529,0.218966448956922,0,1,0.0865280322172905,0.226532473823198,1,1
"81",-0.141201598519093,0.202549134419107,19,1,1,0.264968052327268,0.192104257691123,1,1,-0.101821784092118,0.187049676035929,1,1,0.474502464512943,0.257442014283225,1,1,-0.137533974821826,0.251623413155403,1,1
"82",-0.0352073802616516,0.228460910547653,7,1,1,0.33696371810571,0.215282602260829,1,1,-0.013079383321112,0.194432212041207,1,1,0.310981470206339,0.21739216521533,1,1,0.0753460906484671,0.282172211767509,1,1
"83",0.0506366469015965,0.207271964478939,7,1,1,0.300836376389514,0.208127745457243,1,1,0.0021020657289326,0.236495087296132,1,1,0.510755867025119,0.201748290906328,1,1,-0.0146883726572225,0.249290514754184,1,1
"84",0.0472209872940006,0.215866770709287,9,1,1,0.317910101115821,0.202974303881902,0,1,-0.00883401068632493,0.200593728018285,1,1,0.279847278638138,0.250197101386985,1,1,0.0142099469876823,0.270703712218162,1,1
"85",-0.302838265305526,0.206753632330153,19,1,1,-0.0460474813910171,0.171240306436555,1,1,-0.353389460974956,0.196404906829433,1,1,-0.0490706064549968,0.259220033794991,1,1,-0.390435065705648,0.247257784054059,1,1
"86",-0.175120670162981,0.185969339434484,13,1,1,0.17564788203819,0.182133045153562,1,1,-0.180044933077696,0.185106679912793,1,1,0.0504657649354091,0.226867771413829,1,1,-0.199253513663626,0.229206113061502,1,1
"87",-0.104074829487482,0.21651252300861,15,1,1,0.0904260070483221,0.226489538706617,1,1,-0.198144131207133,0.214656343247005,1,1,0.276370401322448,0.240088362690926,1,1,-0.161614900707562,0.257601610596105,1,1
"88",0.204519627187239,0.253114835517312,3,1,1,0.567838831397305,0.190355946844278,0,0,0.241100370385757,0.200085645742013,1,1,0.427654462030779,0.239550517303237,0,1,0.188719983606944,0.249047617854197,1,1
"89",-0.039377431190117,0.231921085496402,9,1,1,0.343106633015229,0.191663249583874,1,1,0.0317242483014876,0.205371390556371,1,1,0.220511674763764,0.238650310511082,1,1,0.018134117519579,0.272045023423633,1,1
"90",0.236628013512619,0.22577917965254,5,1,1,0.471387951218039,0.207277929206509,0,0,0.145788673421408,0.207847169415516,1,1,0.72593649189944,0.261965914779666,1,1,0.147275225602063,0.239822315820943,1,1
"91",0.0445399173181671,0.228023705651916,13,1,1,0.349832496877759,0.190193104791149,0,1,0.0961983978104003,0.206367495958127,1,1,0.4640208920978,0.203433833010454,1,1,0.161296777451961,0.217569101982697,1,1
"92",0.381845678465309,0.225486980844011,17,0,1,0.659370995653022,0.215947792807068,0,0,0.425240261578707,0.206870634907513,0,0,0.674060493418882,0.217729404143546,0,1,0.456847431642752,0.241754333036452,1,1
"93",-0.194323474238094,0.172981907617415,17,1,1,0.128038739455098,0.203067616453186,1,1,-0.103012528304843,0.199649212788365,1,1,0.0991250289835241,0.222435056093317,1,1,-0.162578564045159,0.242068713145658,1,1
"94",-0.354085555244086,0.206039598951248,13,1,1,-0.0111067519317245,0.196645746992276,1,1,-0.3691882709143,0.185753757615686,1,0,0.0745688406812854,0.191195981823085,1,1,-0.411596462725333,0.203931278428871,1,0
"95",0.258900965045811,0.199481459638003,7,1,1,0.553028352631246,0.17752316151036,0,0,0.239491017073771,0.210287693966589,1,1,0.561340692962523,0.229267661004179,0,1,0.200573022332196,0.22973678941559,1,1
"96",-0.183733775399588,0.18790912410637,13,1,1,0.273094230979577,0.175783792234962,1,1,-0.138155679741146,0.211656590293766,1,1,0.415800193865842,0.241715211219108,1,1,-0.168314380030743,0.23239531390542,1,1
"97",0.116793769995167,0.16855671977549,11,1,1,0.409899652801849,0.179068252609672,0,0,0.137334013765712,0.174986907053466,1,1,0.310874273576001,0.256008170691718,0,1,0.124075998522968,0.239296359790283,1,1
"98",-0.0830474709910502,0.233278785000257,17,1,1,0.160909714649227,0.193477857235296,1,1,-0.0697406969375104,0.222090166838323,1,1,0.137910804352531,0.230051480942089,1,1,-0.0373616523562131,0.2223997591291,1,1
"99",-0.23024438676193,0.21268776760958,19,1,1,0.148515991355839,0.199488614934734,1,1,-0.244723501760643,0.195848444849261,1,1,0.315531914904549,0.253335933564846,1,1,-0.212027852315591,0.231661046542255,1,1
"100",0.278535913639948,0.249579454876415,19,1,1,0.465895110565855,0.215194170654954,0,0,0.177015820333822,0.197391347320649,1,1,0.383817113795074,0.269418917143132,0,1,0.224136078393288,0.258564336240012,1,1
