"","V1","V2","V3","V4","V5","V6","V7","V8","V9","V10","V11","V12","V13","V14","V15","V16","V17","V18","V19","V20","V21"
"1",0.231290306424438,0.19434632756351,17,1,1,0.336072684984243,0.195633531308536,1,1,0.347796885358262,0.187933037122745,0,1,0.325376189178893,0.245400516265418,1,1,1,1,1,1
"2",0.717452152173304,0.224049600826895,17,0,0,0.762052646030646,0.189938032490022,0,0,0.77182318750239,0.186306093213159,0,0,0.821152247427367,0.255673020210218,0,0,1,1,1,1
"3",-0.260524842511582,0.213998604856769,7,1,1,-0.199362218356549,0.192744241153977,1,1,-0.222595379012424,0.214060194804378,1,1,-0.375829912115749,0.268334495372081,1,1,1,1,1,1
"4",0.635272463265344,0.228762884619892,17,0,0,0.598301733633551,0.241913816096062,0,0,0.622948906089612,0.203580317796797,0,0,0.562744453846094,0.246973012834992,0,0,1,1,1,1
"5",0.346256894151767,0.220901238898229,11,1,1,0.366359727786693,0.20583583536444,1,1,0.358593303401131,0.191594019425973,0,1,0.349775518731465,0.251058272527371,1,1,1,1,1,1
"6",0.0778724712278523,0.234146671945032,3,1,1,0.110296585090144,0.221210818799967,1,1,0.106737844108424,0.219116197603397,1,1,0.230072351977825,0.283632399255682,1,1,1,1,1,1
"7",0.452649357943898,0.221556750107556,17,0,0,0.413418775542362,0.158802403090169,0,0,0.410793031811934,0.175049835729463,0,0,0.59527375421953,0.253097888164587,1,1,1,1,1,1
"8",0.0827715127696667,0.225160528766723,19,1,1,0.117925936108423,0.223153020165927,1,1,0.11506849737943,0.199377296637561,1,1,0.126206093405606,0.279718456925235,1,1,1,1,1,1
"9",0.279597177583388,0.219020234706725,11,1,1,0.254699233962452,0.211352685249166,1,1,0.257903585020602,0.191606542713609,1,1,0.206219624577032,0.253653581458231,1,1,1,1,1,1
"10",0.585989167406255,0.222917576568599,17,0,0,0.642608155642069,0.232358106235343,0,0,0.643774855558871,0.243950697142585,0,0,0.757830417834222,0.28015957665505,0,0,1,1,1,1
"11",0.274191764962638,0.227323681685732,3,1,1,0.263459515805912,0.189082939997722,1,1,0.273520756353902,0.200298786139154,1,1,0.253988369073681,0.183360719733796,1,1,1,1,1,1
"12",0.306755053866656,0.201982701939445,13,1,1,0.316055812663513,0.188982737020877,1,1,0.315032126040396,0.191824505441068,1,1,0.20801116816453,0.247274910793249,1,1,1,1,1,1
"13",0.568737677977282,0.235349486913857,11,0,0,0.523722301863556,0.23418134805439,0,0,0.51275429773198,0.231896690958764,0,0,0.679801247933597,0.271397244445458,1,1,1,1,1,1
"14",0.52129477242133,0.208144616126027,7,0,0,0.510227342893216,0.210293414014051,0,0,0.526812643806988,0.184955241929291,0,0,0.447669506728676,0.218991737951404,0,0,1,1,1,1
"15",0.389868660787288,0.25047409988565,17,1,1,0.396903631301031,0.216791828903513,1,1,0.388443264453995,0.192043082305203,1,0,0.276997136143967,0.272909882209499,1,1,1,1,1,1
"16",0.386584787840725,0.224668080050698,11,0,1,0.468249561142546,0.20816486063401,0,0,0.476421150052216,0.214688339360212,0,0,0.634165209353786,0.28469773709394,1,1,1,1,1,1
"17",0.0578667166913429,0.220178774606468,7,1,1,0.0511195128128538,0.190927868073655,1,1,0.0465819274136954,0.183691031961681,1,1,0.0637353790133856,0.212272606132676,1,1,1,1,1,1
"18",0.615479256310941,0.199017158521032,19,0,0,0.605527667125177,0.215749453331689,0,0,0.611384872962811,0.208579224508294,0,0,0.66557758609506,0.253810610208549,0,0,1,1,1,1
"19",0.281120784475739,0.201718831934727,11,1,1,0.232986807035081,0.198412013751695,1,1,0.250252912953629,0.185755335943028,1,1,0.271286932439701,0.217632494265932,1,1,1,1,1,1
"20",-0.105341709098442,0.201822709319078,19,1,1,-0.158893902404017,0.189061149043106,1,1,-0.15927236354887,0.20357323295835,1,1,-0.151612344861533,0.239087564721872,1,1,1,1,1,1
"21",0.546060059554807,0.179470529929852,15,0,0,0.539082055068295,0.162786544522988,0,0,0.542938074133211,0.194210209356837,0,0,0.491515464419368,0.215279042992912,0,0,1,1,1,1
"22",0.318405913339953,0.190412752621835,17,1,1,0.270984272676054,0.188129210736861,1,1,0.277535093794848,0.1994617115464,1,1,0.468200731816988,0.22344156327554,1,1,1,1,1,1
"23",0.200627482791765,0.214258213303379,11,1,1,0.293071702903994,0.189086248617802,1,1,0.285947812065557,0.189280723011645,1,1,0.200846063633443,0.194570062906039,1,1,1,1,1,1
"24",0.192868544688224,0.199723918521543,11,1,1,0.197548192892402,0.194810678751055,1,1,0.203785113395499,0.196639169361831,1,1,0.138462050344886,0.225505353760355,1,1,1,1,1,1
"25",0.10882878109657,0.23182726124257,19,1,1,0.121371108222834,0.168901965915154,1,1,0.116571934681776,0.168948809828269,1,1,0.118069751958928,0.240064618252197,1,1,1,1,1,1
"26",0.480507467385005,0.17710836392835,11,0,0,0.473657382823308,0.191839053751968,0,0,0.477481375985683,0.188941423059508,0,0,0.511647388228211,0.181747989619009,0,0,1,1,1,1
"27",0.599617941902992,0.206788732095497,15,0,0,0.547519718522708,0.223970246642362,0,0,0.542937782330354,0.202107154699728,0,0,0.360960605529888,0.259540347391562,1,0,1,1,1,1
"28",0.448047127338077,0.230340007482851,1,1,1,0.347732560562259,0.172270389017125,0,0,0.350225620048957,0.193820052295516,1,1,0.453440807063714,0.208409779775287,1,1,1,1,1,1
"29",0.294364102951055,0.206523183173135,19,1,1,0.284130783885938,0.222115875855802,1,1,0.291941596700255,0.196185527625307,1,1,0.056494198453272,0.229371433628574,1,1,1,1,1,1
"30",0.224355896514617,0.207386647646763,11,1,1,0.285038603024588,0.253645611112375,1,1,0.274984141486713,0.217440247868168,1,1,0.409903060578854,0.231700526012957,1,1,1,1,1,1
"31",0.520453537933428,0.246305372371356,15,0,0,0.47377809188885,0.205909948106829,0,0,0.494604476544919,0.238097391565524,1,0,0.474531445294167,0.256828945795016,0,1,1,1,1,1
"32",0.40358157337616,0.183847839069139,11,0,0,0.423532747613121,0.176476669310502,0,0,0.413564652809764,0.169149026079287,0,0,0.310620554485095,0.2025224362787,0,0,1,1,1,1
"33",0.319342533391368,0.230798472806184,13,1,1,0.325810748355549,0.209955389981647,1,1,0.319378910568312,0.200991102318233,1,1,0.566628524988652,0.250496742009604,1,1,1,1,1,1
"34",0.51530559151768,0.199210675053309,15,0,0,0.50110347447049,0.194203858090262,0,0,0.511634132865271,0.218268779106974,0,0,0.567436613714945,0.244173575404988,0,0,1,1,1,1
"35",-0.0917935095529963,0.22484369743021,13,1,1,-0.0535623019363498,0.215275395287093,1,1,-0.0331990378743039,0.206888513788912,1,1,-0.143934174091473,0.263949697588332,1,1,1,1,1,1
"36",0.430726600231319,0.227934976072575,19,0,1,0.476219943402467,0.218993969168871,1,0,0.466324072056622,0.194123389439746,0,0,0.558386525131125,0.241578771939345,0,1,1,1,1,1
"37",-0.0615279604884557,0.230334151950811,19,1,1,-0.11809377974097,0.200040464511265,1,1,-0.116860199536355,0.18137480797098,1,1,-0.305191058837371,0.256667261242184,1,1,1,1,1,1
"38",0.330146082775386,0.216412242530214,5,1,1,0.290156030982245,0.18682150334238,1,1,0.297263277652821,0.221125115966764,1,1,0.257635249544548,0.236211147311355,1,1,1,1,1,1
"39",0.353494952108333,0.254600412373751,3,1,1,0.257274388105075,0.204583593041991,1,1,0.268860215566475,0.201283646989066,1,1,0.545784312471294,0.245864384303563,1,1,1,1,1,1
"40",0.479048161991097,0.181886571814352,15,0,0,0.483991238989044,0.155700677402236,0,0,0.478068557950464,0.180394728696006,0,0,0.38463527758267,0.201827744247258,0,0,1,1,1,1
"41",0.445112223166025,0.221425280763329,17,1,0,0.442969772350713,0.2125817359084,0,0,0.441856335507537,0.214755229099646,0,0,0.664954910167699,0.234429074629138,0,1,1,1,1,1
"42",0.682384741855394,0.210088173752081,15,0,0,0.696727321301959,0.183178628852086,0,0,0.719481047588007,0.199617388808201,0,0,0.978375467863185,0.233006570200965,0,0,1,1,1,1
"43",0.471059142335255,0.18305343916975,17,0,0,0.459048240745094,0.177738201870215,0,0,0.442007444439376,0.174365897792511,0,0,0.507452369421983,0.265593355186276,0,1,1,1,1,1
"44",0.661383205349105,0.200955306923351,3,0,0,0.575839635941642,0.203078800075882,0,0,0.584609931151424,0.191133537035696,0,0,0.615330053479846,0.210530356585159,0,0,1,1,1,1
"45",0.307200228001036,0.210652858666097,5,1,1,0.262089656848418,0.193294229211543,1,1,0.25056150353929,0.187391256578455,1,1,0.36034924555182,0.236743361597718,1,1,1,1,1,1
"46",0.0755796600893084,0.245568017845973,1,1,1,0.0467945854564412,0.213629522807483,1,1,0.0451120445195249,0.206332654408729,1,1,0.122751417734484,0.295863528636326,1,1,1,1,1,1
"47",0.368369815737973,0.216618204317759,7,1,1,0.437809888212031,0.208593533443892,0,0,0.431375992470992,0.19502709554271,0,0,0.393619766700336,0.246695098990772,0,1,1,1,1,1
"48",0.1100157235048,0.235582409169949,13,1,1,0.159957263135133,0.221638299020587,1,1,0.136871955480546,0.219200557194617,1,1,0.047873393439658,0.23685958934492,1,1,1,1,1,1
"49",0.619504635606145,0.208629130995172,15,0,0,0.606225842379449,0.193183446093773,0,0,0.626440848175002,0.221344757114383,0,0,0.342391130948396,0.238450103550918,0,0,1,1,1,1
"50",0.590749353211043,0.207155215155836,11,0,0,0.646396612750972,0.182578405418478,0,0,0.641991370815701,0.189499293396912,0,0,0.613270186877014,0.229476865262319,0,0,1,1,1,1
"51",0.283664717490657,0.212271438588025,9,1,1,0.294974504205487,0.203976092274713,1,1,0.294615082809443,0.190321937211989,1,1,0.283291725862118,0.206071066108056,1,1,1,1,1,1
"52",0.351083219047823,0.208110553394109,17,1,1,0.348825666607294,0.19112859304639,1,1,0.361361028326827,0.209006806840457,1,1,0.0786347087914604,0.179138877064241,0,0,1,1,1,1
"53",0.16386865145731,0.201161763395933,19,1,1,0.175041078444729,0.166948645980961,1,1,0.189744619738254,0.195266396895085,1,1,0.22620856101511,0.243125228513758,1,1,1,1,1,1
"54",0.535537034345467,0.21708146084866,11,1,0,0.453869265613463,0.210420636170162,0,0,0.457433453211164,0.188687882428704,0,0,0.699494153808385,0.248088371064975,0,1,1,1,1,1
"55",0.14664368025601,0.242724195674877,9,1,1,0.152701055185749,0.185551222781331,1,1,0.148311775205633,0.211263743476653,1,1,0.15210251483646,0.209729969256268,1,1,1,1,1,1
"56",-0.022755096543017,0.220017211535039,17,1,1,-0.062223933252267,0.199392738315655,1,1,-0.0657124085269599,0.172112362292394,1,1,0.132515161166468,0.239683928157179,1,1,1,1,1,1
"57",0.113156464055299,0.208160073485959,1,1,1,0.0748220468399948,0.173985582327475,1,1,0.0863745369866022,0.188304963519501,1,1,0.144582753254611,0.216377083511871,1,1,1,1,1,1
"58",0.423181268161182,0.195789249092074,19,0,0,0.455648910989277,0.180085649928356,0,0,0.439400078073064,0.202937214545359,0,0,0.291560958871028,0.245821061455529,1,1,1,1,1,1
"59",0.062133256079933,0.185321266018022,13,1,1,0.111379920625694,0.191319878835216,1,1,0.109714351840888,0.214288577838711,1,1,0.134116430462342,0.257580156342715,1,1,1,1,1,1
"60",0.141425310584795,0.21959741506001,19,1,1,0.190113662180417,0.210943667235388,1,1,0.199287493435387,0.237582882075534,1,1,0.162510957963466,0.237841129230453,1,1,1,1,1,1
"61",0.108203932492792,0.198423818152909,17,1,1,0.163218503784392,0.197765805902205,1,1,0.154996217127349,0.185920337147498,1,1,0.167904872288343,0.238759997424714,1,1,1,1,1,1
"62",0.273706099674083,0.180718896142488,17,1,1,0.313740886413664,0.191564081878498,1,1,0.309122070194768,0.194944096724719,1,1,0.356465163542747,0.236998710438352,1,1,1,1,1,1
"63",0.209207962642709,0.20136233209916,15,1,1,0.21987139829875,0.195921627670766,1,1,0.197502791556658,0.205392818554345,1,1,0.474147162390042,0.242188421804887,1,1,1,1,1,1
"64",0.43969543216151,0.211606191325987,7,1,0,0.430738017070851,0.184195454720377,0,0,0.432884974976826,0.19268304255359,0,0,0.585529384807875,0.237600720745615,0,1,1,1,1,1
"65",0.509818789859247,0.194608670398511,19,0,0,0.446482389190472,0.220788945209901,0,0,0.466448834128574,0.202314719511148,0,0,0.375765807201698,0.174653604899058,0,0,1,1,1,1
"66",0.225037024659799,0.214298558535955,7,1,1,0.243768988955176,0.191398563423824,1,1,0.246234633402076,0.204979770767908,1,1,0.227568985879601,0.204076729044255,1,1,1,1,1,1
"67",-0.185979151638631,0.216287676440266,5,1,1,-0.234948781808735,0.185154562586683,1,1,-0.234975482850607,0.214204522079005,1,1,0.0106822890802822,0.222426744307702,1,1,1,1,1,1
"68",0.255588354245122,0.191885939240661,19,1,1,0.21392364412754,0.165286773014049,1,1,0.211477947756647,0.201052794174875,1,1,0.289837658824229,0.206273695636054,1,1,1,1,1,1
"69",0.318705478478885,0.218217487048064,19,1,1,0.273483416669172,0.183287307554774,1,1,0.28184730788108,0.195018512454001,1,1,0.271947858388607,0.222086691374506,1,1,1,1,1,1
"70",0.498028461356429,0.221326946520903,11,0,0,0.499968603489224,0.187562209981748,0,0,0.505503949680826,0.179983004485691,0,0,0.623376513505411,0.242576344526702,0,0,1,1,1,1
"71",0.0691435149755864,0.213237964066661,1,1,1,0.129797623839774,0.157629564941338,1,1,0.139968551705283,0.188666955022442,1,1,0.0589757886424898,0.251560121078677,1,1,1,1,1,1
"72",0.59723781052773,0.211292272194237,19,0,0,0.586540771343949,0.177950198840214,0,0,0.597327184196412,0.186747693312563,0,0,0.659802181828276,0.222756921673753,0,0,1,1,1,1
"73",0.14791497853823,0.198981727077271,15,1,1,0.0877366541353348,0.217402324303466,1,1,0.0902811697803901,0.192325046119223,1,1,0.25967295114788,0.231728824478818,1,1,1,1,1,1
"74",0.33258953206187,0.227410485838891,11,1,1,0.27449351075301,0.207306677947147,1,1,0.273474259926238,0.209097966177019,1,1,0.302034990055636,0.220028038572588,1,1,1,1,1,1
"75",0.123717755416113,0.22461854406833,15,1,1,0.138195057617101,0.170755137033133,1,1,0.147228822186386,0.223020440918318,1,1,0.124948256667945,0.235998393591433,1,1,1,1,1,1
"76",0.142268440160046,0.17677892956513,17,1,1,0.237557032381741,0.194607552615952,1,1,0.213396009238223,0.17445765984285,1,1,0.267395155491489,0.222920463598953,1,1,1,1,1,1
"77",0.421665937990382,0.22693087934111,7,0,1,0.373399389250362,0.178811209568312,0,0,0.377272294259741,0.181787238398664,0,0,0.245586615483759,0.260035476710638,1,1,1,1,1,1
"78",0.268154567628105,0.235221904889519,5,1,1,0.174931806124041,0.20423080829991,1,1,0.196488335182373,0.1961949171088,1,1,0.285276095557603,0.232793043325008,1,1,1,1,1,1
"79",0.243993989133241,0.195200470905421,5,1,1,0.33316310225395,0.171379041047174,0,1,0.319960600570715,0.188435962183805,0,1,0.310194021188822,0.199521129530047,1,1,1,1,1,1
"80",0.634866349848802,0.207108371646998,13,0,0,0.720104415910238,0.21070886889355,0,0,0.70205350440054,0.227669609131302,0,0,0.656062608827834,0.249376535890708,0,0,1,1,1,1
"81",0.401925861450059,0.183379929157723,19,0,0,0.418188295658386,0.199830007727957,0,0,0.417616849544855,0.187544581032526,0,0,0.44617087009116,0.254374357032832,1,1,1,1,1,1
"82",0.37551131528136,0.250425233995839,17,1,1,0.294912366060423,0.222757321961995,1,1,0.28986961882158,0.231695473625551,1,1,0.476112967004076,0.2483901228086,1,1,1,1,1,1
"83",0.330511793982194,0.228485468625341,7,1,1,0.386777044020616,0.236619969632834,1,1,0.367316175661348,0.215231688449903,0,1,0.23171100829,0.228002096270335,1,1,1,1,1,1
"84",0.0535751065013069,0.226134137275467,5,1,1,0.0879138826433973,0.20080296488764,1,1,0.0840805209376516,0.180455036336688,1,1,-0.0771457843384389,0.249427600796622,1,1,1,1,1,1
"85",0.101404483520917,0.191823845028034,11,1,1,0.0904925089196862,0.208989558497567,1,1,0.113447003670214,0.196225909424479,1,1,0.154164794127357,0.233344457049732,1,1,1,1,1,1
"86",0.273552521466216,0.206771753751484,13,1,1,0.278363369716919,0.23220646467027,1,1,0.307014101320187,0.210414137162726,1,1,0.297990066976338,0.255091763417323,1,1,1,1,1,1
"87",0.46912944288801,0.195719328571184,13,0,0,0.460520033709692,0.174242164032079,0,0,0.480300312380325,0.19227443846585,0,0,0.363836154135806,0.218707916147449,0,0,1,1,1,1
"88",0.450727585844178,0.218797463471717,5,0,0,0.480787652765643,0.214813900076586,0,0,0.485465000794481,0.184834010768708,0,0,0.601599375109344,0.228971971046275,1,0,1,1,1,1
"89",0.200862374832648,0.188567832339613,9,1,1,0.174690996277271,0.198557757552441,1,1,0.178477959052528,0.172181695040449,1,1,0.0532571958869214,0.245796916148517,1,1,1,1,1,1
"90",0.428326096569479,0.202052214119888,7,1,0,0.315383380896559,0.209748511972295,1,1,0.319264437706235,0.19089974091106,1,1,0.38506143330052,0.221843574308114,1,1,1,1,1,1
"91",0.655794866385301,0.227866584575602,3,0,0,0.467916089503902,0.208285059772546,0,0,0.475399130835428,0.19359366196562,0,0,0.386742591227442,0.226176503161621,0,0,1,1,1,1
"92",0.373846727843273,0.193690947722433,9,1,1,0.308555631034997,0.193019145430605,1,1,0.301029394341874,0.179234879597999,1,1,0.168527055919685,0.224056101588292,1,1,1,1,1,1
"93",0.24600770807596,0.207963797284039,13,1,1,0.270181760300907,0.197562535194048,1,1,0.283353491639367,0.198833673060701,1,1,0.0376329691024803,0.218859411150728,1,1,1,1,1,1
"94",0.10123001350117,0.196164746957247,11,1,1,0.0580815465426948,0.191698607562442,1,1,0.06884142834063,0.176790198419572,1,1,0.111627339130928,0.208710192530874,1,1,1,1,1,1
"95",0.329629165514697,0.206647816900043,9,1,1,0.315089203368351,0.181476888048129,1,1,0.317030712480273,0.182823064943681,1,1,0.205410144881101,0.267733697597275,1,1,1,1,1,1
"96",0.36488075195492,0.209615231377394,19,1,1,0.304868407177348,0.213941036729041,1,1,0.313529263254803,0.210543784228683,1,1,0.422353084680939,0.273699149180154,1,1,1,1,1,1
"97",0.223234201711528,0.233263934066238,11,1,1,0.286908832194396,0.213032325404086,1,1,0.28630728188737,0.1978842865971,1,1,0.35171391764963,0.245965253369687,1,1,1,1,1,1
"98",0.520330882973778,0.22139968374547,9,0,0,0.468811892972024,0.191111209062517,0,0,0.481597695247321,0.202608908993862,0,0,0.401273086369455,0.217188677614324,0,0,1,1,1,1
"99",0.471978751612937,0.18545773484316,9,0,0,0.419219491927215,0.206880690809606,0,0,0.420626441604814,0.204138512202288,0,0,0.477642053932249,0.233491678207264,1,1,1,1,1,1
"100",0.334979945805043,0.208211884844309,9,0,1,0.394528249588286,0.180651068512463,0,0,0.389764983839415,0.198458790806421,0,0,0.134570947037369,0.248852662349746,1,1,1,1,1,1
