"","V1","V2","V3","V4","V5","V6","V7","V8","V9","V10","V11","V12","V13","V14","V15","V16","V17","V18","V19","V20","V21"
"1",-0.257232497885906,0.241253314436767,13,1,1,-0.435425960331316,0.272749366486842,1,1,-0.395985821938529,0.240167044562954,1,1,-0.495048017583195,0.257372122224192,1,1,0.0539142122301648,0.261999133808452,1,1
"2",-0.0975142486045033,0.232108265010984,17,1,1,-0.267491466641843,0.194864002700186,1,1,-0.209488622825995,0.202437184467771,1,1,-0.226110256439517,0.271373739447216,1,1,0.0361605772873208,0.279989312111472,1,1
"3",0.218580434695957,0.234542368897728,17,1,1,0.0950904382899776,0.231302023715348,1,1,0.107544285442602,0.231837549266056,1,1,0.26026900181547,0.238998573368294,1,1,0.408181495249116,0.245297800611515,1,1
"4",-0.193995042791736,0.290933873555225,11,1,1,-0.155002250491228,0.241432129368058,1,1,-0.245104917634431,0.249761987594672,1,1,-0.793956236861808,0.32388788006005,1,1,0.00886517983571675,0.329911802975096,1,1
"5",0.0470654836797047,0.226093635516035,15,1,1,0.0873816960697892,0.21062780486855,1,1,0.088586118230746,0.208459258755428,1,1,0.00273398415591136,0.274422216127719,1,1,0.52541630362016,0.281684918378164,1,1
"6",0.125995585172167,0.228002934956805,19,1,1,0.134138823887715,0.221868957502647,1,1,0.170791895574752,0.196051326578845,1,1,0.298297070386031,0.251945890878885,1,1,0.392950117751996,0.241565110557803,1,1
"7",-0.0916509072497265,0.224704705470734,3,1,1,-0.132413948928611,0.204664089672771,1,1,-0.0982394774201292,0.214323269021244,1,1,-0.204396542518767,0.243654250864458,1,1,0.0239267391717466,0.245100831798124,1,1
"8",0.0841466567367074,0.21772963299521,13,1,1,-0.0607808618302727,0.205650068302618,1,1,-0.0280320519631905,0.191119636844942,1,1,-0.290968102144875,0.227373777789352,1,1,0.314355963446882,0.242512634854929,1,1
"9",-0.0168759118965708,0.229378422711735,11,1,1,0.0623607415097593,0.182933416951192,1,1,0.0382005814621095,0.193506819989976,1,1,-0.0210437167174434,0.264199523824216,1,1,0.364253927137705,0.279875796372883,1,1
"10",-0.0159133593651523,0.225208606116993,17,1,1,-0.0960027769855483,0.198372687268363,1,1,-0.0875170024219248,0.216984957361675,1,1,-0.288424358550292,0.252786101105259,1,1,0.215998141587109,0.260702782192586,1,1
"11",0.126321454283895,0.22402090070358,9,1,1,0.0617721953863076,0.193143685937207,1,1,0.112712498500074,0.202391800404601,1,1,0.0501225032081817,0.261168655356778,1,1,0.520124797739325,0.237388471715476,1,0
"12",-0.293070607040754,0.235852037120862,15,1,1,-0.259733527134144,0.218109960010866,1,1,-0.313014656582194,0.233163757634166,1,1,-0.137996280659487,0.262501531704263,1,1,0.0569311556633361,0.277523128355567,1,1
"13",-0.599555204358652,0.220536222936364,13,0,0,-0.52997676290708,0.215550294826622,0,0,-0.500857404671248,0.219623538800214,0,0,-0.517181282542331,0.259617176237062,0,1,-0.292133467129109,0.288791244038093,1,1
"14",0.171491374098577,0.258642912974124,5,1,1,0.118573408154406,0.239811908525947,1,1,0.132820032799839,0.225777748405699,1,1,-0.0582382032762762,0.305081027937228,1,1,0.322546565116881,0.260002008465883,1,1
"15",0.0570055962801048,0.214339460261733,9,1,1,0.165684936224245,0.220848321918081,1,1,0.128860861104313,0.215356438645545,1,1,0.234710679649437,0.242795800060128,1,1,0.35820101703312,0.262931977718737,1,1
"16",0.0711185185196219,0.215956928421793,17,1,1,0.0777719810204101,0.213806617848757,1,1,0.0470922740290494,0.224143953894122,1,1,0.0306089451829231,0.271153818940224,1,1,0.392132324049606,0.257548358181669,1,1
"17",0.125494946132992,0.231462506726672,3,1,1,0.22941277569804,0.198533444854803,1,1,0.250779363503682,0.211208252346331,1,1,0.0953436481430257,0.23429772971515,1,1,0.38527874716259,0.249519036631031,1,1
"18",0.114043236520376,0.208124239490082,17,1,1,0.106885605039536,0.188067990506776,1,1,0.14142524053418,0.186297343817916,1,1,0.00637224379951732,0.236983056800419,1,1,0.419424002623357,0.243024340382068,1,1
"19",0.0241582205673587,0.231198270856821,7,1,1,0.0597113589682743,0.211301338899012,1,1,0.070642670557136,0.226938844398944,1,1,0.259426875833264,0.246710984829671,1,1,0.250729726711798,0.259749102568709,1,1
"20",0.170375843483349,0.215424837718013,13,1,1,0.0957940275678778,0.200577986745389,1,1,0.132238019785611,0.198583952391916,1,1,0.192786111261186,0.220230167330909,1,1,0.426910841851446,0.223590222055799,1,1
"21",0.00782579173782149,0.256366238285083,13,1,1,-0.0198254596007658,0.202310853253148,1,1,0.0028079604458936,0.214679167453353,1,1,0.0466552287107152,0.345225890928871,1,1,0.201322007969338,0.350048037152964,1,1
"22",-0.0468518386409755,0.258123308770907,5,1,1,-0.036314811608261,0.251516363726516,1,1,-0.0375266931763241,0.248433645061747,1,1,-0.0688787232295383,0.280168139350855,1,1,0.189874129388694,0.293774016937632,1,1
"23",-0.159342384028142,0.222486111016472,9,1,1,-0.25591097343925,0.21624913775098,1,1,-0.258746113397532,0.211646495870711,1,1,0.0129224206827196,0.245620843998862,1,1,0.0999491318894062,0.22597526539652,1,1
"24",-0.0854233475883548,0.212403367496689,17,1,1,0.0594492538422297,0.196290934502164,1,1,-0.00460722195304677,0.20244631980039,1,1,0.202203828911322,0.347730713463276,1,1,0.183252833907786,0.328284086150876,1,1
"25",0.05063403653254,0.235065068648671,9,1,1,0.0435733760283963,0.228374919272841,1,1,0.0185856357537318,0.227042266261008,1,1,0.0777304335954808,0.274468601658643,1,1,0.277285504367779,0.265031600170985,1,1
"26",-0.0873871994348735,0.205669699919198,17,1,1,-0.0920526255515697,0.203809688100218,1,1,-0.0896424913535754,0.200090828976556,1,1,-0.0895833424107849,0.249543214432421,1,1,0.152942946719959,0.245913959741003,1,1
"27",-0.00675275787011288,0.208438734754593,19,1,1,-0.0591006019882032,0.226795310836388,1,1,-0.0230386832429765,0.220625439734941,1,1,0.0400397482039438,0.240283004270621,1,1,0.333498064862549,0.257741389570404,1,1
"28",-0.236973593184246,0.241058401864761,11,1,1,-0.178460203062733,0.214378983235156,1,1,-0.187493665222791,0.211944648291882,1,1,-0.148064317739237,0.255551586281182,1,1,0.0183918106160585,0.248678106589002,1,1
"29",0.382193077012118,0.216708391777551,15,1,1,0.32237475929645,0.192271552312299,1,1,0.335378918169286,0.192072584003642,1,1,0.281696321759349,0.227026904422841,1,1,0.608970393946349,0.234442294486581,1,0
"30",-0.101948342612503,0.230168044554314,13,1,1,-0.0155120498596543,0.229005402954032,1,1,0.0387997615936083,0.220874712219712,1,1,-0.0160051785997847,0.26148460735682,1,1,0.287377247888758,0.254424340264397,1,1
"31",0.189200757573725,0.209207868397351,19,1,1,0.248155899492958,0.202556288958708,1,1,0.207550731209487,0.191349228470303,1,1,0.595390345884192,0.2311628437379,1,1,0.485140485986702,0.243605859166892,1,0
"32",0.0548193476969657,0.235784054039371,9,1,1,0.0152854371497419,0.212786686629113,1,1,0.0271367375550667,0.212864612317328,1,1,-0.147755046813551,0.249132197451597,1,1,0.261332824735064,0.254973641187287,1,1
"33",-0.0024801749798588,0.254133026291248,15,1,1,-0.003910738204439,0.206508985952429,1,1,0.0214702748432491,0.217016863945531,1,1,-0.144801971273526,0.260874200733213,1,1,0.240218723392889,0.284900314789605,1,1
"34",0.266456770108922,0.226146227790381,19,1,1,0.365438405297779,0.227400519436117,1,1,0.372607976131669,0.233156322639787,1,1,0.342575450633452,0.266098002283027,1,1,0.417201855271601,0.246171936213752,1,1
"35",0.411256507904642,0.236002909379127,3,1,1,0.303028880659149,0.208351126082965,1,1,0.300074131795598,0.211906699396647,1,1,0.454973231584737,0.245621269273694,1,1,0.552944560202723,0.252266678718385,1,0
"36",0.137297049591583,0.218065463820274,9,1,1,0.17518047218955,0.240241594748334,1,1,0.232271723270452,0.239625098261353,1,1,-0.0615282239593389,0.27100964481892,1,1,0.402270618663557,0.263268954033371,1,1
"37",-0.0071777682095805,0.216188984883696,15,1,1,-0.0660106541842037,0.203330420235968,1,1,-0.0366042244690453,0.204657606042197,1,1,-0.0501213251949417,0.227346303747266,1,1,0.248572657961073,0.231709473911866,1,1
"38",0.0538729520534192,0.228750620864767,5,1,1,0.13222454175211,0.20329867633138,1,1,0.147089597327634,0.214750225254874,1,1,-0.12241448063101,0.256862799158029,1,1,0.445754778876611,0.260330474712185,1,1
"39",0.422862205936806,0.256743965345784,19,1,1,0.553690499993352,0.246721297411355,0,0,0.527575971789652,0.224386575445266,0,0,0.3415487185832,0.29096847227355,1,1,0.74476625027366,0.280707514167363,1,0
"40",0.261953188951786,0.240767026896499,13,1,1,0.361416275113134,0.229018821880722,1,1,0.359128645346949,0.226528552424389,1,1,0.378656804865155,0.273715297564531,1,1,0.610151195337176,0.274603925231461,1,0
"41",-0.152172164997224,0.243225938845447,11,1,1,-0.109230016693329,0.20403185677141,1,1,-0.125632768262323,0.21598367920098,1,1,-0.26874194469668,0.253660379034164,1,1,0.177830631866573,0.263208750853679,1,1
"42",-0.0685649444752706,0.253892828478008,17,1,1,-0.0582653896014416,0.239403410003372,1,1,-0.0703980868838692,0.270186068321488,1,1,-0.478747197376889,0.412388111943726,1,1,0.309687602276186,0.411293383167667,1,1
"43",-0.449699839375073,0.328453710217624,3,1,1,-0.278698747589671,0.239000426893301,1,1,-0.277744527695987,0.242563360681814,1,1,-0.674269324698699,0.337211143229557,1,1,-0.137963746037338,0.334219906988718,1,1
"44",-0.0195005938208553,0.229117303366221,13,1,1,0.00883890206523929,0.217449406554114,1,1,0.00744101532919864,0.219945041663891,1,1,0.0912965532099047,0.257601565022013,1,1,0.219391356312556,0.268546610335604,1,1
"45",0.19060450618185,0.237413920461017,19,1,1,-0.0656346310805401,0.349008575175939,1,1,0.0294837654983854,0.314718320413904,1,1,0.334375008748144,0.285745776431031,1,1,0.492046970403251,0.27808003246054,1,1
"46",0.0611318713822611,0.243914739656272,13,1,1,0.074725011124499,0.197614997608569,1,1,0.0803017415805724,0.21975283003646,1,1,0.0396291010049564,0.306454678293969,1,1,0.326719819907818,0.278963967571489,1,1
"47",0.238146079115222,0.233057111846089,11,1,1,0.166353048127104,0.189867886586732,1,1,0.203757431959537,0.202057950994375,1,1,0.0847193142279506,0.245160601729527,1,1,0.466949988543307,0.253151700845952,1,1
"48",-0.0702629024867567,0.255698653473021,3,1,1,-0.0237326523697781,0.233526527357567,1,1,-0.0101218477662214,0.231836288082014,1,1,-0.145710503779054,0.258978793336722,1,1,0.0864855319807189,0.260955295305608,1,1
"49",0.0227850152132262,0.217895836000962,19,1,1,0.0209034071760169,0.215422334322892,1,1,0.0178155012391831,0.214585972082018,1,1,0.150777024893889,0.265955230873869,1,1,0.24434946326237,0.256429497852501,1,1
"50",0.288187854447785,0.252590358314603,13,1,1,0.325774276708155,0.235790370531855,1,1,0.304801990769997,0.228534309899297,1,1,0.154459569219854,0.274957015135329,1,1,0.53485642613347,0.288558207686708,1,1
"51",-0.238592606360038,0.248595812472819,3,1,1,-0.340209231376186,0.267831899345542,1,1,-0.335833313720518,0.270377147682893,1,1,-0.227930078595176,0.245426427903648,1,1,0.0811092688997931,0.26960229535434,1,1
"52",0.24618843657265,0.255643319609681,19,1,1,0.248085713248346,0.229976105751029,1,1,0.237679425652929,0.223292895945237,1,1,0.349165885603252,0.298180074037204,1,1,0.522198958383598,0.293776342243662,1,1
"53",0.166529169751425,0.219417845530307,19,1,1,0.193503876730231,0.227805771491489,1,1,0.129957070778061,0.231651808445765,1,1,0.267938053099404,0.261038499420752,1,1,0.447540364846913,0.283455933707354,1,1
"54",-0.0565896086985606,0.233817496042275,5,1,1,-0.14965271454334,0.203199662740296,1,1,-0.0574719691626177,0.204379813095109,1,1,0.162494294724038,0.236920458449827,1,1,0.16274496005321,0.257033694650031,1,1
"55",0.229955215460802,0.241882284940742,3,1,1,0.259734129140786,0.204438355584116,1,1,0.280342208670366,0.203505613793391,1,1,0.379691851909652,0.256766408024192,1,1,0.520276234994279,0.242205417989035,1,0
"56",0.0576839721886127,0.226232366065084,7,1,1,-0.0569713556431548,0.205606161283554,1,1,-0.0489013978866595,0.206583790525025,1,1,0.0893642665968676,0.245738381301842,1,1,0.303732130102876,0.270955260663734,1,1
"57",-0.00263684808546781,0.249031073081546,7,1,1,-0.0865196032043645,0.277469254335228,1,1,-0.0971809012284401,0.250819129346634,1,1,0.150269121210806,0.265623724287232,1,1,0.301785291126609,0.274444312852425,1,1
"58",0.28473044127111,0.226334063718962,15,1,1,0.304232128500411,0.203062239952687,1,1,0.311946718953872,0.204440454187164,1,1,0.27714021638624,0.227930239150815,1,1,0.46710314273767,0.243203699337259,1,1
"59",-0.315831846914691,0.224217428633968,9,1,1,-0.409795014020488,0.25478958699215,1,1,-0.377708662547372,0.237015714728159,1,1,-0.366659801238851,0.263024675920242,1,1,0.0216342200294735,0.256706387609087,1,1
"60",-0.225157360892392,0.228316115196164,19,1,1,0.0292065819121838,0.231433978904972,1,1,-0.00568484247220001,0.231185038205006,1,1,0.0315351048660657,0.256889899307597,1,1,0.269765639257511,0.235901914153432,1,1
"61",-0.0741675870575383,0.236051818789608,13,1,1,-0.0873857491411622,0.220954727316646,1,1,-0.0578851429091936,0.225352200312398,1,1,-0.0151172451806206,0.264011427800885,1,1,0.172548472294245,0.258409359593894,1,1
"62",0.179789687782709,0.196727807792331,9,1,1,0.00621595110064574,0.222046404937063,1,1,0.0513975426102339,0.221133625599329,1,1,-0.166249674654947,0.231939826729292,1,1,0.433486016441813,0.235718217604755,1,1
"63",0.0859055568940233,0.213724590221205,7,1,1,0.0887689566962399,0.188151460931463,1,1,0.0892188766907957,0.192305746032173,1,1,0.330700761936626,0.22253656395594,1,1,0.344298005697673,0.224497373943014,1,1
"64",0.162055279315802,0.257327265982116,3,1,1,0.0220143990568087,0.215627915161041,1,1,0.00610865280474216,0.222397367996499,1,1,0.0743880159266222,0.273060125775451,1,1,0.226853560611605,0.265149490692514,1,1
"65",-0.0874440253606836,0.23136150398411,13,1,1,-0.233068929755004,0.267615518203483,1,1,-0.153341839673922,0.255569325377786,1,1,-0.299304500687925,0.260887593943093,1,1,0.174220301768257,0.269063860179406,1,1
"66",-0.0660600054140545,0.221550041670299,11,1,1,-0.130454439618491,0.231181186445195,1,1,-0.117784940794389,0.235727975676789,1,1,-0.219859423737354,0.256742005362927,1,1,0.31361663623939,0.243272535556908,1,1
"67",-0.451276361318452,0.241592670988014,17,0,1,-0.486805949269194,0.215501336317415,0,0,-0.480716777851855,0.222220873532274,0,0,-0.409554288849824,0.252244108146179,0,1,-0.194568680481614,0.261066811768241,0,1
"68",-0.082468317909153,0.22895341899084,7,1,1,-0.197003457633809,0.208717611258671,1,1,-0.177553899708014,0.215489837124413,1,1,-0.118102654600806,0.226675477021496,1,1,0.191706477003597,0.252836449736036,1,1
"69",-0.0585073631694919,0.200691481659899,19,1,1,0.015787350748559,0.189190731730311,1,1,-0.0347433945126549,0.198019714297115,1,1,0.12498763327505,0.23433079965793,1,1,0.204309586916189,0.233218091385345,1,1
"70",0.385193320657825,0.211901910124203,9,0,1,0.230376627545921,0.259428062000268,1,1,0.277763708680755,0.249167618109697,1,1,0.348147865418994,0.252411886622524,1,1,0.659242087216482,0.247592649635133,1,0
"71",-0.0349986030398535,0.225877596015236,5,1,1,-0.0727459423415945,0.217724764989793,1,1,-0.0322279714405503,0.206617071483252,1,1,-0.0275979168990151,0.249015334704584,1,1,0.148007695788169,0.244373633821617,1,1
"72",0.165985204750093,0.219847887942324,7,1,1,0.118978732591099,0.195204047625327,1,1,0.129556275430358,0.198705570792327,1,1,-0.0130953201441225,0.250244194450048,1,1,0.325790099247424,0.23592640849777,1,1
"73",-0.289815102331566,0.234674876407395,11,1,1,-0.246087408002842,0.235041034538696,1,1,-0.229355199401115,0.227436807783797,1,1,-0.384151687494112,0.268721455093133,1,1,0.0547611895757943,0.253712807689959,1,1
"74",0.198658370003898,0.241852224755781,17,1,1,0.153122262995717,0.211956837235795,1,1,0.161334745643339,0.208597419670596,1,1,-0.0343946041056388,0.255195580290364,1,1,0.485438192882024,0.265636993846032,1,1
"75",0.335183109708734,0.209644112046732,7,1,1,0.0422021610852138,0.285997134220549,1,1,0.0938818813112779,0.232433538535603,1,1,0.360819796092055,0.233086948512727,1,1,0.470793754467472,0.236246178367588,1,0
"76",0.265530710005755,0.255212752438433,3,1,1,0.308423491298312,0.254831548422412,1,1,0.280783128820038,0.243797979907031,1,1,0.225031861806995,0.264017619360122,1,1,0.461952512237972,0.249759184367038,1,1
"77",-0.00585846492264517,0.210496881168863,19,1,1,0.000711102655706499,0.217918369351998,1,1,-0.0204708396209202,0.222251634362345,1,1,-0.041581010327473,0.274112255014934,1,1,0.293825448571004,0.260153246162276,1,1
"78",-0.0636515159441795,0.230886907069892,7,1,1,-0.251840037675793,0.241449198059847,1,1,-0.171233814054299,0.232255073334021,1,1,-0.0364261385385965,0.240829490650264,1,1,0.101881908935529,0.243675482522953,1,1
"79",-0.301558753340962,0.22588204022401,19,1,1,-0.3188093793047,0.220760593328702,1,1,-0.33007568222384,0.223706453818221,1,1,-0.120208686002436,0.306101742363023,1,1,0.0961943472922549,0.287453414570093,1,1
"80",0.00846552426483278,0.231186184641254,7,1,1,0.0546837169426079,0.202679776007037,1,1,-0.0135155499316096,0.210177071162547,1,1,0.114931299160015,0.264322690369228,1,1,0.172552319965013,0.260136142995467,1,1
"81",0.353026957164008,0.230155299412211,11,1,1,0.199312408310872,0.20785580443756,1,1,0.236925256646037,0.212744199681268,1,1,-0.09295987177971,0.259290957075739,1,1,0.512961271314692,0.281355576984809,1,1
"82",0.273722077821502,0.222958569425217,9,1,1,0.29702119608381,0.207293460203664,1,1,0.310717647321382,0.200870251918415,1,1,0.382346784532257,0.247952317750952,1,1,0.455874537379888,0.25529737244218,1,1
"83",-0.0730629627040811,0.208382290956752,11,1,1,-0.0596339100652724,0.207397655224094,1,1,-0.0738179407373817,0.20817924891209,1,1,-0.0951200325108298,0.229033901737511,1,1,0.212590511811479,0.239265622022646,1,1
"84",-0.114182789963921,0.208606856816651,15,1,1,-0.322867927166585,0.237057363099453,1,1,-0.329269462092566,0.226644901359962,1,1,-0.298077883061535,0.235997225538787,1,1,0.238976130160966,0.224285186648537,1,1
"85",-0.173902532479922,0.224673296937249,17,1,1,-0.156443201351252,0.233413653374955,1,1,-0.119966930181079,0.257272926294749,1,1,-0.425969089944488,0.259155678969234,1,1,0.147710567610941,0.265551170389806,1,1
"86",0.420055432274246,0.206160668265387,11,0,0,0.321635740541974,0.202919166337461,1,1,0.378579301060693,0.181976839075875,0,0,0.525193187122222,0.227973019096766,1,1,0.72648431255702,0.239653492516476,1,0
"87",0.124985688864081,0.230565633302517,19,1,1,0.209553924535082,0.215725117734335,1,1,0.21124617285898,0.206566306784726,1,1,0.103595527009226,0.250137240575018,1,1,0.518456362698283,0.252374792908734,1,0
"88",0.142109632777311,0.245333205677513,11,1,1,0.110410453713178,0.236715504589875,1,1,0.138066061898107,0.230002344312775,1,1,0.0625312459552395,0.281104359562021,1,1,0.558708351411176,0.281475835253533,1,0
"89",-0.22465819886613,0.234181505074747,17,1,1,-0.232526697034402,0.218057897908008,1,1,-0.236584281470576,0.212094986321379,1,1,-0.228071849432633,0.26414463362283,1,1,0.0276571150425045,0.247655620288097,1,1
"90",-0.130292622609887,0.217806755827165,13,1,1,-0.142430707322145,0.205576485505398,1,1,-0.1485292697795,0.198062263855122,1,1,-0.161821912703058,0.25563247172151,1,1,0.103309470725903,0.258434797419886,1,1
"91",0.125931418283444,0.20714714766094,13,1,1,0.0599595615176571,0.191485758767693,1,1,0.0857470512965922,0.209173312678639,1,1,0.00412122981316286,0.232755498490529,1,1,0.310989235581422,0.245679366406301,1,1
"92",0.279504387863607,0.212479501061837,9,1,1,0.148148988258671,0.204979727200767,1,1,0.162946087709196,0.184692162636438,1,1,0.0850306600148593,0.211999537140036,1,1,0.504754578958616,0.225035814013389,1,0
"93",0.077445115797402,0.230380072044564,17,1,1,0.0430530772762654,0.231071126928015,1,1,0.0421404647195533,0.235196604791571,1,1,0.177246114471169,0.275467633647817,1,1,0.528149981712566,0.284503481242954,1,1
"94",-0.4583994343377,0.250296775265186,9,1,1,-0.302540575993817,0.233501739241219,1,1,-0.273706062097646,0.220917882443845,1,1,-0.510066106624249,0.255031453933812,1,1,-0.0895410173447156,0.269062036638415,1,1
"95",0.125631206740459,0.237506745093082,3,1,1,0.209464993117355,0.2078281409788,1,1,0.1856277580294,0.204159421334967,1,1,0.192843302318882,0.229683059047418,1,1,0.361105258679432,0.238280072286909,1,1
"96",0.173519561519336,0.242904848287027,15,1,1,0.222804523477312,0.220781271206863,1,1,0.221570382579703,0.219898128509501,1,1,0.428522819787946,0.25378593218423,1,1,0.497373920704751,0.255568397643894,1,1
"97",0.380291169863065,0.225326096675011,13,1,1,0.369316415713483,0.219774906872959,1,1,0.388482269830984,0.211058443838851,1,1,0.359406317460745,0.243289231219304,1,1,0.5357241416019,0.246499784361854,1,0
"98",0.438700820087183,0.235912084939434,7,1,1,0.395592782337885,0.211315343124438,1,1,0.372037781036441,0.195931568470946,1,1,0.57134664943852,0.290197874069371,1,1,0.563477899133733,0.287418105544741,1,0
"99",0.158656318057668,0.224858767242265,15,1,1,0.0846241577055444,0.19120391180683,1,1,0.0976820044915392,0.200523198044543,1,1,0.146204804095926,0.244584158709529,1,1,0.377773520310226,0.246849491734926,1,1
"100",-0.109271664733763,0.246379943416557,11,1,1,-0.0374589637147084,0.214741148921393,1,1,-0.038703036299037,0.224474991887051,1,1,-0.116560656119252,0.311866228937395,1,1,0.165531229398125,0.296964445429114,1,1
