"","V1","V2","V3","V4","V5","V6","V7","V8","V9","V10","V11","V12","V13","V14","V15","V16","V17","V18","V19","V20","V21"
"1",-0.236070509114817,0.229121062781123,17,1,1,-0.198374009419025,0.182385653139563,1,1,-0.244112674541359,0.211319068169285,1,1,-0.230583497403577,0.243550479837722,1,1,-0.20098607644705,0.264532321844308,1,1
"2",-0.13043767384224,0.224462880499911,15,1,1,-0.13589145297211,0.234132534628662,1,1,-0.201360151510391,0.219593236463377,1,1,-0.00714643435016472,0.215434022592398,1,1,-0.213734094883009,0.261954442950013,1,1
"3",-0.0811100886056356,0.230476140420313,7,1,1,-0.164341908860338,0.240876807442701,1,1,-0.0719839491083637,0.228282296055863,1,1,-0.380783681736491,0.292377936562679,1,1,-0.124445105153312,0.283199956477879,1,1
"4",0.0403575011414878,0.242856579423415,19,1,1,-0.0166778163349533,0.251453600317594,1,1,0.0102191187689349,0.205767057996215,1,1,0.104272132731836,0.228731935831597,1,1,0.0928840071433139,0.24741569983483,1,1
"5",-0.362794089696394,0.236154174189438,13,1,1,-0.267829989855617,0.201218090608056,1,1,-0.321160297303962,0.208404624075119,1,1,-0.225983955584905,0.274394327653756,1,1,-0.36221161472744,0.319704028074345,1,1
"6",0.148999091349175,0.236385866227102,5,1,1,0.0969513285872121,0.190400513159571,1,1,0.0805359761943356,0.208949220068533,1,1,0.135412142468483,0.219265858316341,1,1,0.0550584005924425,0.212612294358981,1,1
"7",0.158266679242795,0.235940112462423,17,1,1,0.167282482055942,0.229635537545945,1,1,0.154333246697718,0.201533983599667,1,1,0.256698372714383,0.269793982827046,1,1,0.103352163467446,0.250272478320122,1,1
"8",0.132235099676856,0.27355672302323,19,1,1,0.0671292157572969,0.236224057765143,1,1,0.0793522732795281,0.222219997850228,1,1,0.115051646186451,0.260171642214927,1,1,0.150741890777343,0.296459308275294,1,1
"9",-0.426965500476089,0.196650437377071,7,0,0,-0.436326992477057,0.184689593331591,0,0,-0.425260174347235,0.200467858962932,0,0,-0.46128044271183,0.258394933183103,1,1,-0.380516313501363,0.216369003630519,1,1
"10",0.160279324820847,0.224790719645607,15,1,1,0.195481134896963,0.238701071874367,1,1,0.169664601539322,0.237596803779555,1,1,0.207181147848001,0.276405798461296,1,1,0.0848968414798984,0.297140744618856,1,1
"11",0.380229017351399,0.207237840180234,17,0,1,0.337856896154728,0.257598255586054,1,1,0.364366863915004,0.252321263142271,1,1,0.390034374154639,0.231632139434573,1,1,0.330187044724593,0.264249465402504,1,1
"12",0.204999921423796,0.225417965225989,17,1,1,0.263159251479174,0.238979015717016,1,1,0.290046796842769,0.245891839181848,1,1,0.300016379549831,0.212739829723848,1,1,0.267808585875377,0.258439246764978,1,1
"13",-0.446923627276355,0.199475588568357,19,0,0,-0.462545528588673,0.194161707196279,0,0,-0.461659953188861,0.204036385837903,1,0,-0.287002478584837,0.240171682969116,0,1,-0.437340739520927,0.214536478972743,0,0
"14",-0.105273128604702,0.223439104295276,17,1,1,0.011012599085876,0.181952751328426,1,1,-0.0749224527954247,0.174206525253934,1,1,-0.0898772511289286,0.251340535250224,1,1,-0.0686677410981394,0.269576168534399,1,1
"15",-0.184094150637631,0.196174739534372,11,1,1,-0.240103988390267,0.194982731984134,1,1,-0.234598197137636,0.192825816668292,1,1,-0.455401172707182,0.215363844159678,1,1,-0.246624486924827,0.255111663473053,1,1
"16",0.122709089547185,0.283557990261381,17,1,1,0.120759818040677,0.235675120329507,1,1,0.0994495265008433,0.249337087229458,1,1,0.0483611823329925,0.340262614396226,1,1,0.0977592815753243,0.394741638518571,1,1
"17",-0.117378311805591,0.206269735550625,15,1,1,-0.0585439435996647,0.213615869440353,1,1,-0.121190648998126,0.212405429101943,1,1,-0.0512033926180345,0.234544693988668,1,1,-0.146497938377425,0.250587822969175,1,1
"18",-0.28083093207915,0.204743747265665,9,1,1,-0.0847627057588728,0.206251173477892,1,1,-0.164657856652283,0.237307331410239,1,1,-0.0908912458890947,0.246899374026194,1,1,-0.0935980204424433,0.2380395245998,1,1
"19",0.142712964363825,0.219838663278337,17,1,1,0.129545814542947,0.187927949063141,1,1,0.12084209220885,0.187512645473739,1,1,0.0883143828941831,0.214067192605774,1,1,0.105469931326118,0.204006047162946,1,1
"20",0.351605588877129,0.252692505781116,5,1,1,0.356768393524889,0.205011329091368,1,1,0.369857751416899,0.236912581915221,1,1,0.351557669086138,0.263055328921895,1,1,0.387680309675478,0.257684295820289,1,1
"21",-0.0212704261555663,0.2396779840195,17,1,1,-0.0316721377881316,0.223791968411121,1,1,-0.0213520626035654,0.230892920379058,1,1,0.0575757381542498,0.248990971263396,1,1,0.0193570387476883,0.264399167784561,1,1
"22",0.268306968160624,0.216792329933353,7,1,1,0.307448901006313,0.228963212982444,1,1,0.255384815346709,0.189866820360085,1,1,0.15094163724104,0.242498237970657,1,1,0.276317653534397,0.263959615953745,1,1
"23",0.189992350565481,0.256310444576539,3,1,1,0.107805012681621,0.194198148655093,1,1,0.110714463673333,0.211187906647295,1,1,0.31186105836993,0.239759322560114,1,1,0.169733165914795,0.235140816563525,1,1
"24",0.208635110546444,0.260900557289039,3,1,1,0.278869594617194,0.19348394719164,1,1,0.25392807334429,0.259170814101725,1,1,0.311992807802087,0.26005988400291,1,1,0.154959064907517,0.249218708941348,1,1
"25",0.021850920690333,0.232255941653653,11,1,1,0.0786873293624104,0.21322519764183,1,1,0.10213616911558,0.21289703454141,1,1,0.0925147725039706,0.221829658322536,1,1,0.114594555616379,0.250434383819473,1,1
"26",0.455796733513322,0.237901107683623,15,1,1,0.41176804434993,0.232627991680675,0,1,0.430065888219372,0.202358277476582,0,0,0.3287927884445,0.263584720138793,1,1,0.318011613260238,0.251406786170539,1,1
"27",0.00270260310494905,0.238258738348272,19,1,1,0.0478237610424532,0.231712900833749,1,1,0.0219740073081652,0.243356298285982,1,1,0.137814836218821,0.292609100423195,1,1,0.0815796554693648,0.287669113577881,1,1
"28",-0.142968637989128,0.240607674474238,13,1,1,-0.30421961393652,0.254090761033144,1,1,-0.259708504589347,0.249069921191246,1,1,-0.357432119922345,0.270908037306831,1,1,-0.197434057308565,0.236718853287406,1,1
"29",-0.265523888105105,0.235923425948859,5,1,1,-0.298027417814296,0.198016311739834,1,1,-0.267526660914029,0.219577145394987,1,1,-0.169182933167596,0.252543011123261,1,1,-0.303690957838475,0.245141515742467,1,1
"30",-0.00619433040055182,0.217957525129669,5,1,1,-0.0386892853754923,0.19885008708395,1,1,-0.0473813637037249,0.211200689627978,1,1,0.0356636027864717,0.25300249399879,1,1,-0.0795422347374107,0.228382706111468,1,1
"31",-0.175141669622193,0.197561749481466,11,1,1,-0.190754852754289,0.190416107815144,1,1,-0.210370742014119,0.216349045421395,1,1,-0.205505878584637,0.227204789256435,1,1,-0.232534851719567,0.256631376797325,1,1
"32",-0.243668771046913,0.238236766075461,19,1,1,-0.610248086491796,0.367934023568383,1,1,-0.456827997302691,0.307380791531753,1,1,-0.19608612808286,0.334993976424314,1,1,-0.155410029344853,0.294951803051601,1,1
"33",-0.282631841611982,0.286240326700145,7,1,1,-0.249785493193399,0.323042919754836,1,1,-0.297892491970756,0.285884660812299,1,1,-0.571250112968022,0.343486737210363,1,1,-0.279278704638938,0.328402215807195,1,1
"34",-0.0984328594896622,0.212640980292235,17,1,1,-0.0775174925621521,0.20511726476702,1,1,-0.0762283299438216,0.194902373495035,1,1,0.0044531881110816,0.251342234179688,1,1,-0.0177671086683383,0.237846082871086,1,1
"35",0.133734428230779,0.207116708887952,19,1,1,0.199221190019482,0.189939267301753,1,1,0.17828199395967,0.21707394546841,1,1,0.157416550291475,0.255417573334172,1,1,0.270806392771986,0.291200698737322,1,1
"36",0.14478908377141,0.198441881725127,19,1,1,0.052191607940722,0.221824167542235,1,1,0.0822697457432192,0.206763652274563,1,1,0.0478283564094006,0.22666751041253,1,1,0.0751308090538794,0.255224955650699,1,1
"37",-0.040638488413496,0.207697718851727,17,1,1,-0.151935002858859,0.233652758794895,1,1,-0.0425109784269776,0.212215781412023,1,1,0.0287382813662971,0.222786703910822,1,1,-0.0462894007406668,0.217857593422019,1,1
"38",-0.0704385642685886,0.334764760964965,1,1,1,0.0616475143514559,0.249858159137585,1,1,0.0435461517367717,0.261262315972063,1,1,-0.0520513127684486,0.325636385952574,1,1,-0.0704385642685886,0.27085496842965,1,1
"39",-0.0438252482865793,0.18634467895512,19,1,1,-0.0661848302556758,0.228872106961921,1,1,-0.110017072236349,0.221728122561481,1,1,-0.252976505116377,0.254876990338704,1,1,-0.0999394560698198,0.236713021394049,1,1
"40",0.33308066803,0.272426297582221,15,1,1,0.499609416147205,0.271761446108243,0,1,0.464476248742078,0.246830835311449,1,1,0.513631665997939,0.344194884305997,1,1,0.318207187024572,0.291005248481955,1,1
"41",0.124348019976669,0.205833949223538,13,1,1,0.060866604474489,0.193818285883818,1,1,0.0482452722282718,0.18867200683538,1,1,0.18770147252334,0.223613259988856,1,1,0.136344546662053,0.230727422598387,1,1
"42",-0.434440631752756,0.225164608293619,15,1,1,-0.234323807446269,0.187876310995592,1,1,-0.334450940361574,0.205016626030066,1,1,-0.335655450787287,0.249146775102205,1,1,-0.234534231652067,0.26631030171019,1,1
"43",0.279614348424464,0.233436311706369,7,1,1,0.273038728567001,0.216920925535845,1,1,0.222723788724692,0.218194932422251,1,1,0.412708113189337,0.321827507849503,1,1,0.192279464786419,0.30268316227785,1,1
"44",-0.116494141085604,0.227263896514864,5,1,1,-0.109122508954345,0.207546359015331,1,1,-0.0750598205980689,0.206737658019057,1,1,-0.0335595115177231,0.22221487327044,1,1,-0.105726390611244,0.24109269135274,1,1
"45",0.117057117441002,0.245913721175619,5,1,1,0.00639996856476742,0.253684283535583,1,1,0.0307135363293882,0.219512584680066,1,1,0.0645263520515092,0.225263108737729,1,1,0.0280744657311951,0.262546600901004,1,1
"46",-0.0712679953122806,0.225478925931681,19,1,1,-0.0390733831190726,0.189207103813468,1,1,-0.0849357139274282,0.190568046525667,1,1,-0.161385592059772,0.272762201326345,1,1,-0.0927685393845807,0.238952048357223,1,1
"47",-0.158516514613003,0.23317836861388,19,1,1,-0.127800859569909,0.175856056030461,1,1,-0.143575599647783,0.177164550905322,1,1,-0.0275325191552813,0.197799638695982,1,1,-0.195982144878067,0.206012511630735,1,1
"48",-0.174638200061224,0.199701033000227,13,1,1,-0.154792821875648,0.168245357208912,1,1,-0.160927275390039,0.189116789121635,1,1,-0.146586767227241,0.231207453974953,1,1,-0.134641607631935,0.254839357997027,1,1
"49",0.0860084212924145,0.272472352798703,1,1,1,0.0987325146146624,0.195563246988323,1,1,0.11196842530192,0.173782850557109,1,1,0.0423784129632622,0.268410907399338,1,1,0.0860084212924145,0.253707198559065,1,1
"50",0.191045440469985,0.200228158742652,11,1,1,0.147170851065526,0.220865117333086,1,1,0.153870879027495,0.187262132741741,1,1,0.112367845855073,0.242926480505622,1,1,0.275259903283086,0.212740578197296,1,1
"51",0.221299141637907,0.216404233325968,11,1,1,0.241606282655636,0.208203467980037,1,1,0.216533914938572,0.17975975747528,1,1,0.538325589569339,0.297755555504154,1,1,0.26225951975265,0.26481140004634,1,1
"52",0.129778360502296,0.225102203439211,19,1,1,0.133963039252714,0.219574421740686,1,1,0.152958547930516,0.214340415798167,1,1,0.131884416764457,0.250690567735016,1,1,0.0997885248380109,0.246313708855681,1,1
"53",0.286674625253407,0.197490805453467,15,1,1,0.250710332660994,0.197624215367365,1,1,0.25515505984974,0.20493538857327,1,1,0.229765091752864,0.24622077546703,1,1,0.166132157257898,0.208076287654786,1,1
"54",-0.0547514481936979,0.182213971617936,17,1,1,-0.0639846319555968,0.21127929444191,1,1,-0.00327393377835715,0.207265111324422,1,1,-0.19539536241504,0.230168124540171,1,1,-0.00554990335561306,0.210559034101374,1,1
"55",0.105653079459661,0.259257225918008,7,1,1,-0.0486255982781907,0.181597647787644,1,1,-0.0386482726412092,0.207612509547542,1,1,0.158657878435017,0.247896851527537,1,1,-0.0536549228074643,0.250335639067666,1,1
"56",0.389011853307983,0.230135546414151,5,1,1,0.274398055679543,0.244249575515319,1,1,0.29896987482435,0.216383973767865,1,1,0.423487541908124,0.258953344602696,1,1,0.286710387780458,0.261905013621166,1,1
"57",-0.254285863619027,0.269482987384127,9,1,1,-0.264850921625187,0.275360127050611,1,1,-0.296209562055359,0.232482783637386,1,1,-0.324419190702382,0.280205792464433,1,1,-0.355850486259921,0.28686693203291,1,1
"58",-0.0118798074360744,0.255071022278486,17,1,1,-0.0405406198940231,0.288896545691227,1,1,0.0668351283153243,0.271998844527046,1,1,0.0260746593074288,0.222740127224251,1,1,-0.00283636751962666,0.241181471152888,1,1
"59",-0.0457271378124958,0.251481640258803,15,1,1,-0.0764307930730386,0.199670395624364,1,1,-0.103239054252301,0.219095064300966,1,1,0.125542454394645,0.245876607149082,1,1,-0.0163140048141109,0.234910665451307,1,1
"60",-0.0458692365541099,0.24691645284247,11,1,1,-0.174062474708144,0.254973071115137,1,1,-0.20139691838948,0.272071805543548,1,1,-0.19518677445483,0.239464121843244,1,1,-0.120239622199129,0.221312545532261,1,1
"61",-0.150393114162147,0.232808940884224,15,1,1,-0.130682859407805,0.216633347482559,1,1,-0.104145880718952,0.229026658058341,1,1,-0.0391398277433851,0.226764520197392,1,1,-0.120100239079576,0.265328853945905,1,1
"62",0.0678921884558214,0.221018038275999,19,1,1,0.161624135445098,0.187570112289919,1,1,0.0984459206803459,0.195662234873463,1,1,0.141890276816731,0.229389624557404,1,1,0.0977171003852002,0.239242600078678,1,1
"63",0.283837488018319,0.204168085638816,15,1,1,0.201660182849274,0.200451857068625,1,1,0.173896166104425,0.177233994048148,1,1,0.281288895947568,0.258271980663137,1,1,0.210234812755474,0.261833618744715,1,1
"64",-0.00442969168188529,0.253016190062275,9,1,1,0.00299574372573276,0.206260632408048,1,1,-0.0216553231436934,0.253978806717449,1,1,-0.118810995737862,0.242001285532602,1,1,-0.0628596929497515,0.264450907390593,1,1
"65",0.2982298180812,0.21634033230501,1,1,1,0.243749428721874,0.238491318852046,1,1,0.24800910670107,0.195217462550541,1,1,0.275417678114479,0.249916763376397,1,1,0.2982298180812,0.23816004884622,1,1
"66",-0.0723303320153127,0.241401149916098,15,1,1,-0.188793033877032,0.276200855987536,1,1,-0.184002739122871,0.286833362980594,1,1,-0.0665881809033192,0.285132761692586,1,1,-0.0704191561786641,0.261119100210995,1,1
"67",0.137712675851227,0.25592084480096,15,1,1,0.160700727646235,0.248302304767467,1,1,0.134374648813397,0.224405872602574,1,1,0.181325086559973,0.282786247582161,1,1,0.0730994389756715,0.302468141563641,1,1
"68",-0.0124017663691541,0.259189653230403,5,1,1,0.152764008627635,0.278818333522979,1,1,0.160396100330215,0.271927894244251,1,1,0.099821985382739,0.265001056570626,1,1,-0.00099463283289683,0.27793338346362,1,1
"69",0.184352021402331,0.225675041536321,3,1,1,0.153872583923869,0.218413680780235,1,1,0.0936923003546022,0.228503281109325,1,1,0.242044225413708,0.278164343466139,1,1,0.073095296217307,0.265680661367797,1,1
"70",-0.279840316223566,0.274477754099573,3,1,1,-0.191349444787195,0.235598457192198,1,1,-0.194384578766542,0.214760067716831,1,1,-0.577319711956024,0.247183920480627,1,1,-0.325265345539976,0.281745821555844,1,1
"71",0.217913133767406,0.21338158586164,15,1,1,0.298906071449556,0.284263302826486,1,1,0.309956277964574,0.24648182641683,1,1,0.279103473693821,0.283866990098819,1,1,0.238616286742416,0.265928996647927,1,1
"72",-0.182008146734901,0.266561297194064,17,1,1,-0.291815369824213,0.244971752384612,1,1,-0.332116626870577,0.212512462425796,1,1,-0.284846032980726,0.29016162819911,1,1,-0.292197667763168,0.277501800466262,1,1
"73",-0.0591068716880244,0.222681707386705,13,1,1,0.0327179670541866,0.175738830611337,1,1,-0.0532161494410043,0.212572976893905,1,1,-0.146724963131821,0.27679313541875,1,1,-0.108373459446352,0.274514758059751,1,1
"74",-0.0686565258138997,0.242795046056632,7,1,1,0.00492693482655993,0.20051264967569,1,1,-0.00493327105682035,0.212416961856112,1,1,0.00652195014486871,0.244859345311211,1,1,-0.0734788319843537,0.213678560373973,1,1
"75",0.0990706616620291,0.225637211177354,11,1,1,0.128620843232559,0.221604781690355,1,1,0.0598408089125181,0.266773138592482,1,1,0.0540201872414888,0.26941963026542,1,1,0.0870689445621447,0.293879175490091,1,1
"76",-0.187181471669768,0.21214183219649,7,1,1,-0.294177494254583,0.234462365198121,1,1,-0.237257603716613,0.236328454903715,1,1,-0.441717907343983,0.226118922940715,1,1,-0.216964746686688,0.245264911689,1,1
"77",0.267243001511684,0.19752097648483,13,1,1,0.296484625422807,0.164962080375878,1,1,0.314960749508932,0.202174373231351,1,1,0.300116639272207,0.191034043912589,1,1,0.311354384032973,0.222394679781458,1,1
"78",-0.131342296060025,0.221055970042028,11,1,1,-0.0479130417024428,0.214094687722855,1,1,-0.0520095889287884,0.224527372565065,1,1,-0.164001717736429,0.261009617554388,1,1,0.0147818181179775,0.251507093427597,1,1
"79",-0.0489038317781724,0.212036098569839,13,1,1,0.0202044260013105,0.191397089810891,1,1,0.0262533699569142,0.207783822198744,1,1,0.00985024589505133,0.258821413486362,1,1,0.00415181005002082,0.208500630058115,1,1
"80",-0.148977610814774,0.205141118777978,7,1,1,-0.0712454457760818,0.164465044949915,1,1,-0.112348191230427,0.188191510229758,1,1,0.120929523367695,0.198771252576458,1,1,-0.0847402477319033,0.20544499462069,1,1
"81",-0.101791431115522,0.19539077304225,11,1,1,-0.184001420148519,0.193522208434626,1,1,-0.161521323622198,0.225142385354976,1,1,-0.0803319628473561,0.249839631111186,1,1,-0.214853419996203,0.250318378611226,1,1
"82",-0.0512663579234877,0.218952304860464,3,1,1,0.00115566283449413,0.197443271730241,1,1,-0.00445339334714218,0.209631407491472,1,1,-0.169167916550768,0.225838726698857,1,1,-0.0604524475812053,0.24377144927476,1,1
"83",0.0724382498854602,0.269659036908284,3,1,1,0.108658645826915,0.228582000090626,1,1,0.133316069065797,0.198645894546249,1,1,0.121453968001815,0.239746098217736,1,1,0.211125193639477,0.237935078605346,1,1
"84",0.141475164370516,0.239236948432549,3,1,1,0.179028661862503,0.223119180767705,1,1,0.156142898396391,0.223375186720706,1,1,0.0556468980336877,0.224629805895969,1,1,0.0752544305254764,0.207880606716046,1,1
"85",-0.427912360062107,0.238654511483427,7,0,1,-0.540848046111471,0.241403385206172,1,0,-0.530513480943855,0.189157956694545,0,0,-0.544076109563475,0.266558352869785,1,0,-0.400723793955086,0.231413164542343,0,1
"86",0.303686412750966,0.258540546600721,1,1,1,0.299169910759139,0.206628142053798,1,1,0.305265876786867,0.179746091936268,0,1,0.284008101239571,0.280594020824189,1,1,0.303686412750966,0.231320762804106,1,1
"87",0.000995090315922989,0.238466224640283,7,1,1,-0.0669084806394285,0.204617723695348,1,1,-0.0110246067583112,0.238102278511863,1,1,0.199311847953297,0.261631106638574,1,1,-0.0929724931248615,0.224644313373826,1,1
"88",-0.0580715873062478,0.215855227870861,9,1,1,-0.0158789672773088,0.185516060667051,1,1,-0.0470673382393825,0.22182686515847,1,1,-0.116293694879893,0.21949304545474,1,1,-0.120122040748723,0.225262791081041,1,1
"89",-0.41862349783014,0.206850829083673,7,1,0,-0.365982252386083,0.205156434369584,1,1,-0.321051883887219,0.194511252691658,1,1,-0.362868600355059,0.245690993645842,1,1,-0.353152390247623,0.246496787634853,0,1
"90",0.0468287382531559,0.250143930309033,9,1,1,0.121367538162086,0.208576885734005,1,1,0.0988424698727805,0.207250464884454,1,1,-0.0280009808448687,0.239121003008942,1,1,0.094293076984152,0.244498658804056,1,1
"91",-0.146449725837681,0.279718903267511,5,1,1,-0.164850826299883,0.249447550646088,1,1,-0.162952067408371,0.239143835283443,1,1,-0.0962456465426797,0.284101010972207,1,1,-0.125791364324118,0.276083992225141,1,1
"92",-0.20594100643355,0.274688409630793,13,1,1,0.0514402304728277,0.254283449041413,1,1,0.00114575865958003,0.253614311991844,1,1,0.0357653599555993,0.341594234550133,1,1,-0.0205987839469994,0.340873199161331,1,1
"93",-0.0258282840645032,0.24400312854126,17,1,1,-0.058766260255022,0.231946239982963,1,1,-0.0400114848652159,0.229965028761846,1,1,0.175439037936741,0.257893500866828,1,1,-0.0626401691945018,0.249015079823472,1,1
"94",-0.0768948955685698,0.170742395765361,9,1,1,-0.116319295114766,0.199867987409477,1,1,-0.0916556374488189,0.216634037879977,1,1,0.0723079986720978,0.257517681453107,1,1,-0.0188485355529019,0.248830665324566,1,1
"95",0.331586792897074,0.236468225661496,17,1,1,0.350909201854146,0.197763330162607,1,1,0.335137203140262,0.202115742773865,1,1,0.455052418436034,0.251254469637508,1,1,0.29295250247995,0.236718645653197,1,1
"96",-0.12969082253188,0.215635485263161,17,1,1,-0.0268112207888882,0.219751565003732,1,1,-0.0407400349142723,0.244342728488701,1,1,0.0979986585014422,0.248606099553321,1,1,-0.104273619760135,0.253177824150504,1,1
"97",0.0297719846421558,0.234510758218586,17,1,1,-0.182337952212413,0.244053661633871,1,1,-0.161406521986844,0.235376173534859,1,1,0.00735577925998164,0.247185049913837,1,1,0.00290743346294705,0.19822377918208,1,1
"98",-0.0293289748361848,0.222284151382835,19,1,1,-0.122628451264402,0.215545006585147,1,1,-0.0844819378189526,0.212453255287412,1,1,0.128574222844217,0.236742839396341,1,1,0.0111192771696987,0.244352957096249,1,1
"99",-0.225965837349644,0.227291401864681,19,1,1,-0.00188469722734283,0.256298048199432,1,1,-0.0518240630974454,0.236816917905072,1,1,0.0561615829583632,0.274633277432818,1,1,-0.069876564236723,0.307678941784839,1,1
"100",0.0731565100091788,0.279670938053523,5,1,1,0.185985985195328,0.248114959072313,1,1,0.261093909993499,0.244710855410426,1,1,0.313336434892531,0.281947185635449,1,1,0.169169930793333,0.285307211960837,1,1
