"","V1","V2","V3","V4","V5","V6","V7","V8","V9","V10","V11","V12","V13","V14","V15","V16","V17","V18","V19","V20","V21"
"1",-0.0204398832691066,0.207831217290773,5,1,1,0.329641790677483,0.183203508374285,0,1,-0.032001122737562,0.163277020435516,1,1,0.257158519690259,0.198818948193141,1,1,-0.0167316405760953,0.224650684692456,1,1
"2",0.251665590530732,0.191715579517147,11,1,1,0.645040843916186,0.184870046058655,0,0,0.238549382856247,0.21210922869015,1,1,0.74078731783183,0.239699467727394,0,1,0.206226110543125,0.21410967395578,1,1
"3",0.0659282598138469,0.22097112076873,5,1,1,0.324543215568687,0.177663031783612,1,1,0.0479359092641915,0.19044929720363,1,1,0.369332150653086,0.209926875576749,1,1,0.0555281124321217,0.225073940795622,1,1
"4",-0.0811160783205837,0.233691181930774,17,1,1,0.360469871362864,0.195343869148203,1,1,0.0224614432108546,0.197718152296764,1,1,0.375927443165015,0.24042803997613,1,1,-0.00246084726084826,0.254831861095172,1,1
"5",0.108223613369819,0.208908447279744,3,1,1,0.467974964180086,0.196400677639623,0,0,0.0790782836715086,0.183745835518523,1,1,0.5880026725865,0.223709996610619,0,1,0.0805334487099263,0.216157563779771,1,1
"6",0.093329901770002,0.188912437830622,19,1,1,0.398779687534458,0.182564210980166,1,0,0.114377258362998,0.195348273792996,1,1,0.357930637104435,0.239211147370313,1,1,0.164946505135346,0.219774903004361,1,1
"7",0.514428055144518,0.238352372935537,17,0,0,0.791056515026617,0.221396505567036,0,0,0.470941523185126,0.226267222198803,0,0,0.854705820249819,0.277186124808858,0,1,0.479828559446462,0.280751545645157,1,1
"8",-0.164376296501543,0.205688325940736,13,1,1,0.38720998072873,0.18984955745734,0,0,-0.162178746649935,0.210593135634693,1,1,0.473773827492833,0.262529596431056,1,1,-0.20355129331615,0.24575452478445,1,1
"9",-0.219985896269663,0.238146998667409,15,1,1,0.127045894827067,0.209822182698918,1,1,-0.284529069838658,0.215864443253155,1,1,0.04938140053089,0.227702015336746,1,1,-0.21373283032335,0.244066613907625,1,1
"10",-0.023144577833607,0.241529953495941,19,1,1,0.207714078292589,0.190262810936442,1,1,-0.0200991094788104,0.220706138224429,1,1,0.136708826900938,0.25109662444184,1,1,-0.0152886960142355,0.271956719110402,1,1
"11",0.136376009298411,0.249594592154866,11,1,1,0.529651290666855,0.226415185870686,0,0,0.106112896504068,0.1921616411357,1,1,0.630621202817062,0.254085274584361,0,1,0.150073813416864,0.296003560164286,1,1
"12",0.00997044213076847,0.226211050033293,7,1,1,0.358189688299817,0.197901450045111,0,1,0.0174251089698256,0.206690423371051,1,1,0.411529837148618,0.228155872038971,1,1,-0.021598290757161,0.242011247720416,1,1
"13",-0.0162286008671325,0.259257218731788,1,1,1,0.256698809479478,0.212396600060804,1,1,-0.0141461722959657,0.203156738382411,1,1,0.276646062360309,0.263882305237016,1,1,-0.0162286008671325,0.276799802741653,1,1
"14",0.187822296726467,0.229972831113376,11,1,1,0.437586605360433,0.178956148993759,0,0,0.145952470983537,0.224102165818813,1,1,0.387377349052113,0.223519224105642,0,1,0.0980985684073817,0.287493279314439,1,1
"15",-0.108726070744549,0.189234485733749,13,1,1,0.285374989818491,0.189246467577288,1,1,-0.0876427731990445,0.190294108243699,1,1,0.143692501365084,0.225253672967546,1,1,-0.0762177721867959,0.23449665075905,1,1
"16",-0.396722309238545,0.204692015439162,13,1,1,0.0152175036211034,0.184268461981868,1,1,-0.365446270870275,0.209194921528569,1,1,-0.121759466087619,0.199884565835796,1,1,-0.33743432778581,0.25009801543259,1,1
"17",0.0762247412576064,0.219961620382595,3,1,1,0.398356828072525,0.20565843831101,1,1,-0.0205822284857744,0.209365390194174,1,1,0.517804872193367,0.243935267374831,1,1,0.0309716229040288,0.232109156730376,1,1
"18",-0.503091768823442,0.221441720692706,13,0,0,-0.16051415979568,0.225187909909501,1,1,-0.489376613582395,0.229190200515277,0,0,-0.222772614973791,0.21719523730136,1,0,-0.463063761523092,0.250375363215451,1,1
"19",-0.168968968290888,0.230435495317336,9,1,1,0.107938860600533,0.2100006484643,1,1,-0.238043996696645,0.229289998380917,1,1,0.184546435596817,0.228879659808967,1,1,-0.255705065745,0.267880908989319,1,1
"20",0.259485696760353,0.223101233575867,9,1,1,0.573051927576849,0.241793988835382,0,0,0.219124484583924,0.235877583045001,1,1,0.567589691461769,0.282034327243754,0,1,0.252399516976286,0.268536459220834,1,1
"21",0.183675408840847,0.22625562518082,1,1,1,0.349878992258132,0.200345141536726,1,1,0.0648791708997233,0.202842617420289,1,1,0.437862629190954,0.224643040806751,1,1,0.183675408840847,0.232954932789624,1,1
"22",-0.03536057837757,0.207627373249475,13,1,1,0.319621443710119,0.184273960615402,0,1,-0.00199083416229787,0.20649665864232,1,1,0.496297817464209,0.267531990755596,1,1,-0.00182934480470607,0.256108654125838,1,1
"23",-0.289437802561696,0.247485481764359,3,1,1,0.0990205032020548,0.201142753305225,1,1,-0.270174716523033,0.212433963068932,1,1,0.263006931625368,0.260170246370501,1,1,-0.214290612467008,0.265040842319227,1,1
"24",0.0281472417295588,0.236653183473076,19,1,1,0.390132351662893,0.23151564934665,1,1,0.0658889774370749,0.214949698573038,1,1,0.40348169906547,0.215197921337051,0,1,0.109791031878777,0.250367074712562,1,1
"25",-0.0465903191411656,0.232186709263044,11,1,1,0.404149793817391,0.239575081500974,0,1,-0.11731045556387,0.226594439769086,1,1,0.269085018073585,0.287065376707278,1,1,-0.139969702504663,0.276213857480206,1,1
"26",-0.110323927300645,0.226167841777984,15,1,1,0.103679947525113,0.201197719632766,1,1,-0.111862413138433,0.243085961703758,1,1,0.2134356788307,0.259587696896259,1,1,-0.059411613718938,0.290231537888568,1,1
"27",-0.0772268246261338,0.215254435205492,15,1,1,0.25159107507235,0.193301485176287,1,1,-0.033552709076515,0.222442535728436,1,1,0.26590789733388,0.250657189556651,1,1,0.0429410317465535,0.244133633546079,1,1
"28",0.0539211030777214,0.234608577770121,19,1,1,0.41675575986269,0.19559717811961,1,0,0.103470130432162,0.189933939102346,1,1,0.367262080845637,0.210165833512832,1,1,0.139427276194754,0.238390237536332,1,1
"29",0.19791968076632,0.244939639805505,5,1,1,0.546884699861571,0.187459728019865,0,0,0.225966155897742,0.200281271243939,1,1,0.495293252301488,0.208298319873871,0,1,0.26063296734193,0.208028298426564,1,1
"30",0.0201020271822605,0.21513590817829,15,1,1,0.271284741986148,0.204033233085451,1,1,0.0286599123321739,0.217394671173304,1,1,0.319912777288918,0.240707237065079,1,1,-0.00730152104966148,0.256427377311306,1,1
"31",0.224961616987541,0.220103719510968,17,1,1,0.596405109871923,0.194971329005184,0,0,0.212920527204575,0.21050124277785,1,1,0.606927110421435,0.238270660357675,0,1,0.189643751364275,0.223344748745597,1,1
"32",0.511927041355586,0.214269327484249,11,0,0,0.754041027218315,0.181719298023184,0,0,0.424928781709253,0.199441224536826,0,0,0.939588769494994,0.258352589967533,0,1,0.452296564522143,0.242117099456112,0,1
"33",0.0506888916521129,0.265376313636956,1,1,1,0.591514210755194,0.199673307152645,0,0,0.179501959586394,0.232573785951506,1,1,0.494915614014847,0.251496318411492,0,1,0.0506888916521129,0.244829878549554,1,1
"34",-0.235061172267435,0.212810500744376,17,1,1,0.140914926876281,0.210379350301856,1,1,-0.219231745379368,0.218969704948468,1,1,-0.044778252767586,0.236663041004761,1,1,-0.210779854846727,0.240727959816399,1,1
"35",-0.187202941338675,0.195944784416346,7,1,1,0.100151022414921,0.219539367852131,1,1,-0.209545891117324,0.198967467603974,1,1,0.319879240849121,0.245588885362974,1,1,-0.201585707920284,0.26624084080456,1,1
"36",0.204081051439384,0.184291773525684,5,1,1,0.557946707982748,0.17367222539233,0,0,0.210412799344241,0.188610401734346,1,1,0.476035974239009,0.247868157136759,0,1,0.182559637349962,0.229069809762446,1,1
"37",0.0526586720585845,0.207608600390785,19,1,1,0.27627638147247,0.196166933408081,1,1,0.0135172253551812,0.246772681006291,1,1,0.43152657518291,0.238866489052955,1,1,-0.0316752471279261,0.248572752936003,1,1
"38",-0.103797469702912,0.209600114435433,5,1,1,0.354355158658154,0.240180214392559,1,1,-0.0484753570269426,0.217879900212087,1,1,0.271334242044972,0.242741712874643,1,1,-0.0618211940349516,0.259918449619224,1,1
"39",0.05676822040425,0.225823975051674,3,1,1,0.419901462801459,0.200418172205827,1,0,0.114249686708189,0.21574860613624,1,1,0.39959475623789,0.234993771558347,0,1,0.120216654503413,0.238446168192963,1,1
"40",-0.11706019625491,0.219503497531893,13,1,1,0.237488531818969,0.20546343232665,1,1,-0.107895947667922,0.210121600200962,1,1,0.0598313459940356,0.236183844688688,1,1,-0.15115455388627,0.232215577453534,1,1
"41",-0.0941142022888083,0.227752955240834,7,1,1,0.263728633818298,0.218558596258917,1,1,-0.0961719609310907,0.207608854241746,1,1,0.259556603481427,0.234091217825171,1,1,-0.0443530110150493,0.256749153704978,1,1
"42",0.310429249005641,0.215263194466868,19,1,1,0.62749088360162,0.196941039503682,0,0,0.306012943696272,0.200920126775744,1,1,0.688932102711487,0.223224103384659,0,1,0.294960049867318,0.238976025866923,1,1
"43",0.531885807298795,0.230417155125802,3,1,0,0.755748723185125,0.21114375965233,0,0,0.486366852377034,0.231347208486607,0,0,0.75728368521994,0.263140542154648,0,1,0.432483539386211,0.305249349769295,1,1
"44",0.111355924049238,0.221662559786568,11,1,1,0.427625567685894,0.22155903229994,1,1,0.0426796240854714,0.200266880806673,1,1,0.604748498740976,0.266506114017187,1,1,0.0101401035494053,0.223482855061331,1,1
"45",0.355022314851992,0.234766750302441,19,1,1,0.556659558329902,0.187571345112601,0,0,0.291721662079792,0.192076446512328,1,1,0.725858910984385,0.228215487543193,0,1,0.353793056495011,0.256760449979164,1,1
"46",-0.461942713456152,0.252667137930762,5,0,1,-0.180735235441635,0.210903028643233,1,1,-0.565612323733847,0.231510899389666,0,0,0.0103692825392933,0.242267231827966,1,0,-0.462840988519524,0.248802198830803,0,1
"47",-0.18535519412473,0.27422051751497,9,1,1,0.171664395877733,0.235249523083186,1,1,-0.165366870100793,0.242014731049377,1,1,0.12183864836437,0.273095170401245,1,1,-0.145241424877977,0.294038845844888,1,1
"48",-0.230919154149095,0.249303883569296,9,1,1,0.0485506376743874,0.216877151380094,1,1,-0.277015745205575,0.240835081092891,1,1,0.0796814037413927,0.232359088689002,1,1,-0.289428255056451,0.269690645791556,1,1
"49",0.0360434016811787,0.235322924561152,17,1,1,0.405259690363259,0.189061061683349,1,0,0.0481621171848973,0.191176279367552,1,1,0.518096508894793,0.222852844782046,1,1,0.0377821696000127,0.223535457841378,1,1
"50",-0.108033977416982,0.213184649134873,9,1,1,0.254161977176126,0.189035426473251,1,1,-0.0712743377274193,0.206626386779989,1,1,0.12244059865154,0.238879746094836,1,1,-0.0756074389953902,0.227925361778057,1,1
"51",0.0879580637662045,0.203571127528881,1,1,1,0.477194554623916,0.165777672690518,0,0,0.180981239828924,0.169419387200839,1,1,0.393755067575268,0.204669995908599,0,1,0.0879580637662045,0.220624051619808,1,1
"52",-0.0832974535475626,0.213617052987282,15,1,1,0.308838718249482,0.169479925220296,1,1,-0.0194702955121359,0.19128925804285,1,1,0.109560449453273,0.230626927511646,1,1,-0.0702437986912136,0.236537506507002,1,1
"53",0.261255624337137,0.207891893358389,15,1,1,0.513890027275801,0.183001907126822,0,0,0.290537598536933,0.239585753131716,1,1,0.418410358738562,0.230785728848139,0,1,0.229682918801624,0.261977792140129,1,1
"54",0.170436741988536,0.206760337431898,13,1,1,0.601288822426323,0.201104343295802,0,0,0.189973176946036,0.214511745395703,1,1,0.708074257691179,0.254216579350534,0,1,0.214365957850726,0.259711369000548,1,1
"55",-0.304947619685157,0.209707287767993,17,1,1,-0.0636959080070193,0.187432381529219,1,1,-0.30221918962792,0.196066673533338,1,1,-0.123134680661475,0.264409461859786,1,1,-0.297876010446536,0.230401944974256,1,1
"56",0.113824051576063,0.234867819858688,5,1,1,0.497477278661771,0.208378410451012,0,0,0.169259308192472,0.201775416619848,1,1,0.46962831741678,0.224319231791342,0,1,0.139017680111968,0.225518746779478,1,1
"57",-0.163833939251379,0.201706740757148,17,1,1,0.09789482576254,0.190204741063452,1,1,-0.116281984252079,0.200159382689997,1,1,0.113214105136471,0.230568336805113,1,1,-0.124064038967425,0.24124809668814,1,1
"58",-0.35758475078287,0.214793848989924,1,1,1,0.0649829520182438,0.17686781431616,1,1,-0.338559437138983,0.195919720643422,0,1,0.0663074489948901,0.233651272165039,1,1,-0.35758475078287,0.225303073934636,1,1
"59",-0.0619862866962103,0.241568440344661,19,1,1,0.268465907946823,0.232798839368022,1,1,-0.0436125682012335,0.214128512502173,1,1,0.08373325567275,0.250012962921069,1,1,-0.00384771586093304,0.246450309856394,1,1
"60",-0.16491352852763,0.221087902747312,11,1,1,0.0601451305753351,0.205824079450541,1,1,-0.127795451872266,0.175942236820047,1,1,0.0770785705494822,0.245923810980953,1,1,-0.147087420026343,0.215031901533244,1,1
"61",-0.170210500379185,0.221384804027019,15,1,1,0.345664157436058,0.211919442869444,1,1,-0.158174873365561,0.235327301901425,1,1,0.685865631780452,0.242758378991331,1,1,-0.155297948875592,0.237442231555914,1,1
"62",0.056534048368877,0.208830346543667,7,1,1,0.416337590159286,0.189631903756122,0,0,0.108310800656476,0.181711173353457,1,1,0.248840568489633,0.19963532266322,0,1,0.104957083074753,0.258356363003144,1,1
"63",0.071787011814086,0.23234161974172,5,1,1,0.307078368490888,0.16932931620416,0,1,0.0161802925133903,0.235312672335113,1,1,0.275404918436627,0.219513043937329,1,1,0.0174219453581794,0.244772736887512,1,1
"64",-0.0181622757710655,0.205002082879141,11,1,1,0.227273131188835,0.192271625585569,1,1,-0.0728206594860632,0.199847257826922,1,1,0.337920174297189,0.229722451881485,1,1,-0.0906548885049703,0.246860369836522,1,1
"65",0.171180509130449,0.202239969446802,13,1,1,0.553108635706006,0.179633056266664,0,0,0.227184190698857,0.192045932342052,1,1,0.579592526185216,0.28595260142134,1,1,0.258382251653518,0.26210129477767,1,1
"66",0.0957147097067135,0.23027598265199,3,1,1,0.323526973071746,0.184827884186844,1,1,0.0697571679070072,0.176522461362821,1,1,0.292579213332547,0.220520151432604,1,1,0.0754783099872456,0.231142218575012,1,1
"67",0.207627671010941,0.206227327189292,17,1,1,0.575501370155299,0.198730318024024,0,0,0.242751938597156,0.183407175750774,1,1,0.328897883486213,0.213816443169839,0,1,0.204051076792512,0.227212622637145,1,1
"68",-0.379475158800046,0.269444599919427,15,1,1,-0.0603057728428474,0.18645393816806,1,1,-0.337150799250953,0.201565052948707,1,1,-0.0986483820661249,0.24806843217829,1,1,-0.322566113107111,0.247640762027727,1,1
"69",-0.263934052810559,0.214801454994499,19,1,1,0.150390316151664,0.211158402271595,1,1,-0.215166757424363,0.198902723727284,1,1,0.0613940236028322,0.24636199735402,1,1,-0.289309096413285,0.212355474156247,1,1
"70",0.0685911275046155,0.210672608230457,19,1,1,0.490751016001678,0.186085222550415,0,0,0.113847332268534,0.19308993165104,1,1,0.608461191753638,0.214510592306599,0,1,0.10538495909854,0.2501968373834,1,1
"71",-0.0135224324521255,0.212822014799776,17,1,1,0.238258450634973,0.200955398731049,1,1,0.0253406061287703,0.222239608938179,1,1,0.125201189033473,0.245576801807706,1,1,0.102132050436421,0.249636158989007,1,1
"72",0.152346166124965,0.2164084499904,9,1,1,0.378582786475114,0.176977662610444,0,0,0.0736844618327652,0.202361751360421,1,1,0.75413103919493,0.233139375435195,1,1,0.00844966289842547,0.239843201528582,1,1
"73",-0.244478896195517,0.220231263429494,7,1,1,0.0497858836921615,0.221197553506114,1,1,-0.182156506495417,0.218661592460339,1,1,-0.0636438216073928,0.255255319003264,1,1,-0.210983871450702,0.242500154771483,1,1
"74",0.0191550841535737,0.218391327556098,7,1,1,0.290568878416909,0.205699093238362,1,1,0.0272324288773525,0.185647346951588,1,1,0.40213935784596,0.210869319178168,1,1,0.0966945843985514,0.225936585059716,1,1
"75",-0.12470899904986,0.248923864074902,19,1,1,0.107333625279839,0.241182472544813,1,1,-0.0958426162280102,0.258622768196833,1,1,-0.135899544271845,0.239481214344225,1,1,-0.0864234243283641,0.245496375667919,1,1
"76",-0.0150974126256848,0.20317420039138,13,1,1,0.259203654621323,0.182902619854978,1,1,-0.0686541325198743,0.177319916025885,1,1,0.291906133228769,0.250645453478286,1,1,-0.0599931271992516,0.224398960933966,1,1
"77",-0.258705464963846,0.203340185363827,19,1,1,-0.0124489284929025,0.189259309034007,1,1,-0.255222385132716,0.205230538921713,1,1,0.0544463789280536,0.218403909362389,1,1,-0.249593974136729,0.22259606552238,1,1
"78",-0.156434471296268,0.229853794546699,17,1,1,0.149728297974035,0.182019821968794,1,1,-0.180603354271293,0.187448037967778,1,1,0.177159752503389,0.208424062614431,1,1,-0.283225827134004,0.262009340330292,1,1
"79",0.0611309082520607,0.244437649421355,11,1,1,0.258380870195865,0.187164705675936,1,1,0.0174594508295621,0.206135494432885,1,1,0.253469563906976,0.236862344059291,1,1,0.0789519692575819,0.24304034157999,1,1
"80",0.158977141096977,0.235502855701406,3,1,1,0.271368370836704,0.196825482818376,1,1,0.0742469002650807,0.197511178313299,1,1,0.367620855115814,0.287002447948205,1,1,0.123374733553607,0.232044520905592,1,1
"81",0.413490614418736,0.24789343505579,5,1,1,0.580185882077222,0.201107515469655,0,0,0.350677686103431,0.219293434708033,1,1,0.849275287754188,0.244376142971447,0,1,0.409558325848044,0.233538069015361,1,1
"82",-0.399598202813913,0.228920369394826,9,1,1,0.140117768455047,0.238862212550353,1,1,-0.225753575535143,0.24974561725131,1,1,0.00651790343501721,0.261919557313031,1,1,-0.3573219391211,0.239067367519474,1,1
"83",-0.0666563600297015,0.239998441865977,19,1,1,0.219021062516158,0.222835506607194,1,1,-0.0299603412118741,0.20118335371215,1,1,0.2387902074331,0.257622338588966,1,1,0.0217135059697111,0.287519082601061,1,1
"84",0.413028077000241,0.200550669460781,15,0,0,0.832875205029433,0.204030979404624,0,0,0.436492223678957,0.216487416037151,0,0,0.724346450503774,0.210411640898203,0,0,0.387827895289986,0.239434560443078,1,1
"85",-0.28326318006237,0.224455180560534,15,1,1,0.0366124385318813,0.203175810943785,1,1,-0.307539578475622,0.228717130305394,1,1,0.202046952908424,0.245189364119725,1,1,-0.257894293234082,0.297459727603077,1,1
"86",0.320687937871063,0.234507003582503,19,1,1,0.619752755704897,0.233459129764376,0,0,0.375102713931262,0.243400066524423,1,1,0.620655300570025,0.256962821853224,0,1,0.264959559618035,0.26048664371541,1,1
"87",-0.468056534838812,0.223444606684721,5,0,0,-0.0784393837905727,0.213794532682841,1,1,-0.447894777705638,0.203498722527345,0,0,-0.181901663703236,0.244295780679343,1,1,-0.494851984100632,0.266917922158126,1,1
"88",-0.163092324852556,0.195681314607258,15,1,1,0.207785714351746,0.20995614341255,1,1,-0.162507080302814,0.17065073173295,1,1,0.115241465364639,0.244198411744603,1,1,-0.130106878798611,0.247950895490085,1,1
"89",-0.173961625720219,0.221714198861934,19,1,1,0.102842833995965,0.197160411340551,1,1,-0.143982367091733,0.214831915153368,1,1,0.282965225842651,0.213162264713843,1,1,-0.161551629251685,0.267010639170852,1,1
"90",-0.2822520184816,0.23256325850899,5,1,1,0.110493361340161,0.191212069618263,1,1,-0.312118676604789,0.189934004088596,1,1,0.208438060998892,0.231934372027167,1,1,-0.260619511324028,0.253445605410805,1,1
"91",-0.279172810121982,0.239067964431813,19,1,1,0.0154803623996077,0.197421735268042,1,1,-0.283403258865652,0.197314293583105,1,1,0.053811730580042,0.26250559002565,1,1,-0.33036716184635,0.246412193473186,1,1
"92",0.238364450106709,0.219701452459753,19,1,1,0.495694004347958,0.202181404857228,0,0,0.209456993130675,0.222035965484202,1,1,0.613230083440386,0.206401615686522,0,1,0.270139536057423,0.237946561156789,1,1
"93",0.144318958765882,0.25768024499152,17,1,1,0.490405730973047,0.214854849352622,0,0,0.118821865072427,0.241438668574306,1,1,0.366535005230375,0.215745465732944,0,1,0.0560499278372829,0.260304159217331,1,1
"94",-0.266199378416307,0.199529683139359,13,1,1,0.0174055358286317,0.207599315341685,1,1,-0.319631225928402,0.219498363739194,1,1,-0.0483237797410958,0.240204269593037,1,1,-0.278565992339115,0.222944343770529,1,1
"95",-0.0551577791363406,0.276724685684118,5,1,1,0.270357937015036,0.212992993042182,1,1,-0.0893636886944239,0.230867155419151,1,1,0.243759567474454,0.247501096421201,1,1,-0.15182063313803,0.256489348676021,1,1
"96",-0.207015349817832,0.222201697455162,13,1,1,0.158770451183606,0.182966800361774,1,1,-0.190389545161522,0.202600091344871,1,1,0.350043687000159,0.219550497795279,1,1,-0.137963801700892,0.233005048940561,1,1
"97",0.139725335379318,0.223679034966643,5,1,1,0.357445608408263,0.178214866512192,0,0,0.115413585135724,0.208283909894022,1,1,0.264799930333894,0.24583095767747,1,1,0.0687373839432243,0.262424031351072,1,1
"98",-0.0220741856885716,0.271246770018743,11,1,1,0.315206191676726,0.218142257993139,1,1,-0.0193476443893357,0.212217426564708,1,1,-0.0170125062282929,0.248273077060231,1,1,-0.0444408747590349,0.242510478806626,1,1
"99",0.205365017926102,0.23335880697135,19,1,1,0.38432586028368,0.212371995807729,1,1,0.18136279488895,0.212275952808188,1,1,0.25894063991976,0.235680355935929,0,1,0.144866742571059,0.223164070885088,1,1
"100",-0.0597067262152917,0.210266073019104,13,1,1,0.424906952043099,0.204036776138858,0,0,0.0175972516812209,0.210225312638269,1,1,0.409146974990254,0.243866597992122,0,1,0.032086816681614,0.238685355311994,1,1
