"","V1","V2","V3","V4","V5","V6","V7","V8","V9","V10","V11","V12","V13","V14","V15","V16","V17","V18","V19","V20","V21"
"1",0.698248289145404,0.293911888257252,9,1,0,0.883886802298659,0.382644467698206,0,0,0.817385416161584,0.317073034728674,0,0,0.854161436441539,0.287056597912943,0,0,1,1,1,1
"2",0.723614026973121,0.249093883567006,9,0,0,0.556224692844972,0.342615226004288,1,1,0.55724409891857,0.288775581801887,1,1,0.775666013608929,0.277806422026254,0,0,1,1,1,1
"3",0.762709665965754,0.238796513357728,11,0,0,0.757965860916842,0.211449626063066,0,0,0.758363749824961,0.239979352968737,0,0,0.487823407502238,0.316852767971164,0,0,1,1,1,1
"4",0.585355282958823,0.263116623928755,11,0,0,0.560816582118918,0.218612182869437,0,0,0.559175453834694,0.21795158031845,0,0,0.749101822090138,0.261814043685642,0,0,1,1,1,1
"5",0.732105252369177,0.271012501672334,19,0,0,0.691303407237091,0.235587942895581,0,0,0.708207530823784,0.273946728455632,0,0,0.548443911647183,0.301190403973459,0,0,1,1,1,1
"6",0.395855379793189,0.280854929907504,3,1,1,0.450655168660182,0.223573901038505,0,0,0.421145317076079,0.244683113276567,0,1,0.381684534809518,0.274413336910321,0,1,1,1,1,1
"7",0.743377331755794,0.266854902818709,9,0,0,0.690943022136799,0.22122210458445,0,0,0.698857659001431,0.248957733766068,0,0,1.1668533747426,0.286055786508522,0,0,1,1,1,1
"8",0.777603328290439,0.206536243015263,13,0,0,0.813186116556448,0.19866067724435,0,0,0.827031125202204,0.231761549213261,0,0,0.550565164171666,0.289419136636269,0,0,1,1,1,1
"9",0.753752135383009,0.30015580141988,9,0,0,0.827866605339324,0.255032755831022,0,0,0.80034825349928,0.215548351907417,0,0,1.13231374467634,0.349880720320348,0,0,1,1,1,1
"10",0.46852483381984,0.247017028799944,15,0,1,0.45703056819265,0.255552328352412,0,1,0.419469174656119,0.250175102633123,0,1,0.66941853026912,0.289278791200568,0,1,1,1,1,1
"11",0.945666677450517,0.302361843404639,3,0,0,0.835063932693652,0.215332844549237,0,0,0.788055895356681,0.227796333178836,0,0,1.02328176827235,0.264336776341245,0,0,1,1,1,1
"12",0.600545820440293,0.345283409987713,7,0,1,0.609359518198596,0.271369557145725,0,0,0.642968297225614,0.272436162115279,0,0,0.421143332390148,0.369597440003418,1,1,1,1,1,1
"13",0.169699712302054,0.25760895423053,19,1,1,0.343627168145167,0.298714547761476,1,1,0.249150800919095,0.26630388566182,1,1,-0.0971099061139973,0.327989194228971,1,1,1,1,1,1
"14",1.17403604610773,0.2298584422279,11,0,0,1.10698132324608,0.191667805572029,0,0,1.11764746739879,0.203526541039211,0,0,1.06561463664128,0.21772109941619,0,0,1,1,1,1
"15",0.661900907129093,0.255932036161415,17,0,0,0.627036031135351,0.219592439318099,0,0,0.602639792533686,0.26294685982964,0,0,0.455326174845449,0.340229248641656,0,1,1,1,1,1
"16",0.2653443800687,0.246969696269448,3,1,1,0.389687298390358,0.18164743939814,0,0,0.361173531621212,0.219663927102857,1,1,0.227292922412624,0.252344209444693,1,1,1,1,1,1
"17",0.519485695529207,0.215216514929543,19,0,0,0.702416602997457,0.231599708835567,0,0,0.620600018581405,0.211629241424982,0,0,0.57753662654156,0.348509126303624,1,1,1,1,1,1
"18",0.372930727292438,0.26270681661251,7,1,1,0.504434795339957,0.240512805137274,0,0,0.50209586229091,0.244596025415605,0,0,0.575022094434559,0.291400749738567,1,1,1,1,1,1
"19",0.318598197968297,0.231464714683673,17,1,1,0.290359617306523,0.249913733578457,1,1,0.336938227116685,0.208689303707202,1,1,0.419563928612848,0.267588853175198,1,1,1,1,1,1
"20",1.05662520923397,0.257740595219259,19,0,0,1.05295973292483,0.205497904417633,0,0,1.01451015646575,0.239160818991741,0,0,1.04913818612449,0.23646429111547,0,0,1,1,1,1
"21",0.831368160852343,0.253710203289126,15,0,0,0.702777653539223,0.206313449545785,0,0,0.680591832415777,0.245749648128623,0,0,0.625818121799133,0.318381842546767,0,0,1,1,1,1
"22",0.556595576604098,0.233917862998107,17,0,0,0.702003413479586,0.200944511256305,0,0,0.667226295280538,0.216888321115954,0,0,0.646665282499239,0.239782308858145,0,0,1,1,1,1
"23",0.643490972909474,0.340340118452742,3,0,1,0.741565517949298,0.286767079901559,0,0,0.71713914164305,0.275153642718972,0,0,0.567715069220444,0.40062369531135,1,1,1,1,1,1
"24",0.563294983031585,0.205147231073433,17,0,0,0.582129724188863,0.203084407390205,0,0,0.537861005176961,0.197864923742216,0,0,0.412164735849169,0.222829570603309,0,0,1,1,1,1
"25",0.37488547188015,0.252144937748004,1,1,1,0.350846202912977,0.268537924072159,1,1,0.326590871134754,0.232706384795874,1,1,0.452687826904674,0.299817027631114,1,1,1,1,1,1
"26",1.2122259451724,0.244752364732543,19,0,0,1.21789282249505,0.254591282011077,0,0,1.23871409022043,0.244744360591596,0,0,1.30112822200834,0.289975215548761,0,0,1,1,1,1
"27",0.505507052857999,0.306873908006342,5,0,1,0.622985610935379,0.247021080351405,0,0,0.643215793953775,0.240253694138947,0,0,0.714260687268349,0.325535040936237,0,0,1,1,1,1
"28",0.534024916333226,0.227640701384607,9,0,0,0.644131354746604,0.221449869347426,0,0,0.620880625390901,0.246268381395054,0,0,0.603175394562523,0.28816905164876,0,0,1,1,1,1
"29",0.39915640179773,0.207859086148152,15,0,1,0.23392651997262,0.233170440059336,1,1,0.219588248845696,0.240264062092957,1,1,0.0797886825824186,0.256676109849766,1,1,1,1,1,1
"30",1.01209866039852,0.254257647040091,5,0,0,0.859805180014691,0.222049762486455,0,0,0.876583741597802,0.213323174648512,0,0,1.06049619588826,0.28383691972923,0,0,1,1,1,1
"31",0.558599834438372,0.283141947041937,11,0,0,0.579475432561517,0.245298596428122,0,0,0.59732414676235,0.217998591322314,0,0,0.473137028992124,0.409785398719985,1,1,1,1,1,1
"32",0.407905891856721,0.251446837279322,15,1,1,0.406430753212287,0.265130349938933,1,1,0.400415775211708,0.245907043194157,1,1,0.613674842335819,0.306529629315413,1,1,1,1,1,1
"33",0.879095129344769,0.260911298237552,7,0,0,0.793643547198313,0.211148630963282,0,0,0.744016987742318,0.249446431618262,0,0,1.29148639739906,0.323550026645537,0,0,1,1,1,1
"34",0.81994005155432,0.245591691574125,1,0,0,0.861497967758573,0.204530976952384,0,0,0.89017300664203,0.219497382213081,0,0,0.808204052252743,0.22361295101789,0,0,1,1,1,1
"35",0.916483513376339,0.247506246230823,5,0,0,0.922652534187139,0.212735018125238,0,0,0.94814801755881,0.219307428689502,0,0,0.697933247639568,0.320127982332273,0,0,1,1,1,1
"36",0.587363910211814,0.292902516993342,11,0,0,0.756741881817562,0.250581304943426,0,0,0.714273846338795,0.298743606068889,0,0,1.15404056459712,0.270716994008007,0,0,1,1,1,1
"37",0.107965149675365,0.235851173534924,15,1,1,0.386531523076712,0.22622284670983,1,1,0.363968402500503,0.302746552512312,1,1,0.579458429448065,0.33653229875281,1,1,1,1,1,1
"38",0.577710129525036,0.274192636420387,7,0,0,0.844921318630395,0.343688654016839,0,0,0.880084637742735,0.336602869297709,0,0,0.891981247684433,0.261289730148244,0,0,1,1,1,1
"39",0.681407309490874,0.22749460533665,13,0,0,0.669714202316317,0.20736119910464,0,0,0.683455926898715,0.23988988007524,0,0,0.569310246841011,0.29378076666229,0,0,1,1,1,1
"40",0.596794135903894,0.255967484966128,17,0,0,0.675460953610366,0.200791322218869,0,0,0.720422809703913,0.229284150591043,0,0,0.772047081026617,0.262797704770034,0,0,1,1,1,1
"41",0.865397020406272,0.283520431821117,11,0,0,0.785511702526268,0.234446369956318,0,0,0.756964489368929,0.228608456991982,0,0,0.756376880761628,0.381022858882688,0,0,1,1,1,1
"42",0.527441290213419,0.254511184323082,13,0,0,0.659020834488766,0.256197001228725,0,0,0.609315993062716,0.275006867038685,1,0,0.79405424903287,0.423374031837852,1,1,1,1,1,1
"43",0.91810678861933,0.256472206458674,19,0,0,1.02990776028986,0.224450794630203,0,0,1.05861840912772,0.252136467245726,0,0,0.811617131432954,0.274773874758739,0,0,1,1,1,1
"44",1.00869796378483,0.228133760611632,19,0,0,0.788754663506087,0.240528960185705,0,0,0.793989654281643,0.237555863818829,0,0,0.781633239979989,0.318479820558174,0,0,1,1,1,1
"45",1.02176174663866,0.232345563617276,13,0,0,1.06956558445434,0.204273421272453,0,0,1.05781837764771,0.224089723080829,0,0,1.09383955421577,0.267017814478838,0,0,1,1,1,1
"46",0.859174606346638,0.258843627715073,7,0,0,0.900402385243844,0.206512230497195,0,0,0.867586843610491,0.236826386620202,0,0,0.831441747468558,0.319711280462869,0,0,1,1,1,1
"47",0.62559017669163,0.250454930080316,15,0,0,0.690353982340753,0.282417700518138,0,0,0.710030693746819,0.289061562524378,0,0,0.735966708414893,0.344093409432839,0,0,1,1,1,1
"48",0.645273653255794,0.326382576401279,15,1,0,0.595046778674847,0.326122245690954,1,1,0.666425969537411,0.308662956929376,0,0,0.674160122413841,0.403301119774365,1,1,1,1,1,1
"49",0.374719046592173,0.240403307024971,9,1,1,0.519151074745306,0.191662541443219,0,0,0.456633485688049,0.189955732366623,0,0,0.527222603392931,0.237510427064204,0,1,1,1,1,1
"50",0.15981571640569,0.251636469169117,13,1,1,0.266434648742801,0.226083344124471,1,1,0.237530524300791,0.231202499834706,1,1,0.307104807776111,0.280656043126155,1,1,1,1,1,1
"51",0.560425232861009,0.275481649447283,5,0,0,0.645571275566787,0.247432582149706,0,0,0.597566789522427,0.224903685799983,0,0,0.76935127294957,0.29255736257417,0,0,1,1,1,1
"52",0.666849306767882,0.201306176473454,19,0,0,0.678750658866726,0.207015609904996,0,0,0.641022789689253,0.190322286882659,0,0,0.257952189278332,0.338682523561763,1,1,1,1,1,1
"53",1.04439553047266,0.278840416828701,19,0,0,0.95795662045103,0.251667730639729,0,0,0.976886045728011,0.210501550523274,0,0,0.920225954951448,0.421110028873273,0,0,1,1,1,1
"54",0.656092832443532,0.223502168098583,19,0,0,0.66924315280448,0.209402579535825,0,0,0.667523558992515,0.190413732593211,0,0,0.632809058427966,0.253179910542851,0,0,1,1,1,1
"55",0.360981315937048,0.240105638724621,9,1,1,0.313948523114836,0.227413395943679,1,1,0.283103757658943,0.247937705182006,1,1,0.168272955641935,0.270231050323329,1,1,1,1,1,1
"56",0.850652913656396,0.23792023755822,19,0,0,0.8524998486026,0.201819015153615,0,0,0.799116209160512,0.260956080021876,0,0,0.685499929902927,0.29534220142255,0,0,1,1,1,1
"57",0.589690334550727,0.2620052026841,17,0,0,0.698538292031521,0.195610315970809,0,0,0.681610937283782,0.225627580420902,0,0,1.03124194522931,0.280956434332229,0,0,1,1,1,1
"58",0.907792425886469,0.260238862901707,15,0,0,0.790599147131427,0.243525171071259,0,0,0.77595149025286,0.23365505586281,0,0,0.595453082787219,0.21372920198679,0,0,1,1,1,1
"59",0.370826583097209,0.275820585709286,9,1,1,0.359450110682568,0.282228139165096,1,1,0.362719147633211,0.290334478974549,1,1,0.347803968933868,0.300570917298888,1,1,1,1,1,1
"60",1.05003401486285,0.277219551789022,13,0,0,0.930704110875785,0.224030462477643,0,0,0.94820819330305,0.261291421062709,0,0,0.736549417533516,0.418753505911366,0,0,1,1,1,1
"61",0.782277390919191,0.258283865436257,17,0,0,0.923803188708791,0.229535773641521,0,0,0.90842307855263,0.246556640770734,0,0,0.856120742691889,0.26909622475706,0,0,1,1,1,1
"62",0.78645623689098,0.189309810260765,17,0,0,0.844598083391956,0.210094069298715,0,0,0.832170366643232,0.200087370463584,0,0,0.822062410916676,0.260684865550792,0,0,1,1,1,1
"63",0.623266925459879,0.224024359483115,11,0,0,0.77619035066198,0.195472792824524,0,0,0.757792133495525,0.215796268128334,0,0,0.912659380476871,0.225676674734672,0,0,1,1,1,1
"64",0.488160380009297,0.220494821978759,13,0,0,0.450534659779127,0.229704039461435,0,0,0.377915278372159,0.22110100380639,1,1,0.186413499020478,0.276385515919047,1,1,1,1,1,1
"65",0.521639547133988,0.281433567826127,15,0,1,0.678986774001272,0.22151139146367,0,0,0.62055935196982,0.231684237358957,0,0,0.715396343137729,0.253064412043046,0,0,1,1,1,1
"66",0.873523091897623,0.328581818491669,7,0,0,0.923415333481662,0.240243793346756,0,0,0.912108317004149,0.318037499527363,0,0,0.88367841696428,0.427770746857323,0,0,1,1,1,1
"67",0.435919459927892,0.237386600423498,19,0,1,0.341751577918265,0.263340471672492,1,1,0.355409652539231,0.249570378445347,1,1,0.0756006807269453,0.338330557217496,1,1,1,1,1,1
"68",0.759797256194812,0.273079851234695,19,0,0,0.968909916359306,0.299104025940631,0,0,0.954742928034952,0.299155946545089,0,0,1.21566580515749,0.310658053932966,0,0,1,1,1,1
"69",0.666627442656883,0.306084022558057,11,1,0,0.941057467008011,0.341056581505993,0,0,0.880483671259916,0.361582948046539,0,0,1.17047039173318,0.339151380032936,0,0,1,1,1,1
"70",0.633383622919388,0.266940284701209,15,0,0,0.557452460178732,0.25825712392869,0,0,0.520990033986621,0.276322838375347,1,1,0.470661837887944,0.282177828645596,0,1,1,1,1,1
"71",0.702394323250394,0.239242099048554,11,0,0,0.793117225791902,0.200140783387322,0,0,0.778041196335792,0.230111291681459,0,0,0.917395995404115,0.274276971984138,0,0,1,1,1,1
"72",0.678351314237029,0.262642377677415,15,0,0,0.475379162423833,0.28971705261867,1,1,0.4101221169154,0.290685838899717,1,1,0.607934180553921,0.26346317070597,0,1,1,1,1,1
"73",0.486068447318383,0.236822913309297,7,1,0,0.450922716470654,0.197906524104321,0,0,0.436023256193755,0.194897924079384,0,0,0.340745839050014,0.280751245064468,1,1,1,1,1,1
"74",0.479511612643547,0.247663140682914,19,1,1,0.451330510112406,0.18413736583432,0,0,0.44121574778745,0.198475792573296,0,0,0.416505872702346,0.244728219453058,1,1,1,1,1,1
"75",0.251431097173391,0.22167886833035,19,1,1,0.263129133670594,0.253762104900628,1,1,0.254052456952158,0.23487736183928,1,1,0.290847087346291,0.237512032007858,1,1,1,1,1,1
"76",0.94491530424654,0.313430153056838,7,0,0,0.950284189973915,0.280253761826882,0,0,0.934627525984275,0.293235827253596,0,0,1.32166931703146,0.348240651951006,0,0,1,1,1,1
"77",1.07692346825426,0.240328397807476,17,0,0,1.04642027117262,0.223220601742612,0,0,1.07433805595873,0.2041651093314,0,0,1.03816829611373,0.222161760258395,0,0,1,1,1,1
"78",0.292911888749774,0.26865725652929,7,1,1,0.302053853157918,0.229877889845676,1,1,0.284405352848634,0.247467719919958,1,1,0.20713106270506,0.330971607338215,1,1,1,1,1,1
"79",0.831249541738003,0.233249797262271,13,0,0,0.799696576859929,0.226473585789023,0,0,0.779795509617013,0.217801880979807,0,0,0.769882750554869,0.257608689460701,0,0,1,1,1,1
"80",0.798590378962034,0.320997051814466,3,0,0,0.718576084173898,0.244543195283932,0,0,0.72839449347492,0.258199111271078,0,0,0.822081795865462,0.371678948797743,0,1,1,1,1,1
"81",0.987921027139264,0.255627795466154,9,0,0,1.04985299871545,0.252068158940869,0,0,1.03815983118026,0.225496199332892,0,0,0.805249834348143,0.249607297592728,0,0,1,1,1,1
"82",0.312963062218056,0.263339160980903,7,1,1,0.371025157924893,0.258125334792654,1,1,0.325788949914603,0.239913525191589,1,1,0.186717102558215,0.299607554237455,1,1,1,1,1,1
"83",0.641350940374628,0.27081518764416,11,0,0,0.589410389216108,0.223530077773225,0,0,0.605491276467743,0.227248244315456,0,0,0.7303920488847,0.299113538499761,1,0,1,1,1,1
"84",0.362312700690079,0.226665514853364,19,1,1,0.390593072302391,0.213103397122261,1,1,0.371803423049981,0.252968028382276,1,1,0.60635547484112,0.296519652886533,1,1,1,1,1,1
"85",0.877053417516022,0.28570268049995,11,0,0,0.849885684493473,0.225115828755742,0,0,0.835186849168677,0.24464897222734,0,0,1.23887996871318,0.295200371934203,0,0,1,1,1,1
"86",0.550863407905602,0.235050140486808,13,0,0,0.494528382305319,0.202120346546383,0,0,0.502811345883082,0.204758267171932,0,0,0.26104984313512,0.326859408835628,1,1,1,1,1,1
"87",0.489667451895156,0.216100356159524,15,1,0,0.517372297092358,0.214459807331969,0,0,0.56656582745927,0.210890593215004,0,0,0.537524692616509,0.254355100693608,1,0,1,1,1,1
"88",0.515880072583697,0.25679302014484,17,0,0,0.664377397319062,0.226621133079989,0,0,0.64026901553421,0.213706898793569,0,0,0.762831776792623,0.362607498802117,0,1,1,1,1,1
"89",0.556262786473997,0.232896982879559,19,0,0,0.556582339472715,0.221643249661549,0,0,0.510306383057742,0.222074671569248,0,0,0.520185009136113,0.248160210183113,0,0,1,1,1,1
"90",0.89151381301032,0.211347442120548,11,0,0,0.911334821318538,0.210782446968963,0,0,0.964567587631035,0.212892759026709,0,0,0.940289785246473,0.222082438387527,0,0,1,1,1,1
"91",0.625767235758527,0.252962631096739,17,0,0,0.673375300128136,0.246878158865627,0,0,0.621169898526109,0.259129044389608,0,0,0.948737964412806,0.326034771349132,0,1,1,1,1,1
"92",0.854881726571118,0.268692744904219,13,0,0,0.724415414979748,0.204185696435919,0,0,0.706142159612937,0.197207731543461,0,0,0.292773799856835,0.398968997490102,1,1,1,1,1,1
"93",0.997439168169369,0.240096122631806,11,0,0,1.04756078947408,0.240699407791713,0,0,1.05202965085112,0.219783633130651,0,0,1.00488719172847,0.231516001560428,0,0,1,1,1,1
"94",0.317240781342517,0.302635369637505,15,1,1,0.403718792229742,0.281570892954367,1,1,0.393881895125304,0.232004333000701,1,1,0.413054736099987,0.339210231076771,1,1,1,1,1,1
"95",0.742185256894081,0.236195545446872,15,0,0,0.709895804841811,0.211155211117339,0,0,0.729335085900856,0.217261652465392,0,0,0.873945462324077,0.285528127041359,0,0,1,1,1,1
"96",0.725184431819218,0.260947315900874,11,0,0,0.76400475288575,0.239629410913859,0,0,0.772238118944646,0.226108199025864,0,0,0.968789053411879,0.27087698927551,0,0,1,1,1,1
"97",0.603642235646523,0.272253393620421,15,0,0,0.538093964421363,0.255441109340315,0,0,0.60173973904366,0.276991249106591,0,0,0.440468959922011,0.349406794632521,1,1,1,1,1,1
"98",0.510590136696851,0.222651248665134,9,0,0,0.387810593620501,0.18574734162087,0,0,0.389014536308454,0.249467561811478,1,1,0.207269106461427,0.279148141876193,1,1,1,1,1,1
"99",0.709760330981804,0.243991827340702,5,0,0,0.676960235226142,0.217001197599864,0,0,0.650650093189627,0.206627139311276,0,0,0.564110979742938,0.248117314990078,0,0,1,1,1,1
"100",0.525051231582855,0.275673426193069,1,0,1,0.556642410713123,0.236616305548638,0,0,0.54918837356022,0.278408518926336,1,0,0.490284440390351,0.302984320346777,0,1,1,1,1,1
