"","V1","V2","V3","V4","V5","V6","V7","V8","V9","V10","V11","V12","V13","V14","V15","V16","V17","V18","V19","V20","V21"
"1",-0.299195371289186,0.371282329080918,11,1,1,-0.490823046822733,0.456779760878788,1,1,-0.418347855441091,0.373833863125056,1,1,-0.567738313647268,0.491613128955985,1,1,0.388688560931477,0.444805733299892,1,1
"2",0.334773182186463,0.329886715824972,13,1,1,-0.400501793462852,0.828606398877555,1,1,-0.290069962498478,0.926236951030159,1,1,-0.150072091867971,0.35767552996025,1,1,0.565349705496517,0.363823717183417,1,1
"3",0.613885783334415,0.346397514806822,15,1,1,-0.185098568873759,0.934735989269728,1,1,0.116462843185215,0.681291149134592,1,1,0.86924137315948,0.759781161215854,1,1,0.932284246099818,0.72362202341717,1,1
"4",-0.230326427813478,0.502877727948295,5,1,1,-0.0325600201281267,0.52244185925179,1,1,-0.0576399993628572,0.585593417755913,1,1,-0.202585917139226,0.529492155669256,1,1,0.73281750894787,0.566459055756698,1,1
"5",-0.692729479729742,0.387792996326265,13,1,1,-1.49444265336453,1.25017634060947,0,1,-1.59722872203304,1.12354957445242,0,1,-1.7906269711258,0.742102001588585,1,0,0.311280836335423,0.694284324193372,1,1
"6",0.478389088531901,0.341300176994173,7,1,1,0.318758014799458,0.331863330286,1,1,0.465548083759499,0.352764597795482,1,1,0.53395237698748,0.4764297915077,1,1,0.595603845269098,0.493975010983251,1,1
"7",0.491625287150832,0.283639913969615,19,1,1,0.0389368934782907,0.503681876631704,1,1,0.15344565670767,0.523546303723396,1,1,-0.55160607208494,0.508565551128452,1,1,0.810032698131352,0.585774552709813,1,1
"8",0.221913426282876,0.350964777211272,19,1,1,0.348459438434166,0.343608440884829,1,1,0.256918391620371,0.358603351003438,1,1,-0.499480804629821,0.950413206624422,1,1,0.433696190891484,0.888176559994324,1,1
"9",0.176370425702646,0.316626128779658,17,1,1,0.368982529390583,0.42025184469179,1,1,0.335654536888232,0.411277477089307,1,1,0.220270918323605,0.410178325570205,1,1,0.317922085114607,0.394350200201971,1,1
"10",0.400407230615971,0.400379133913102,11,1,1,-1.58379916470161,2.39491582629093,1,1,-2.5700926371061,3.71482571264995,1,1,0.0136575192821002,0.391516024568804,1,0,1.12632360747316,0.441978330820431,1,0
"11",0.247915192179674,0.384036093471913,11,1,1,0.522330175234956,0.477260736402833,1,1,0.591458294900755,0.600302173766578,1,1,0.678991513301842,0.470638234324229,1,1,0.506286934508595,0.492750037336636,1,1
"12",-0.290559786037469,0.515343736597567,3,1,1,-0.0623433170065718,0.333130919342726,1,1,-0.0975542026967024,0.318237917987591,1,1,-0.0301973379461354,0.571016113983248,1,1,0.248980247388628,0.560167710087302,1,1
"13",0.700815413514821,0.40695962885303,9,1,1,1.13975334213769,0.688495956246023,0,1,1.13861700720855,0.67079050712043,0,1,1.87554890353754,0.877864320977702,1,1,0.972602053282801,0.936647437040078,1,1
"14",-1.92242401752645,0.613614018563405,3,0,0,-0.558964611043264,0.423969336807555,1,1,-0.768424934730446,0.404563105394918,0,1,-1.36607649418623,0.608017210563056,1,1,-0.392411340401472,0.628954469974301,1,1
"15",0.376686261732503,0.400719714159609,17,1,1,0.35083385630267,0.317885020201338,1,1,0.340861672468888,0.341792744287548,1,1,0.693191673885864,0.891626434429773,1,1,0.729103007033583,1.01093730835131,1,1
"16",-0.516800041858096,0.354371842769386,3,1,1,-0.945861790408606,0.449720475126444,0,0,-0.765358709927865,0.411962333408848,1,1,-0.845005426659339,0.335522186685294,0,0,-0.0138499762477812,0.335881862481526,1,1
"17",0.176703033093835,0.32158904672737,19,1,1,0.761810809279364,0.734559382877389,1,1,0.93157497120437,0.743433991826147,1,1,0.382899844707885,0.337498677438942,1,0,0.492606193969454,0.352393014582845,1,1
"18",0.617978857172445,0.310099825174086,17,1,0,0.343512018724229,0.299386989456902,1,1,0.201065374347854,0.363040063108564,1,1,0.59605301704895,0.390835293302965,1,1,0.522844447596006,0.36850298801422,1,1
"19",0.386694152173024,0.438620362327313,19,1,1,0.609748392884855,0.298582213482982,0,0,0.518234614762255,0.305644616199806,1,1,0.518417898197338,0.555870298309115,1,1,0.707905664015939,0.591235642920756,1,1
"20",0.315809742781017,0.376359815409391,19,1,1,0.372546126567404,0.426071025372753,1,1,0.514896587182608,0.371772397745263,1,1,0.618852506913995,0.528079047639223,1,1,0.601320355677283,0.510296392428543,1,1
"21",0.295554507264536,0.334303784048553,9,1,1,-0.125040586683856,0.469012397566393,1,1,-0.0913958430564831,0.436164892621536,1,1,-0.0154815834135048,0.374888842872559,1,1,0.643330199996904,0.377434418460459,1,1
"22",0.540131629739844,0.361090588959679,19,1,1,0.11900816245579,0.590290592436553,1,1,0.338390997764061,0.498295040661138,1,1,0.34566148118263,0.47845521484807,1,1,1.02967790882898,0.516745842064849,1,0
"23",-0.0154574991951383,0.341369374402705,19,1,1,-0.147560377713412,0.411352544202304,1,1,-0.197130547273386,0.50349933393287,1,1,-0.149842968757691,0.416883836534185,1,1,0.527496392740482,0.476320730603096,1,1
"24",-0.264463860273989,0.384361558972762,11,1,1,-0.0985753205669652,0.319074521088899,1,1,-0.149036484618471,0.317133590285443,1,1,-0.4583663672152,0.545861115957237,1,1,0.470504929128414,0.546520620248489,1,1
"25",-0.664498464824795,0.333196700188951,17,1,0,-0.0938416962373403,0.269904449318839,1,1,-0.0896124735462498,0.305175354362509,1,1,-0.081056776692849,0.429666267148324,1,1,0.553838505435786,0.447898719327019,1,1
"26",0.0177169129123733,0.393824586541231,19,1,1,0.450606093192387,0.374195726312033,1,1,0.341360472373567,0.361827981361303,1,1,1.44401316837335,0.947097683632959,1,1,0.76996200388309,0.867831082089099,1,1
"27",0.716359940109502,0.498376461341933,1,1,1,0.520337849640193,0.287037906974126,1,1,0.548598152499443,0.325994724529086,1,1,0.589160064808198,0.452869164365594,1,1,0.716359940109502,0.477269510114674,1,1
"28",-0.14112801415308,0.381374395168602,17,1,1,-0.190516520528336,0.53622290835325,1,1,-0.190464191336006,0.500208808695226,1,1,0.0382433559900926,0.893370333429369,1,1,0.154416583401384,0.8024103628681,1,1
"29",0.218357753939494,0.368479995235683,17,1,1,-0.0390498335240054,0.346580567451476,1,1,0.0266367268231095,0.305188489461394,1,1,-0.287923540643929,0.550517749315989,1,1,0.483483370919068,0.505159543924186,1,1
"30",0.0785003237902836,0.316872449460446,17,1,1,-1.03401312509736,1.78655492675804,1,1,-1.102994427788,1.50381909012277,1,1,-0.775110776119758,0.600698351527484,1,1,0.570222014727662,0.646457702550505,1,1
"31",0.566625843496055,0.298607873179289,15,1,1,0.656943827158776,0.213058679637431,0,0,0.727532074403795,0.239874845305387,0,0,0.836171083827296,0.504588751827081,1,1,1.00568138536338,0.575337127409589,1,1
"32",-0.859125029293076,0.469272915092761,1,1,1,-0.116060721977969,0.314553456648319,1,1,-0.310507289723367,0.320703645997412,1,1,-0.642326727291277,0.456628712061244,1,1,-0.859125029293076,0.402025883615158,1,0
"33",0.589612533481912,0.42779440216937,5,1,1,0.53934424480222,0.29195412965953,1,1,0.455163510189902,0.332700631476712,1,1,0.546189993916601,0.469151015778173,1,1,0.617435736021714,0.504820063884077,1,1
"34",0.631860496274093,0.359709461596491,7,1,1,0.620594228224542,0.341980126251071,1,1,0.662458665979161,0.370038263144934,1,1,0.348821373561078,0.57180933296183,1,1,0.798552860218356,0.571896967310184,1,1
"35",0.284913129719511,0.43192915273859,15,1,1,-0.34697247769006,0.964818727678959,1,1,0.026446722510874,0.737202416328738,1,1,-0.05093469050496,0.724158518586762,1,1,0.634023033366466,0.687756293149545,1,1
"36",-1.30418657589362,0.563181331360803,1,0,0,-1.83313534333121,1.64078743385285,1,1,-1.78488135199365,1.47673563373615,1,1,-1.45609291127453,0.498575135333556,0,0,-1.30418657589362,0.569037271009177,0,0
"37",0.0636871127250977,0.339169057370431,17,1,1,-0.297253684175695,0.357201403287213,1,1,-0.198061111190746,0.35833641387765,1,1,-0.925922205508725,0.562223112340583,1,1,0.27395984509948,0.574656012971812,1,1
"38",-0.279689117556223,0.388037858246849,17,1,1,0.105060934038046,0.361295028981334,1,1,0.116837788216104,0.408932130744637,1,1,0.0977838735943247,0.782942911845204,1,1,0.520687574581942,0.833983600198773,1,1
"39",0.148064815296609,0.390766418386746,15,1,1,-0.231949552981527,0.386631005081579,1,1,-0.165829457368111,0.449897456515977,1,1,0.0446903230722843,0.633025090796419,1,1,0.840155244560897,0.678258888221007,1,1
"40",0.17579229431367,0.36171549075142,19,1,1,1.21087432558908,1.08946830547397,1,1,1.55395216487978,1.46711858521475,1,1,0.524702459579847,0.45521527784084,1,0,0.593356452967582,0.479682582243875,1,1
"41",-1.65663033463104,0.952939254933592,3,1,1,-0.648376742265959,0.781628243048629,1,1,-0.619724795075804,0.790298312862005,1,1,-2.30896435272201,1.05248845543677,1,1,-0.292763659485287,1.09673814717945,1,1
"42",-0.0960995521108522,0.383673545874861,15,1,1,-0.0629142557313356,0.343538928808364,1,1,0.221879923889093,0.317093770303609,1,1,-0.174107603092758,0.457469796116873,1,1,0.492763561362449,0.445135807603753,1,1
"43",0.237787357405186,0.265309002900268,15,1,1,0.475164586038252,0.34380270514064,1,1,0.191039318320828,0.59551906662772,1,1,0.348860816721517,0.352496419203338,1,1,0.650078326730059,0.385953105824227,1,1
"44",0.464593483346792,0.276251667986595,13,0,1,-0.737134802413233,1.31890168828976,1,1,-0.32144995597142,0.647621233919674,1,1,0.282814660269569,0.454777767013613,1,1,0.638707332712186,0.462579345625691,1,1
"45",-0.766456793988617,0.381232681113732,19,1,0,-4.61645105108432,5.07800559145571,1,1,-2.46689510325816,4.62343070532494,1,1,-0.387735600613575,0.68608954265354,1,0,0.31067091457079,0.702181202944751,1,1
"46",0.52275038478004,0.338776914086829,9,1,1,0.389648458302374,0.416505815834123,1,1,0.595253025237068,0.732477686334701,1,1,0.269712868799817,0.329390062069496,1,1,0.48082176390346,0.39996666786398,1,1
"47",-0.47395436560722,0.358354767966431,15,1,1,0.0629203377339566,1.20154708635422,1,1,-0.105093479119094,1.08762638870859,1,1,-0.00190693687725528,0.453423840266083,1,1,0.358300623927133,0.445722561101956,1,1
"48",0.168161586129091,0.363819457609007,19,1,1,0.299620812318668,0.289756810798081,1,1,0.153165207243563,0.302808015790862,1,1,-1.29371681957184,1.24332586223553,1,1,0.439276279289558,1.14463073267325,1,1
"49",-0.0551238138334921,0.386631468074672,11,1,1,0.372179718887576,0.403518697657612,1,1,0.278489243951029,0.386326659470378,1,1,0.484171978465775,0.515117419165263,1,1,0.756340779432823,0.476720542394223,1,1
"50",-0.271396177313514,0.513234282314917,7,1,1,-0.224305434803833,0.431840388169279,1,1,-0.0860750033105404,0.423517385427808,1,1,-0.474875179563472,0.493770675283993,1,1,0.751111479802244,0.485583701000734,1,1
"51",1.36358309119229,0.569974865451303,3,0,0,0.802399403592598,0.391268242699371,0,0,0.776437017236737,0.399882138280553,0,1,0.424161478744476,0.792236363681103,1,1,0.635394586078322,0.888466944903919,1,1
"52",0.102941590991633,0.399165315417108,7,1,1,-5.8690257064459,6.2665609896556,1,1,-6.26912464630377,6.65826875165117,1,1,-0.701002246485819,0.518885270819457,1,0,0.326625076862833,0.562560412793193,1,1
"53",0.292207563143526,0.393088984112051,17,1,1,0.600843679799061,0.231329158799493,0,0,0.731628483357165,0.271282765914535,0,0,0.852020966742996,0.486247984916023,1,1,0.953488405901964,0.493083882801466,1,1
"54",0.601946243230908,0.418954916779376,11,1,1,0.401454337110616,0.341807050603339,1,1,0.42030648043605,0.359666795716659,1,1,0.307383714014725,0.548016389370591,1,1,0.788697844475226,0.569948658755835,1,1
"55",0.703223626136797,0.43393237377096,13,1,1,0.786600338358773,0.501303382487225,1,1,0.726281158377584,0.508980107194073,1,1,0.963620601850158,0.675944657264033,1,1,0.436855826520012,0.660682964417869,1,1
"56",-0.543152517230732,0.480193400027979,11,1,1,-0.304276942197056,0.331122505723305,1,1,-0.330481821378706,0.363674653300748,1,1,-1.22293935676239,0.550517863822928,1,1,0.436252339719984,0.626840506975228,1,1
"57",-0.312402995383966,0.376742779826016,19,1,1,0.067803194479142,0.246115025006493,1,1,0.0381046808414064,0.287518745391109,1,1,0.441752753944837,0.445045822424902,1,1,0.596627062581809,0.487529351803727,1,1
"58",-0.626293229388956,0.428977979479459,1,1,1,-0.49110100959824,0.700901219237693,1,1,-0.512257663535693,0.73538060939739,1,1,-0.57606482854258,0.472419622081199,1,1,-0.626293229388956,0.396336622451285,1,1
"59",0.381573470637353,0.432754722858811,13,1,1,1.03131821828695,0.496566767553159,0,0,1.05372969035071,0.648779089289445,0,1,0.740387720006092,0.413954938429859,1,0,0.598203473012684,0.470213619163384,1,1
"60",0.174547115752285,0.581110071228977,5,1,1,0.382911981518624,0.710560535369109,1,1,0.317264881302701,0.663123841965187,1,1,0.992154178245275,0.830944709419915,1,1,1.06714106641256,0.798503952143011,1,1
"61",0.301044899373802,0.381864043593818,15,1,1,0.651787884704135,0.394118416808775,1,1,0.699209642086127,0.372265452159852,1,1,1.14916531276918,0.473703160713551,1,1,0.927137458235752,0.503210257400607,1,1
"62",-0.357728467088295,0.343528204782476,19,1,1,-0.164686267293293,0.706737247348389,1,1,-0.270928078772818,0.721972746330481,1,1,-0.795637874042186,0.584786984443842,1,1,0.512519590837336,0.590658598808373,1,1
"63",0.557146307057301,0.375053148165994,17,1,1,-0.647809011166698,1.42734605937426,1,1,-0.858032483748502,1.6184052425611,1,1,-0.403636398096602,0.710616076836265,1,1,0.9182319079439,0.713468841860565,1,1
"64",-0.470167866479037,0.426142997908629,3,1,1,-3.61631908605258,3.34281667605054,0,1,-3.52784574965496,3.26207076834055,0,1,-0.944485068375218,0.424211560105608,1,0,0.0682037814727299,0.442746727783062,1,1
"65",0.873622214286767,0.429285467960092,11,1,0,-7.28840160319932,9.35503689164014,1,1,-4.21273962246427,6.6657164734617,1,1,1.00760107553591,0.426699865568466,0,0,0.742114383510006,0.407049725887297,0,1
"66",-0.535605911348083,0.38473005966472,17,1,1,0.43261204000336,0.541768424307556,1,1,0.643732756765533,0.83413989342718,1,1,-0.264863489641904,0.673494559280778,1,1,0.572557394343466,0.80731378485251,1,1
"67",0.962461847350337,0.384860548919884,19,0,0,0.572359826740152,0.244132145109452,0,0,0.64619049499405,0.263398363984401,0,0,-0.719379824474503,0.966988505748808,1,1,0.775691031733664,0.929225288882656,1,1
"68",-0.324031254991999,0.461283130537736,11,1,1,-1.05233206186974,1.97367258227787,1,1,-0.487855053133502,1.86368397829091,1,1,0.154218129147772,0.631912440702486,1,1,0.516089420879192,0.601551466225217,1,1
"69",0.62810032441217,0.306618296940834,7,0,0,0.572843681875484,0.213093904563875,0,0,0.607007618883113,0.201522988813128,0,0,0.610146013446794,0.314692717017831,0,1,0.671267705951509,0.311074039110863,0,0
"70",0.644567556803557,0.353735115864041,17,0,1,-0.00535836366026393,0.582345799199231,1,1,0.0658890321256612,0.656134874283724,1,1,0.229412800477532,0.347635151048251,1,1,0.794421141751033,0.364144756660569,1,0
"71",-0.0393760794484969,0.363105658095379,19,1,1,-2.05907596438021,2.47222861891219,1,1,-0.400683198314739,1.1904019555093,1,1,-0.631507848628856,0.521005436871258,1,1,0.52875592655642,0.488035614749365,1,1
"72",0.302427723784575,0.376722747888736,17,1,1,-0.703324447600628,1.63185116291586,1,1,-1.16519360998406,1.94676484569453,1,1,0.250760958396766,0.634780322262229,1,1,0.469807465301332,0.701377045215339,1,1
"73",-0.303030501998079,0.4209832003756,19,1,1,0.126724430109757,0.257128931704569,1,1,0.161511797082872,0.324276169549405,1,1,0.751148316261001,0.942417680809403,1,1,0.603424178878383,1.02698641436761,1,1
"74",0.406776174929193,0.354893108510239,19,1,1,0.287802351072944,0.330176142449995,1,1,0.311218923708016,0.368600861520159,1,1,0.785292083851868,0.428826152578438,1,1,0.807298503974941,0.480111877835369,1,1
"75",-0.348277585302361,0.378851353486298,11,1,1,-0.218075317354674,0.29339271918358,1,1,-0.217316187157086,0.319083271491072,1,1,-0.365015139837138,0.509531045344196,1,1,0.530309201330451,0.588505345667151,1,1
"76",-0.483232325136411,0.383297331189117,17,1,1,-0.784843314982199,0.653113955242041,1,1,-0.517130773113036,0.506813292332818,1,1,-0.849102151698659,0.433708917890681,1,1,0.612089975826661,0.475482584552257,1,1
"77",-0.127698271757292,0.340144336041266,19,1,1,0.30353097550826,0.243001683847628,1,1,0.222651368081026,0.292213718233978,1,1,0.0337284285832302,0.56024859224418,1,1,0.542944273007243,0.63604318118336,1,1
"78",0.176261647161315,0.508455832367609,9,1,1,0.280711193736667,0.380149491653271,1,1,0.321929204195326,0.408682935137931,1,1,-0.0641214506936306,0.60115179510613,1,1,1.09628535199085,0.659431324228162,1,1
"79",0.0355825790996071,0.431628923905776,15,1,1,-0.120266707980242,0.502496467116016,1,1,-0.0697499876922736,0.506118809408895,1,1,0.34132605156777,0.719271166466864,1,1,0.508001136415303,0.638431970888303,1,1
"80",0.0852594465410953,0.403243887408356,3,1,1,0.137324483281291,0.306933346053894,1,1,0.14995299785591,0.706330499729622,1,1,0.0807471495700455,0.364034183734179,1,1,0.748214251639371,0.398855953104893,1,1
"81",-0.0997783734580327,0.386636464863309,9,1,1,-0.0595819275819512,0.583484668781693,1,1,-0.1117614014014,0.615185058660708,1,1,-0.29131135604725,0.479364370226243,1,1,0.396764852866388,0.469253345659484,1,1
"82",0.0651938303338986,0.35680044460123,19,1,1,-0.119885851754714,0.312216192343695,1,1,-0.112898019067113,0.363149046037142,1,1,-0.502302091277437,0.527046240498611,1,1,0.561040559538465,0.515587111390375,1,1
"83",-0.145282508419596,0.335300705691015,17,1,1,-0.0808232186859851,0.254382677298162,1,1,-0.0499305836507741,0.301856146953236,1,1,-0.180442943220205,0.314236901569711,1,1,0.45495086692085,0.325321380340642,1,1
"84",-0.364364712379945,0.366338813961363,19,1,1,0.0896953621037013,0.227694539532625,1,1,-0.0721929810604101,0.303087938781111,1,1,-0.618755066011587,0.571026544075227,1,1,0.446747186509568,0.633465575411882,1,1
"85",0.763683949999322,0.305805851812204,19,0,0,0.822085151939811,0.318456159054168,0,0,1.16364360385354,0.400611137643272,0,0,0.514593808793469,0.460296391506963,1,0,1.35588669485555,0.491701103617034,1,0
"86",-0.279472212628365,0.310238187583602,19,1,1,0.00163472056109948,0.291982819119653,1,1,-0.0130010502975533,0.287660492507826,1,1,0.765256893919147,0.590703012093205,1,1,0.530047314028622,0.567453058149099,1,1
"87",-0.76532080447603,0.468873965187045,5,1,1,-1.52291461924896,1.06492944352059,1,1,-1.45132640976665,1.11310637954031,1,1,-1.04875373742742,0.439488307944846,1,0,0.151265062251881,0.526884924338425,1,1
"88",-0.801412975513569,0.605360516586202,3,1,1,-1.30650750508284,1.12002140575107,1,1,-1.3123522823543,1.2601217067186,1,1,-1.41693296912895,0.662681189128719,1,0,-0.00506455725342858,0.63878457656279,1,1
"89",0.294347252689745,0.38748468731131,13,1,1,0.44205886149784,0.218533870554055,0,0,0.483802368384865,0.252566007783628,1,1,-0.0277061005409954,0.727209827568911,1,1,0.706271373742985,0.684945384098843,1,1
"90",-0.332084237335377,0.422298601966912,5,1,1,-0.0349060899544527,0.225086544556598,1,1,0.0878893828004001,0.267970206517662,1,1,-0.484628515574816,0.398232376832374,1,1,0.456470036812414,0.484217894880571,1,1
"91",0.412368071928865,0.351506400214879,7,1,1,0.499436185766088,0.385949258492357,1,1,0.458305684758981,0.378469275575627,1,1,0.382688745849367,0.396642300523201,1,1,0.751947183317167,0.425604339377937,1,1
"92",0.487121646289643,0.281782443396277,13,1,1,0.483618074698995,0.219821424188946,0,0,0.508702065182516,0.267702582466415,1,1,0.603524632057377,0.347846273369715,1,1,0.932895430794503,0.387600555815319,1,0
"93",-0.154354075337629,0.620374906384294,7,1,1,-0.0293814140194006,0.385335525548494,1,1,0.161685879279708,0.339951729552167,1,1,0.253070461175298,1.01328732676802,1,1,0.698008746035763,0.996152760869818,1,1
"94",0.24555669053024,0.397328701704883,13,1,1,0.373581915796146,0.20834123702839,1,1,0.442955809731008,0.232547652403987,1,1,-0.180635005182029,0.784024949806985,1,1,0.929739311944334,0.798584329533997,1,1
"95",0.228020636628526,0.395311561104224,11,1,1,0.0568216554290928,0.352025964407119,1,1,0.134235659614127,0.301505368329365,1,1,0.337509654659049,0.591951771760061,1,1,0.53848688503243,0.625502785073259,1,1
"96",1.11546726498276,0.474847755973087,7,0,0,0.684491672273792,0.261190936984678,0,0,0.677056732811082,0.300774433904343,0,0,1.68508016853608,0.866849460219777,1,1,0.811421313346467,0.862267974007194,1,1
"97",0.545385628869195,0.384756709741341,11,1,1,0.514334525259447,0.508632916436082,1,1,0.539098538627281,0.412201273839023,1,1,0.547703860906352,0.405124339495019,1,1,0.779521262307001,0.398285907877024,1,1
"98",0.208505961855879,0.369386261987713,17,1,1,-0.0393643795131285,0.538848160068643,1,1,0.0398558770510723,0.58404610816633,1,1,-1.02999861696832,0.750252697027207,1,1,0.775761059458655,0.651933802323711,1,1
"99",0.593472940755687,0.349725305937082,19,0,1,0.63149784485934,0.285416069516476,0,0,0.560202044662221,0.29002850291966,0,1,0.572218112263021,0.630674500999142,1,1,0.771947953205309,0.604618001080035,1,1
"100",-0.00905032539293744,0.347860504516137,19,1,1,-0.534014873184033,0.609223949988484,1,1,-0.442172686253658,0.666826960027528,1,1,0.0394804109086132,0.587549551545043,1,1,0.363884885147602,0.629498150120391,1,1
