"","V1","V2","V3","V4","V5","V6","V7","V8","V9","V10","V11","V12","V13","V14","V15","V16","V17","V18","V19","V20","V21"
"1",-0.0854708470976425,0.316872595746632,17,1,1,0.136818812968195,0.230011800072616,1,1,0.0132646274138696,0.298769024614991,1,1,0.274865381134952,0.469239354103084,1,1,-0.0914718511559398,0.520113777067173,1,1
"2",-0.917400575982119,0.560898705408116,19,1,1,0.501958858661473,0.542511208685265,1,1,0.432972339061946,0.763995206493182,1,1,1.64874814328709,1.25986856262135,1,1,-0.288718165203819,1.20059281548558,1,1
"3",0.256469251492404,0.486509725004184,9,1,1,0.515208030817596,0.411074060560227,1,1,0.265764142543687,0.349611943790044,1,1,0.601166464037544,0.615871889655767,1,1,-0.0533145488080506,0.591549700352893,1,1
"4",0.0630991211741748,0.434883283867833,11,1,1,0.655840247648744,0.345121845657643,0,1,0.479258002647947,0.390782592729741,1,1,0.945820091354343,0.536206493886261,1,1,0.112067768643988,0.594939660187967,1,1
"5",0.00918551409796757,0.472787106409004,15,1,1,-0.135922457697886,0.562657628034376,1,1,-0.168845544046806,0.377196229089207,1,1,0.461723553967617,0.833661410332733,1,1,0.0315811264915111,0.837705667192386,1,1
"6",-0.159323553448144,0.301071875974007,13,1,1,1.31256188318193,0.993800281102962,0,1,1.30226143695721,0.969855639847403,0,1,0.673109288384843,0.345284803904082,0,0,0.10397950713581,0.343835421714127,1,1
"7",-0.173645152626565,0.332116368398696,11,1,1,-0.28307361656367,0.505848614057678,1,1,-0.4577146826527,0.346181319000392,1,1,-0.936661462155878,0.463794950452155,1,1,-0.0921989968637402,0.489183510870302,1,1
"8",0.216788015936251,0.509582850105326,11,1,1,0.397645323646344,0.275571555742279,1,1,0.520856256702793,0.659142079176032,1,1,0.870651301024983,0.848646015141729,1,1,0.327055175163112,0.858841268065391,1,1
"9",0.240305555453581,0.376571754435019,15,1,1,0.759577447561485,0.7610586152413,1,1,0.575719379342289,0.798177303379055,1,1,0.668242733470961,0.750969924685814,1,1,0.0699074341130643,0.711492246608364,1,1
"10",0.18124021107107,0.34455608456466,19,1,1,0.776425052513342,0.530984938161244,1,1,0.504010450852652,0.691551412753933,1,1,0.751892350748401,0.65278318829466,1,1,-0.0553056679213167,0.677836949181645,1,1
"11",0.580305118742396,0.379773121608449,13,1,1,0.0241578180737515,0.743482381579502,1,1,0.0528310495783983,0.509665693962982,1,1,0.461352133841696,0.618618397455593,1,1,0.391486997897987,0.507322145051184,1,1
"12",-0.159258978787211,0.322974771123977,15,1,1,0.520050756309522,0.306552774186091,1,1,0.23575054638217,0.396590840943926,1,1,0.800235780357746,0.316459251892596,1,1,-0.209158932857807,0.491623313238745,1,1
"13",0.233121353544929,0.431005158498274,19,1,1,0.251769267258123,0.603846548672086,1,1,0.0631523530161242,0.564729396743417,1,1,0.207045173785516,0.613149114568336,1,1,0.0727461661292717,0.707481613999969,1,1
"14",-0.509888070812086,0.346756125036,15,1,1,0.0836867577704353,0.261982774187355,1,1,-0.374269612254239,0.301415144925502,1,1,-0.871025863270517,0.672186570747685,1,1,-0.367034597237693,0.711903554338113,1,1
"15",-0.211345672069999,0.422265912093488,19,1,1,0.0661844763565003,0.287044725271517,1,1,-0.405024009108726,0.38431760202752,1,1,0.204586173113227,0.802318310384569,1,1,-0.169040744793429,0.854799421693035,1,1
"16",-0.97293605677104,0.398340889978912,19,0,0,-1.38181226189352,0.860228095729488,0,1,-1.54508420814859,0.656938614569973,0,0,-1.24279549353499,0.694481291069821,1,0,-0.784885685166091,0.77126666264056,1,1
"17",0.107994370980908,0.338811436565375,15,1,1,0.738629630074083,0.493630932555258,0,1,0.561801600281163,0.532188458119655,1,1,0.977850942573763,0.642158330852544,1,1,0.0813334198418366,0.58655105518235,1,1
"18",0.424028332371588,0.384868195919503,11,1,1,0.707713157328911,0.385115161655307,0,1,0.514086021907742,0.392150291272563,1,1,0.559984986501011,0.502921537953134,1,1,0.302252936876382,0.538601560347745,1,1
"19",0.0339979449679407,0.350082219397485,13,1,1,-0.150162983280598,0.288885727852028,1,1,-0.268237766060237,0.29997245735487,1,1,-0.297204664450653,0.45138931582922,1,1,-0.0396582964293672,0.437812541218824,1,1
"20",0.571918905784395,0.354206705469734,15,1,1,-1.15714246842291,1.58618583998439,1,1,-1.19737274968933,2.08695990858033,1,1,0.454209099466883,0.430843740601732,1,0,0.517230454641135,0.494420713107535,1,1
"21",0.0224025256944429,0.512330757432277,7,1,1,0.15243793363875,0.335387063489381,1,1,-0.0610161573631539,0.282936145869027,1,1,0.214316452396632,0.623255537190256,1,1,0.0848014940197424,0.646025081786416,1,1
"22",-0.0359352202792298,0.364270014700841,19,1,1,0.760303156646975,0.668099264968625,1,1,0.595754558583661,1.48602087526263,1,1,0.83210612258002,0.730169123071026,1,1,-0.0973103793184046,0.729937452331624,1,1
"23",0.366691025833991,0.417890120969543,19,1,1,0.419779733368059,0.323910731563339,1,1,0.0614917319840295,0.310773647809273,1,1,-0.938363782287051,1.34837021854996,1,1,0.0596482362544412,1.08543512413818,1,1
"24",-0.724397560054152,0.41084746624558,15,1,1,0.072939331549195,0.601821182270011,1,1,0.0234789494220201,0.557581536799456,1,1,0.451715696838917,0.676271924046445,1,1,-0.257201218422386,0.622541693008996,1,1
"25",0.0179163741381334,0.372094078166939,7,1,1,0.0964285841582972,0.311240983223521,1,1,-0.0407579236561114,0.25486218770746,1,1,-0.165972485454503,0.368134776099535,1,1,0.216610767464195,0.468164843323002,1,1
"26",0.190082615643846,0.39954785910541,17,1,1,0.549088829191237,0.338943299938355,1,1,0.221108966779269,0.407840036121433,1,1,0.150050058548222,0.862362871592961,1,1,-0.15912760678011,0.898884714291222,1,1
"27",-0.285899342331555,0.40921786880543,9,1,1,0.336561682916609,0.489761409174138,1,1,0.310099173982491,0.539909818159113,1,1,0.456514191739639,0.573767295449579,1,1,0.0129796693998245,0.622081620456111,1,1
"28",0.0318626845013043,0.324986035701253,19,1,1,-0.675475913261181,0.826984282424988,1,1,-0.500301254218808,0.477482841956314,1,1,-0.278901564244999,0.312616688824886,1,1,0.0507056622996699,0.282010676782112,0,1
"29",-0.0557643867124233,0.370738463131633,17,1,1,-0.955310688434485,1.14445024241136,1,1,-0.677976988720349,0.75698788755224,1,1,-0.287799457061654,0.571354484843583,1,1,-0.239549312227756,0.51942202248812,1,1
"30",-0.594506076225256,0.623817063196452,5,1,1,-2.31038882393626,1.82926148474288,1,1,-2.21193021485576,1.58340783085198,1,1,-1.47383664285371,0.681483586694091,1,0,-0.720150471178224,0.667745629757643,1,1
"31",0.526667155914207,0.464555936577102,15,1,1,0.564903049322521,0.247490515028333,0,0,0.400075683071315,0.312594221307735,1,1,1.47129669096598,0.708567413283173,1,1,0.141999495723568,0.838487628257494,1,1
"32",-0.105068552855809,0.355513012056758,11,1,1,0.241381292662902,0.266659448436846,1,1,-0.0331144439666073,0.379750728693712,1,1,-0.232283421083218,0.516998401200097,1,1,-0.195357189145859,0.519372103515285,1,1
"33",-0.115218833009972,0.358450343504852,5,1,1,-0.0386031152254119,0.307675701722093,1,1,-0.148548408094797,0.285987742637457,1,1,0.0485270208723604,0.334607390584456,1,1,-0.033472655662629,0.342651555521193,1,1
"34",0.20158695862673,0.422988663733589,13,1,1,-3.28964857934469,5.55964500290186,1,1,-0.236807227302528,2.82682546170655,1,1,1.09487172838184,0.773519442640159,1,1,0.0368320623776189,0.850089532015815,1,1
"35",0.487030002926468,0.363633291969794,19,1,1,0.606215133208538,0.25565062953337,1,0,0.478666919464337,0.331849110413101,1,1,0.360061423021776,0.396643793660955,1,1,0.193049948685095,0.366487669936578,1,1
"36",-0.398654900592745,0.451685542304558,13,1,1,0.316361489193612,0.376879093402031,1,1,-0.0159092982068276,0.505841365592421,1,1,-0.259671446454382,0.625237574818391,1,1,-0.38162023628317,0.608905801903929,1,1
"37",0.725452878716386,0.4668694664845,9,1,1,0.364273791652689,0.342732084342304,1,1,0.304092181838767,0.333291307854284,1,1,0.210180230371502,0.628985365750782,1,1,0.248874567038104,0.633176042437427,1,1
"38",0.129875760571703,0.330108723824127,15,1,1,0.072689886051969,0.697117092017447,1,1,0.0505739956105022,0.900846624450201,1,1,0.228362483718459,0.481202815678533,1,1,0.0181727230496152,0.493626231726942,1,1
"39",-0.194964027580017,0.335012625434271,13,1,1,-0.0208126192399852,0.287741817863418,1,1,-0.480980173257226,0.249115959717806,1,1,-0.472571727263278,0.316986357036312,1,1,-0.536812734095146,0.386344390751363,1,1
"40",0.123598310764424,0.342938737518943,19,1,1,-0.560320880188019,0.681305090626577,1,1,1.7481519028754,4.40741744909686,1,1,-0.109106409222152,0.597140317831286,1,0,-0.119370553260235,0.545475111453137,1,1
"41",0.536084271363339,0.392474703672479,11,1,1,-11.5320719025166,18.0894661874415,1,1,-15.0250197760992,20.2684898359938,1,1,0.010908257187328,0.57170201579901,1,0,0.697270421604545,0.528637286053903,1,1
"42",0.374859074018212,0.385414257865755,11,1,1,0.220892440590355,0.352730636457083,1,1,-0.0902836995263854,0.393255048913484,1,1,-0.0979178402667597,0.538144272291094,1,1,-0.139057960304426,0.538634216515085,1,1
"43",0.62512144744286,0.401561404211286,7,1,1,0.997604292472883,0.443860418137393,0,0,0.811826451216559,0.418977925694727,1,1,0.420228153320847,0.458284946762434,1,1,0.552062104689479,0.488648533898588,1,1
"44",0.0971275276011304,0.407159276171035,19,1,1,0.495690294001208,0.253799036668868,0,1,0.277295845996791,0.286978963134251,1,1,0.858793094655957,0.327911652498922,1,1,0.0353167319414632,0.401586641054133,1,1
"45",0.572687082548763,0.443028775109268,11,1,1,1.740560293688,1.13934100126542,0,1,1.88114834881637,1.69888064535307,0,1,1.07459632474461,0.470692051513159,0,0,0.274019332616276,0.409861605685091,1,1
"46",-0.25958573681438,0.426375602275362,19,1,1,0.294747938349582,0.298049999752153,1,1,-0.00839067686981681,0.336453340060466,1,1,0.608716755585861,0.572055323234957,1,1,-0.0566160891584037,0.538378517740317,1,1
"47",0.178620635261236,0.399624413975061,13,1,1,0.538620121426009,0.544976867566247,1,1,0.593006508069027,0.41335646812476,1,1,0.759374435847069,0.419155835424518,1,1,0.416243198449825,0.566617981832442,1,1
"48",0.136087908023607,0.364166182012039,19,1,1,0.479303402687862,0.344287177142459,1,1,0.286781476758837,0.355941989171689,1,1,0.620137538245138,0.617171484920454,1,1,0.407301408137673,0.642115846395929,1,1
"49",0.0142209694595852,0.446939836568454,13,1,1,0.894409888904794,0.429412775237399,0,0,0.87234620162537,0.56682960042239,1,1,0.7429219480696,0.345261175581594,1,0,0.279467592921887,0.40084448596651,1,1
"50",-0.784783145768706,0.367900250703978,3,1,0,-1.28776432765899,0.745885181155708,0,1,-1.27774384937696,0.780427311693774,1,1,-0.85994751695644,0.35610340830324,1,0,-0.293291118222652,0.339631056416389,0,1
"51",-1.17092809758059,0.446569960783881,19,0,0,-1.05091974744123,0.486596927280466,0,0,-1.21168864690276,0.327331746560013,0,0,-0.950642253830654,0.442402591962672,0,0,-0.804119764296927,0.413758016443888,0,1
"52",0.0352304242035656,0.387217910111522,15,1,1,0.634687630958444,0.558395450810077,1,1,0.395585401421091,0.558131690610977,1,1,0.410832665704439,0.499563629575612,1,1,-0.139624748405772,0.578716931601714,1,1
"53",0.113537058091208,0.286167145238629,17,1,1,0.391897406627469,0.27455893853564,1,1,0.196027478308551,0.337271326477551,1,1,0.783744788059436,0.606101544876262,1,1,-0.0721370670311612,0.618352766925026,1,1
"54",0.635438624558745,0.402616863430567,13,1,1,-8.11001972799035,10.058320689712,1,1,-7.83985212224284,9.79716246973089,1,1,-0.187695209719983,0.724280909942773,1,0,0.472637068414573,0.662483175239676,1,1
"55",-0.394337615582698,0.452941768742795,15,1,1,-0.0397196282897304,0.245213875747514,1,1,-0.432138434091241,0.380093443861537,1,1,-1.35704180812072,1.0167840178829,1,1,-0.487057946881519,1.17572412737282,1,1
"56",-0.0709733234170485,0.326760556733418,17,1,1,0.316779070805603,0.243899880331572,1,1,0.106812181634136,0.244576860444134,1,1,0.392806926851764,0.327071351623077,1,1,-0.0124069338818196,0.348403289278599,1,1
"57",0.219919438076433,0.421843521156506,15,1,1,0.554358067903888,0.278583909331012,0,0,0.333836673625899,0.354641300803198,1,1,0.602380824645626,0.65681475440726,1,1,0.279832540703095,0.50328581871063,1,1
"58",0.168854503141623,0.367242629930007,15,1,1,1.30645608972336,0.953528711417657,0,1,1.11463414371029,0.86693639260082,1,1,0.588410282462223,0.495646173509689,1,0,-0.155940128987722,0.481676728813761,1,1
"59",0.151481627170892,0.332322598300552,17,1,1,-0.233748218261972,0.495627601425251,1,1,-0.500136415597217,0.425934170584258,1,1,-0.892992516384502,0.460869957889542,1,1,-0.239391953282098,0.491729580512861,1,1
"60",0.265116035983728,0.348010269053796,11,1,1,1.34932156327541,1.00129737029889,0,1,1.07152576297068,1.00081964930157,1,1,1.29770283084388,0.876067665551538,1,1,0.295887198938292,0.872009405651268,1,1
"61",-0.00591335720622318,0.369743135632092,17,1,1,0.496249542098711,0.335117714591973,1,1,0.282954241887214,0.44909708320389,1,1,0.416214196977287,0.485199483099392,1,1,-0.194769844869241,0.492803647983708,1,1
"62",-0.396757862929052,0.380112047202964,17,1,1,-0.0707228161310576,0.245993680474229,1,1,-0.264781698721385,0.290488078850158,1,1,-0.541051158773244,0.498609514989576,1,1,-0.214523997524968,0.484619084292472,1,1
"63",-0.341153207343176,0.421141635862865,15,1,1,-0.671545561665599,1.06106634535777,1,1,-0.397385408086129,0.835396944240602,1,1,-0.254166110107032,0.632688072546234,1,1,-0.30712714851739,0.68664105661029,1,1
"64",-0.498331686502511,0.352095588596894,7,1,1,-1.13762512252674,1.39658939738149,1,1,-0.842045805368025,0.767759890576474,1,1,-0.798055060358708,0.53033076446889,1,1,-0.274980347127418,0.481059736482039,1,1
"65",0.411048749039121,0.396999473954602,19,1,1,-0.0832297123077332,0.412170351091262,1,1,-0.282711638133009,0.420223354868726,1,1,-0.343087575109604,0.460881025001249,1,1,0.163282755843899,0.475754795872038,1,1
"66",-0.0955367826600422,0.413292420832824,13,1,1,-1.9751315185157,3.29038204183276,1,1,-1.55004842026542,1.66610455779889,1,1,-0.734805887353477,0.492224789677366,1,0,-0.122690236188156,0.409906948029546,1,1
"67",0.407367980456811,0.389008236597052,19,1,1,0.749131405865104,0.314409008088517,0,0,0.427497255752413,0.376670589451681,1,1,0.913979276965059,0.679484624807189,1,1,0.0398062602423542,0.738648718830471,1,1
"68",-0.0793533287898018,0.372046342762313,11,1,1,-0.436224224138263,0.619594193220072,1,1,-0.325426959602616,0.397936781456864,1,1,-0.120114975189934,0.433902116387786,1,1,0.021530574771227,0.408403041326762,1,1
"69",-0.028221810507621,0.364009130273129,11,1,1,-0.1422751974604,0.370741401277816,1,1,0.042959509021795,0.401074087377501,1,1,-0.00388029361317621,0.439455223304903,1,1,0.0937539019131574,0.525123431753781,1,1
"70",-0.544311769496513,0.280968626616821,19,0,1,-0.0323375700382521,0.284077534352352,1,1,-0.296079003063538,0.307915647320394,1,1,-0.110936229532533,0.290031295695512,1,1,-0.268816134295976,0.324519828785087,1,1
"71",0.235774100219047,0.279494409037343,19,1,1,0.440140721785671,0.197633048861734,0,0,0.365123299993036,0.23967504862239,1,1,0.06523170374161,0.46473570771541,1,1,0.505320803072157,0.367835402336159,1,1
"72",-0.223000960827948,0.331551268166418,17,1,1,-0.220089620751061,0.366858127341369,1,1,-0.23443021314199,0.345225142234724,1,1,0.189763609733155,0.513985035271525,1,1,-0.275142974192228,0.435327488315261,1,1
"73",-0.498153180272355,0.389720131968835,13,1,1,-0.821959648770023,0.688293000391982,1,1,-0.598378892593568,0.703042456896091,1,1,-1.46365222803044,1.12820948568493,1,1,-0.429894140421099,0.912030353930098,1,1
"74",-0.547774271788014,0.405614988519667,9,1,1,-0.123195727422459,0.24725823802583,1,1,-0.296505921695505,0.344490825551985,1,1,0.0949843699037927,0.561262165014174,1,1,-0.117952715169567,0.571330795568023,1,1
"75",-0.461157695007511,0.411772392524247,13,1,1,-0.375302078188258,0.650854141095134,1,1,-0.422264365642671,0.620470016963589,1,1,-1.23651152155414,0.949048098216431,1,1,-0.120178575519376,1.00457585105092,1,1
"76",-0.652071006355059,0.471932363560044,11,1,1,0.0162473699714157,0.206708275240919,1,1,-0.333327617982335,0.298769631156778,1,1,-0.105592061428946,0.491328979339453,1,1,-0.176160817022018,0.456097414759843,1,1
"77",0.0807884576250521,0.439946412590681,5,1,1,0.377315468506923,0.323997029192723,1,1,0.18295210403047,0.354461595615005,1,1,0.0367169989353923,0.373583941029792,1,1,0.183083279273779,0.43622092580547,1,1
"78",0.109662713471522,0.447852098008389,9,1,1,0.318310516757571,0.17445831036174,1,1,0.0473324656739989,0.26248794589014,1,1,0.134626036106829,0.539544247673363,1,1,-0.0928146462650488,0.598751406465003,1,1
"79",-0.0445461331734987,0.375412824684928,17,1,1,-0.476994133033402,0.562550863220193,1,1,-0.548737562677373,0.480065047170699,1,1,-0.387076060805266,0.448147610754744,1,1,0.0689752748424639,0.383740835734924,1,1
"80",-0.00908449172513301,0.361163541212233,19,1,1,0.457959639720294,0.416237871051908,1,1,0.121029725868705,0.415303006953231,1,1,0.777071596966108,0.915067161095946,1,1,-0.117773040334023,0.831736788036515,1,1
"81",0.395862978444842,0.324240369252001,9,1,1,0.647756432513573,0.244396354868192,0,0,0.466732330619886,0.284806414464044,0,1,0.903688850304531,0.527635166996957,1,1,0.46339147299148,0.554415168761586,1,1
"82",-1.04623394922167,0.451680690245694,3,1,0,-0.454413974257352,0.393454334780597,1,1,-0.604645739977738,0.401274825608347,1,1,-0.488111352538065,0.457763071467755,1,1,-0.256072234624819,0.467442129568079,1,1
"83",-0.54544594951237,0.316599660514214,15,1,1,-0.254061667053744,0.23574294418725,1,1,-0.367416075041191,0.31066474637747,1,1,-0.506655502789481,0.452363023173291,1,1,-0.0495875470854686,0.485400933989861,1,1
"84",0.0642749684594018,0.454447154992404,13,1,1,0.330670158995416,0.236281863516016,1,1,0.109984105704619,0.300839445888137,1,1,-0.461952259941446,1.14039602883953,1,1,0.00910074135825522,1.2309046467951,1,1
"85",0.130703600441385,0.283044179096402,7,1,1,0.39702069022047,0.189427778602114,0,0,0.220390685195546,0.228589023957602,1,1,0.476590533261468,0.424492212610208,1,1,0.200551840578294,0.475399607275301,1,1
"86",0.756933640839694,0.473069398582396,11,1,1,3.40832637349426,2.80106567977318,0,1,3.52591860696813,3.04187702232792,0,1,2.62008956114229,0.58923798318288,0,0,0.56042175452816,0.579979962816904,0,1
"87",-0.179939063100899,0.488726218925984,11,1,1,-0.205608468331493,0.296167017254421,1,1,-0.531971376438893,0.397823600301011,1,1,-0.698644646245315,0.495721277278116,1,1,-0.353810007450199,0.4807538501699,1,1
"88",0.22872185622252,0.535322786527621,17,1,1,-0.802300201068004,1.43674629868816,1,1,-0.760199088337195,0.96669380323898,1,1,-0.48055241988849,0.989421528671387,1,1,-0.463768593975441,1.02355581277258,1,1
"89",0.0801904375336347,0.253713954872001,19,1,1,-0.345026455231971,0.512989662023215,1,1,-0.220568130268363,0.443152384070349,1,1,0.0867858656120356,0.555020159937681,1,1,0.160189671118553,0.511346213600455,1,1
"90",-0.387488384119807,0.404681483116973,5,1,1,-0.693277339354594,1.06313700708792,1,1,-0.137245468064658,0.42161772264179,1,1,0.0591637703846747,0.411625666760018,1,1,-0.134943899912109,0.364001170705518,1,1
"91",-0.0472471649950651,0.344999980873915,19,1,1,0.12418493948878,0.319730022664586,1,1,-0.0439716765887885,0.326242083196004,1,1,-0.600918344214978,0.664250272281254,1,1,-0.199209845827167,0.628861783338417,1,1
"92",0.137240878595733,0.436476504511098,19,1,1,-0.376847649314472,0.649412687022147,1,1,-0.430168622875546,0.676336869488168,1,1,0.00314769499820722,0.421163092746715,1,1,0.475433516362571,0.432509968254556,1,1
"93",0.316136661972974,0.375006712559824,13,1,1,-2.69652034429453,3.18382204654673,1,1,-2.69561201504779,2.64260930427632,1,1,-0.276248264511946,0.620269377364147,1,0,0.0719902977121298,0.748283285441993,1,1
"94",0.0161325582014578,0.396535835828026,19,1,1,-0.220172274018054,0.709412613057153,1,1,-0.211122687536861,0.877063066975973,1,1,-0.0867060858762688,0.597898126086291,1,1,-0.158431080007847,0.598072184353878,1,1
"95",0.263948058594148,0.438267786409158,13,1,1,0.522927083364314,0.27990831315928,1,1,0.187922711811757,0.304006366493484,1,1,-0.198958114606286,0.701718787369978,1,1,0.296256754166138,0.619680435320564,1,1
"96",-0.328394117736084,0.418872239314123,13,1,1,0.0924359835450468,0.335234592042056,1,1,-0.0459705258970825,0.371760049558662,1,1,1.23317234004064,0.869713505981334,1,1,0.0824081149971067,0.921335083230976,1,1
"97",-0.25791612997456,0.316712466592525,15,1,1,-0.33762319717854,0.358952069614576,1,1,-0.48645206073206,0.301498904338554,1,1,-0.698233973719074,0.398013689335142,1,1,-0.240367458853791,0.440887452974257,1,1
"98",0.259297756816119,0.395702370422131,7,1,1,0.974222275246678,0.8305587751906,1,1,0.903683271057707,1.11885206479122,1,1,1.03405521963006,0.502182822424478,1,1,0.0684388388859603,0.687532753233535,1,1
"99",0.063070099679518,0.414328427824465,11,1,1,0.0732554781454541,0.49718807079184,1,1,-0.29086762119998,0.507015025464984,1,1,-0.549543472081197,0.912389271878969,1,1,-0.315520364488369,0.757743196127812,1,1
"100",0.26667809087423,0.317700403201324,11,1,1,0.0973058838295076,0.655501671391752,1,1,0.171298375120598,0.470373488993019,1,1,0.504550508138504,0.405854097418638,1,1,0.114705615393321,0.44156976676781,1,1
