"","V1","V2","V3","V4","V5","V6","V7","V8","V9","V10","V11","V12","V13","V14","V15","V16","V17","V18","V19","V20","V21"
"1",0.267825185704318,0.291142128606485,13,1,1,0.815637367899821,0.232792767241356,0,0,0.185554287651304,0.268016469553167,1,1,1.7528633950412,0.461971542456958,0,1,0.179269448320297,0.441993271659233,1,1
"2",-0.260768234094281,0.229932683527592,19,1,1,0.528414902932611,0.205228082905146,0,0,-0.220356959717687,0.262069263002638,1,1,0.653843425754599,0.244113376739357,0,1,-0.214239374874023,0.26129461282763,1,1
"3",-0.428355909693565,0.304262338130679,3,1,1,0.391654141229967,0.244187451415146,1,1,-0.464151082984327,0.293504866162626,1,1,0.565767027699817,0.261414208190059,1,1,-0.370227255576791,0.305768893441017,1,1
"4",0.108662577809294,0.26802866402927,13,1,1,0.65471973513425,0.196208878436584,0,0,0.0975337003032077,0.266393258481823,1,1,0.699295173873806,0.281384883337693,0,1,-0.00993793661676402,0.30988743970979,1,1
"5",0.177404183361283,0.289606017931402,17,1,1,0.905206043086431,0.193324177511585,0,0,0.0986332844559112,0.284617645502603,1,1,0.915784600098198,0.267718932732405,0,1,-0.0182940355311267,0.325070561871429,1,1
"6",-0.148126046604371,0.278329000742633,9,1,1,0.749659740972754,0.218238026283042,0,0,-0.0209703221514508,0.263876190719078,1,1,0.540740235684018,0.258234935886883,0,1,-0.149932640302935,0.290145599041542,1,1
"7",-0.123837032901447,0.309575000822887,19,1,1,0.567078297288438,0.201065134135689,0,0,-0.158199527340027,0.309660460321848,1,1,0.340792433122588,0.309118159417667,1,1,-0.0972410782201717,0.38899744303033,1,1
"8",0.0558225785728979,0.310081237001854,17,1,1,0.473084925235435,0.200448972377609,0,0,-0.0286260424748846,0.255324927616684,1,1,0.437573422727816,0.3257749780066,1,1,-0.195175673504624,0.382632431002374,1,1
"9",-0.212924150069234,0.323237470813447,7,1,1,0.524260440780151,0.270237763442563,1,1,-0.0789369041249714,0.344337247275539,1,1,0.266511832754961,0.27656904254494,1,1,-0.312074934897996,0.27653792417463,1,1
"10",-0.125929978600954,0.273845071686252,9,1,1,0.399636644719746,0.26903676163453,1,1,-0.255640246203542,0.369192094146505,1,1,0.706080580186179,0.274331190701197,1,1,-0.250014138650005,0.306731695117533,1,1
"11",-0.0466655915824283,0.313256071601878,11,1,1,0.580401633154679,0.214272171800101,0,0,-0.00373135707112459,0.293306694544544,1,1,0.709376201993676,0.328516964632388,0,1,0.0197311521188508,0.384608607424868,1,1
"12",0.410122646712174,0.282341040337607,19,1,1,0.963855865133244,0.246916721632572,0,0,0.323105066316007,0.312234502757694,1,1,1.23585736835212,0.307829252831025,0,1,0.243774943631599,0.383105540745067,1,1
"13",0.456776562734108,0.343893056862502,13,1,1,0.792429384101648,0.195445023826011,0,0,0.40463103696383,0.280942561903748,1,1,0.68417205685388,0.24745014654286,0,1,0.430854431209011,0.321333443444097,1,1
"14",0.0653230655823062,0.316557756822131,5,1,1,0.663555656689448,0.294977926901317,1,0,-0.155979796257183,0.328137827654521,1,1,0.759349417310933,0.301639434072195,0,1,0.02071525352927,0.339579901460881,1,1
"15",0.295931905190601,0.28089468335186,5,1,1,0.783499821549677,0.235978446561705,0,0,0.278845420646642,0.299530360932937,1,1,0.699765198264792,0.313942148002266,0,1,0.226273005888895,0.348798955898626,1,1
"16",0.700606186440262,0.282941183887299,3,0,0,0.851101955987809,0.231501994071157,0,0,0.416380613711306,0.281961661902137,1,1,1.23547116552639,0.277421363579928,0,1,0.373870405602005,0.302287139195384,0,1
"17",0.217349178309731,0.264092533156256,13,1,1,0.769456677899895,0.195540245226905,0,0,0.127569309510481,0.290502178842046,1,1,0.722322457119525,0.247831020799832,0,1,0.124008102800641,0.325289207878981,1,1
"18",-0.143271232950387,0.320562754192892,11,1,1,0.638627412153741,0.227325612430953,0,0,-0.197986377860458,0.303877143064516,1,1,0.800131258499001,0.347414593397268,0,1,-0.193196448233487,0.34770929951256,1,1
"19",-0.668933423143935,0.308380801534953,11,0,0,0.577502422633195,0.214644956675215,0,0,-0.643072048245204,0.266330053278832,0,0,0.582357108696713,0.241027888376678,0,0,-0.538028363015381,0.333063369724683,0,1
"20",0.0254497201266649,0.3507536368111,13,1,1,0.602112869172971,0.22264300438553,0,0,0.129497967763604,0.278350942618793,1,1,0.325061794170372,0.349285208283506,1,1,0.0108880821485838,0.329594604549582,1,1
"21",0.277939106829213,0.393977005443054,5,1,1,0.919374994513622,0.360384641601079,0,0,-0.0159168646643262,0.418229639216894,1,1,1.12013134004252,0.328502623062507,0,1,0.264686317742517,0.397268589336846,1,1
"22",0.380793742808964,0.321135110225511,3,1,1,0.827865249885908,0.224905704482712,0,0,0.410225163974109,0.278022270603463,1,1,0.881748815890816,0.276935585431755,0,1,0.449985336609848,0.346094995713719,1,1
"23",0.427859245711967,0.317805945813923,7,1,1,0.913980212458553,0.242567646609196,0,0,0.385292439893571,0.288543780743646,1,1,0.777010770663764,0.301821331289269,0,1,0.464353219606152,0.355793392187352,1,1
"24",0.0026002464167244,0.280928922792394,15,1,1,0.796779592938864,0.218693518667534,0,0,0.0160597351684731,0.297947765952967,1,1,0.662066725656288,0.286108789798622,0,1,0.0584726849106515,0.391030431594511,1,1
"25",-0.336713506278014,0.294538516986538,17,1,1,0.729122608451895,0.2624545836069,0,0,-0.204775880791143,0.317089884122376,1,1,0.924887671648601,0.304772682053993,0,1,-0.242398264480553,0.312712484220892,1,1
"26",-0.308528942766346,0.315046971946483,7,1,1,0.634469459273201,0.215758862382749,0,0,-0.192320905723398,0.331126831418529,1,1,0.698623772370944,0.275256205024108,1,1,-0.229404360117978,0.336707361623891,1,1
"27",0.343960539822594,0.332035932329078,11,1,1,1.1282894237186,0.201081876340865,0,0,0.271175540613231,0.28513766867238,1,1,1.02074133298928,0.294531742437372,0,1,0.328962099339075,0.318755205953304,1,1
"28",0.197675495116346,0.312832911180571,17,1,1,0.642951370175581,0.255975317780863,0,0,0.0921354615723544,0.323709540915809,1,1,0.793972990450547,0.279945310890036,0,1,0.0571850566710859,0.357781060949554,1,1
"29",-0.385264549891189,0.323024575914509,13,1,1,0.410392539173105,0.19258516926129,0,0,-0.469040913508506,0.277802447817292,1,1,0.123166833277199,0.285900730272878,1,1,-0.510878002914543,0.3179482767023,1,1
"30",-0.0733087816621831,0.262664756195961,9,1,1,0.700935964050705,0.211364161994414,0,0,0.00338809407967898,0.302634814772952,1,1,0.641073286211755,0.229211153785124,0,1,-0.168464780043449,0.3086473681232,1,1
"31",-0.0586252725893294,0.367785360695007,7,1,1,0.602942597639629,0.195172814574926,0,0,-0.0416690934918472,0.2978819514218,1,1,0.433875765284001,0.268525096057882,0,1,-0.0508839637770593,0.358698118821519,1,1
"32",0.203470694734251,0.332938824981328,17,1,1,1.05646887129213,0.201648768388853,0,0,0.137566413418736,0.268208244718526,1,1,1.25977524697265,0.267219293380298,0,1,0.0465953500808843,0.355215861376815,1,1
"33",0.72018119278876,0.2980992970663,7,0,0,1.25086200604292,0.221971717950414,0,0,0.725741473423976,0.305159161512786,0,0,1.01345386202443,0.288307939790749,0,0,0.644686942819743,0.293060538464705,0,0
"34",0.680263950525783,0.264184896606688,19,0,0,1.0645678448618,0.207957539065581,0,0,0.745915769728256,0.261743248814182,0,0,1.41408983830654,0.341346985942757,0,0,0.704325802078131,0.318161124041845,0,0
"35",0.324965533824798,0.34022072861335,13,1,1,0.566731535124895,0.197898884393663,0,0,0.367610954867435,0.29824358620082,1,1,0.88608763932267,0.444963525755349,1,1,0.408013626586619,0.423336742540979,1,1
"36",-0.216717816302646,0.330803331042458,5,1,1,0.654123751241369,0.254606857085266,0,0,-0.149479089472331,0.327533970948543,1,1,0.714564509603584,0.317390284465812,0,1,-0.177476131648556,0.351471753306231,1,1
"37",-0.0853881935483622,0.3197897398807,9,1,1,0.848564625388369,0.242306139534145,0,0,-0.0142997755728522,0.2940293062297,1,1,1.27286454311277,0.475393737131921,1,1,-0.00799730302094848,0.500004919913821,1,1
"38",-0.0107043688992427,0.249551716812517,11,1,1,0.613216144475288,0.189369190209396,0,0,-0.010273909383634,0.265754063885487,1,1,0.381208498048867,0.245193748290881,0,1,-0.00941014652983976,0.255053733306297,1,1
"39",0.0497474148068411,0.362561368966271,13,1,1,0.98361728649888,0.396084283095122,0,0,0.608462448717071,0.455825702708526,1,1,0.32242896796922,0.313094636968707,0,1,0.230668280627765,0.356193982232297,1,1
"40",0.273620654658237,0.357878629394664,11,1,1,0.971695294198404,0.257410013696499,0,0,0.346306628760917,0.316898980344397,1,1,1.08978663944737,0.281218615685902,0,1,0.105962518203742,0.349384888742224,1,1
"41",-0.105587774619482,0.28708396844902,17,1,1,0.836247297075177,0.289769684725828,0,0,0.102368025044031,0.331631904774418,1,1,0.859017205519196,0.294806431522635,0,1,-0.163046674963636,0.322820113240389,1,1
"42",0.526171550037006,0.299409167038097,7,0,1,1.02658127938414,0.212765579851302,0,0,0.598505832172014,0.262467637422309,0,0,1.07037388566647,0.200390930738059,0,0,0.731658203284255,0.300339356115664,1,0
"43",0.0391954788395713,0.372945272989677,1,1,1,0.772867092746271,0.254797347919453,0,0,0.0357820981540654,0.294332262422016,1,1,0.792860370547272,0.303065818176615,0,1,0.0391954788395713,0.30486484340835,1,1
"44",-0.53470372657485,0.362682179246437,3,1,1,0.47689053506069,0.199978737282011,0,0,-0.274738808723865,0.2651359344215,1,1,0.261497753820011,0.330850857222255,1,1,-0.237002302591245,0.337196835241402,1,1
"45",0.172128443151702,0.300139214226218,3,1,1,0.731361519552937,0.179380974790713,0,0,0.0345833357102932,0.278697530689668,1,1,0.774022895476157,0.225914227135332,0,1,-0.00690228679816398,0.287100232862994,1,1
"46",-0.396368095976362,0.293283805547577,15,1,1,0.471117882046908,0.221539105258972,0,0,-0.346271615139147,0.293254081799808,1,1,0.594891193255555,0.316877709455128,1,1,-0.374983894233466,0.335826397227785,1,1
"47",0.515455615038919,0.358667313664746,19,1,1,0.789340870167749,0.234568074762378,0,0,0.444675791058504,0.325735515274929,1,1,0.810142653277287,0.30878033607749,0,1,0.4959226529264,0.367529395463335,1,1
"48",-0.193845503077452,0.314161099758998,13,1,1,0.762581216163203,0.244790243206606,0,0,-0.147359687756766,0.307314735112733,1,1,0.464429541925257,0.347843013669967,0,1,-0.290623212314729,0.3949702374468,1,1
"49",-0.372605821830079,0.322998036675614,11,1,1,0.378075651199252,0.250964325819346,1,1,-0.425495124682405,0.325729117164137,1,1,0.639840679499891,0.256927628131241,1,1,-0.3702851394786,0.319208904455146,1,1
"50",-0.419656753324418,0.349051567071289,15,1,1,0.481351140692867,0.228866269596259,1,0,-0.340337946538948,0.302737543382981,1,1,0.519431454425009,0.344804465399643,1,1,-0.405919206959669,0.343465270138621,1,1
"51",-0.293677107438591,0.321370810113183,3,1,1,0.565876022262167,0.248439988324523,0,0,-0.254635090685382,0.263075419554937,1,1,0.539072261930955,0.259158078980142,0,1,-0.252984113638516,0.343135601619571,1,1
"52",0.202172846121289,0.323080917937768,15,1,1,0.916511251477262,0.197199252074252,0,0,0.311272343135886,0.262703243535609,1,1,0.975564761206818,0.250329893912527,0,1,0.345146806970372,0.32782029032093,1,1
"53",-0.102454980092485,0.333485048571535,9,1,1,0.541911154225437,0.196105948454032,0,0,-0.09506121457433,0.29938384715247,1,1,0.528841919796653,0.274775918027138,0,1,-0.0438348537294908,0.331342549586486,1,1
"54",-0.314109330781502,0.297595960710586,17,1,1,0.861028488644248,0.288821892785441,0,0,-0.0970162123835555,0.319722545488733,1,1,0.751688614062145,0.308173559210737,0,1,-0.167868759359425,0.319821606679153,1,1
"55",-0.217801549959303,0.320578115800266,1,1,1,0.654509025898235,0.217932219091,0,0,-0.0155577876783249,0.284299403150418,1,1,0.420677414460178,0.279330245429608,0,1,-0.217801549959303,0.266104066514823,1,1
"56",-0.621589725215711,0.301234746622539,13,0,0,0.309266918921633,0.230539337100832,1,1,-0.609261195325662,0.259661921123972,0,0,0.418724200026155,0.273223493448265,1,0,-0.653256334718394,0.317950906251501,1,0
"57",-0.17755948999985,0.378079395443493,7,1,1,0.730690058449885,0.285847793284717,0,0,0.0940724994465138,0.324029036807121,1,1,0.927875656275654,0.377278723299788,0,1,0.302716241267215,0.372400426685575,1,1
"58",0.274719824371607,0.285804267967642,17,1,1,0.783507877689525,0.200291887218394,0,0,0.254150960376539,0.289420710494711,1,1,0.843149021356927,0.295033735881041,0,1,0.178607667681275,0.337404178163126,1,1
"59",0.259666251222729,0.291257054596604,15,1,1,0.909337128467686,0.216565080441504,0,0,0.311634747938592,0.264717736329728,1,1,0.949649892439235,0.281717477075028,0,1,0.287186350529674,0.286752428641423,1,1
"60",-0.71476515810652,0.305566332094217,19,0,0,0.101589428907679,0.217387746324962,1,1,-0.714256885124867,0.323226613212806,0,0,0.144276794389237,0.24091937536292,1,0,-0.520108307014256,0.31168747860281,0,1
"61",0.111063256334681,0.334368559781496,15,1,1,0.857769449167971,0.258374268897046,0,0,0.195743675187504,0.311018686358948,1,1,0.604759535041194,0.272997970407295,0,1,-0.140348487157569,0.351031988489033,1,1
"62",-0.0253029658613446,0.333875514392309,9,1,1,0.731314204939868,0.254068210494889,0,0,0.00517247156960694,0.289353121756826,1,1,0.603411325773007,0.3167154880344,0,1,0.138735029135934,0.379583621429694,1,1
"63",-0.160136820010906,0.342552010710151,17,1,1,0.955460720092191,0.291879858606978,0,0,-0.127818793496074,0.317715267773612,1,1,0.842727675197896,0.37176903995551,0,1,-0.272811656887659,0.464229882646409,1,1
"64",-0.198511389994955,0.225623169127821,9,1,1,0.690637291277165,0.18117095264493,0,0,-0.275855244884406,0.240452141539967,1,1,0.702559747376826,0.250328421182353,0,1,-0.31840153425776,0.269639924839661,1,1
"65",-0.0897076447524516,0.395461493161116,7,1,1,0.537158279585468,0.211512572930954,0,0,-0.130365476489691,0.281856918941758,1,1,0.389826227099373,0.401653990302962,1,1,-0.105639462696445,0.429186037694312,1,1
"66",-0.230891193716844,0.267421640639397,11,1,1,0.464779701703562,0.177569052082362,0,0,-0.27486874517772,0.214872633964016,1,1,0.304360480038477,0.29553810537898,1,1,-0.239393754991549,0.28360826157064,1,1
"67",-0.115846346927655,0.274170272976812,9,1,1,0.840542145883258,0.227849350157552,0,0,-0.0206723644369069,0.289695270770679,1,1,0.961236238059502,0.264694755005252,0,1,-0.0957083409273767,0.29681894327677,1,1
"68",-0.292096162655,0.330417905442809,5,1,1,0.627200468585482,0.217482717000572,0,0,-0.12307874139122,0.276899884793694,1,1,0.623720323128525,0.279713871261306,0,1,-0.0162272512515571,0.296899324827698,1,1
"69",0.248086293900613,0.308765028670475,3,1,1,0.791919225647395,0.221411932271288,0,0,0.288114955878606,0.312371146589857,1,1,0.940508260623,0.303476920689869,0,1,0.305245154111543,0.399815297118515,1,1
"70",0.143600882101725,0.300883885402653,15,1,1,0.905193690117059,0.210865284284852,0,0,0.158684344246478,0.315618194113925,1,1,1.06333234718933,0.243934866103069,0,1,0.118934121778788,0.342248676883069,1,1
"71",0.19419699257786,0.332270234710497,3,1,1,0.734318902374061,0.274599920710116,0,0,0.136251050584471,0.289068485491586,1,1,0.640093769478511,0.298935116405109,0,1,0.157952310954758,0.337925183546107,1,1
"72",0.138523913166379,0.246121554098168,13,1,1,0.839880342090611,0.200292822327565,0,0,0.207516425881233,0.271634322694762,1,1,0.480162140789802,0.250032899889373,0,1,0.0212356713578821,0.283584673740415,1,1
"73",0.202321998127348,0.30853512504898,13,1,1,0.7690000874764,0.21846796447185,0,0,0.0843056732740866,0.284316834780253,1,1,0.710138158815491,0.352802802703654,0,1,0.0335654027690846,0.335204662341106,1,1
"74",-0.11940536921395,0.265765807701149,19,1,1,0.708444593989523,0.200001971195463,0,0,-0.0690958321146133,0.234034468214183,1,1,0.592946962873532,0.230703073634218,0,1,-0.0754666175393364,0.294157425051948,1,1
"75",-0.46373388533699,0.37944918571822,1,1,1,0.531804330390342,0.286788229687802,1,1,-0.11743563039693,0.355168362129542,1,1,0.250385253915929,0.317121493911511,1,1,-0.46373388533699,0.340976140153979,1,1
"76",0.082231893170978,0.308416433470325,9,1,1,0.929752169637224,0.322802831078158,0,0,0.243528586354456,0.320565655123828,1,1,0.806722787076057,0.275840036028783,0,1,0.0792374525543434,0.328200344615492,1,1
"77",-0.063299622709924,0.289520113028588,11,1,1,0.568967995132584,0.217413154342951,0,0,-0.118117184243077,0.291686160368361,1,1,0.711863638598315,0.277853062419431,0,1,-0.116230770479145,0.315022910458539,1,1
"78",-0.246464343437512,0.336699559561285,9,1,1,0.593145574628551,0.231781080069104,0,0,-0.240357134131591,0.266896172786917,1,1,0.597068990143861,0.283630379640816,0,1,-0.240739068416065,0.367865522559966,1,1
"79",0.0634050756389336,0.330089154457683,13,1,1,0.662780405347259,0.210021156364009,0,0,0.024835092572261,0.263379499936723,1,1,0.526318500895065,0.31542256655366,0,1,-0.0657110412292619,0.341089876301646,1,1
"80",-0.525811930995361,0.304111718270279,9,1,1,0.27234513083159,0.228988619360773,1,1,-0.602180984851594,0.315952603207463,0,1,0.188124964170484,0.298787966750922,1,0,-0.457221614344036,0.322859168419032,0,1
"81",-0.0799314665953366,0.306657892583239,13,1,1,0.606504209366872,0.223091464302361,0,0,-0.270725622118703,0.296044834585051,1,1,0.522549626769671,0.272640408532434,0,1,-0.258423500606671,0.292077043147348,1,1
"82",-1.0053261026897,0.392683691320118,1,1,0,0.219306241106651,0.229789910188312,1,1,-0.502463938107579,0.31196232412953,1,1,-0.319738108039278,0.371151373126169,1,1,-1.0053261026897,0.407723433219451,1,0
"83",0.0903643200960488,0.283446453786179,17,1,1,0.247640228163367,0.281925034895966,1,1,-0.125731826358226,0.424111854842845,1,1,0.333136666735302,0.263532554870121,1,1,0.09027988109912,0.31318926017479,1,1
"84",0.032061411897024,0.273036075805591,13,1,1,0.668931690003153,0.252586590350431,0,0,-0.0103593149317333,0.286266203156723,1,1,0.529275312127254,0.314194440049046,1,1,0.0923170105636172,0.324248427147007,1,1
"85",-0.149405753829154,0.277658491589628,9,1,1,0.494409698534884,0.219026207085219,0,0,-0.0749912851894592,0.28253571358159,1,1,0.521268551402968,0.320167957719321,1,1,-0.165867372767393,0.338065136777723,1,1
"86",0.206291179345477,0.343352944755886,5,1,1,1.46533069772017,0.526868666084566,0,0,0.776882731858058,0.576928198924323,1,1,1.06396369495761,0.27461621349044,0,0,0.244016446241011,0.31385453406179,1,1
"87",0.0991909535042977,0.295865872393594,19,1,1,0.71670205202879,0.252357538928413,0,0,0.151938748048259,0.314968352696257,1,1,0.867449132585818,0.285581258669007,0,1,0.220318255499491,0.313864451062814,1,1
"88",-0.622496457423441,0.303761463901892,13,0,0,0.0853363721999723,0.223230584113173,1,1,-0.603203784951611,0.317318721446224,1,1,0.135710679944824,0.327962954106213,1,1,-0.415982252728828,0.379365195852381,1,1
"89",-0.0865590308665459,0.280985212312579,7,1,1,0.483481210283372,0.184009251765803,0,0,-0.123973720872701,0.273938768159675,1,1,0.588085768611806,0.205259042027201,0,1,-0.111881795961373,0.314159236287074,1,1
"90",0.363286567178641,0.30213157830404,7,1,1,1.10983797979758,0.283670485928229,0,0,0.4382875098687,0.307270530798104,1,1,1.08731799495976,0.24657290119031,0,1,0.269174897545135,0.335841774705045,1,1
"91",-0.224174897116652,0.309204333602722,13,1,1,0.532023332587003,0.210209278726192,0,0,-0.222595149909556,0.324408208978208,1,1,0.590916268809844,0.266841723396209,1,1,-0.294676650432388,0.326260728154695,1,1
"92",-0.246353156648905,0.341482763218995,19,1,1,0.655425921266515,0.244422325808403,0,0,-0.20666622414531,0.26504920836453,1,1,0.83251403742543,0.374589808895243,1,1,-0.257685344963042,0.387432212565859,1,1
"93",-0.156035767007269,0.312182992165378,13,1,1,0.652724851309125,0.198928263623428,0,0,0.0213517200509482,0.29641062574676,1,1,0.764901147217461,0.307663326414038,1,1,-0.00207607195940056,0.322828702738947,1,1
"94",-0.103814804983624,0.300226834228051,17,1,1,0.914652275392159,0.261364590083037,0,0,0.0449611534563667,0.338990420402785,1,1,0.751439916445358,0.29915427629001,0,1,-0.15394888581253,0.323476087920402,1,1
"95",0.382378238457009,0.273720207103178,19,1,1,0.824268826347338,0.232868838614888,0,0,0.377726884103598,0.27337757840258,0,1,0.534427488013255,0.271898886361937,0,1,0.274207951783812,0.332720066769134,1,1
"96",0.0910682396565349,0.293500648359149,13,1,1,0.791878540908413,0.228235747742813,0,0,0.0957713175190919,0.312089179101117,1,1,0.642123791430257,0.374525635969213,0,1,-0.0888222992952828,0.372916468220515,1,1
"97",0.168965892422877,0.311502470381152,7,1,1,0.761066469762304,0.248200867297406,0,0,0.227016972724044,0.300834870438241,1,1,0.665164950723197,0.302482306480379,0,1,0.0806552866619758,0.354585788691202,1,1
"98",-0.348271905457698,0.275180045540734,15,1,1,0.490179808854008,0.256074781946003,1,1,-0.350536352653626,0.330993235043043,1,1,0.40106463411234,0.242012051045324,0,1,-0.300179351399809,0.311357332554391,1,1
"99",0.188513616619869,0.316102711638105,19,1,1,0.794867627938202,0.20821504715157,0,0,0.270166156050893,0.32238859122623,1,1,0.786118758097938,0.380128625679034,0,1,0.386322437146245,0.366547793954211,1,1
"100",0.357963615971404,0.225881246761635,11,0,1,0.835678922826719,0.200953429500377,0,0,0.372216502090546,0.264534770932166,1,1,0.691087054758365,0.238728779420598,0,1,0.199627685857144,0.28047013538945,1,1
