"","V1","V2","V3","V4","V5","V6","V7","V8","V9","V10","V11","V12","V13","V14","V15","V16","V17","V18","V19","V20","V21"
"1",0.112284241509472,0.20525198695395,11,1,1,0.0264655245571268,0.197237097590115,1,1,0.047902339616362,0.187567180481802,1,1,-0.0912206139719069,0.232610537111202,1,1,0.0266573929708658,0.221487942354211,1,1
"2",0.250744680039858,0.216878872548878,9,1,1,0.169587324826266,0.203136223137728,1,1,0.184722178296052,0.187458847165785,1,1,0.0880585472964868,0.277446073107015,1,1,0.153130380097486,0.254358413205652,1,1
"3",0.423868578256156,0.204754145996349,13,0,0,0.439153199250607,0.202395506887165,0,0,0.433124008084678,0.199404071556786,0,0,0.239907559956914,0.268486975563897,1,1,0.381509973014112,0.228425526562404,0,1
"4",0.138829331339616,0.207129004737582,11,1,1,0.138784155068483,0.20835069580034,1,1,0.138055805275936,0.206548503693174,1,1,0.224924394904585,0.233081834022212,1,1,0.112049554127505,0.234015376640654,1,1
"5",0.660113725575376,0.211996232093552,17,0,0,0.740868874653148,0.192532185229691,0,0,0.73295834420871,0.187420375115604,0,0,0.852126847099663,0.234466195593292,0,0,0.718144699539067,0.234225462064184,0,0
"6",0.0525226670288283,0.218091542259495,1,1,1,-0.0448325352025735,0.229782802040439,1,1,-0.0296056583710901,0.23725779074493,1,1,0.0516946183660995,0.278176490323534,1,1,0.0525226670288283,0.259776353173943,1,1
"7",0.00415502898931003,0.197152860059746,17,1,1,0.0608864812913161,0.203957374718603,1,1,0.0867104558228756,0.190354091292404,1,1,0.0368695203875062,0.21695830418575,1,1,0.0921147550260889,0.208721668966321,1,1
"8",0.252243977724093,0.20739775954948,15,1,1,0.210125135741732,0.197967658381691,1,1,0.216118109868056,0.183948057457349,1,1,0.303904928251209,0.214825797261459,1,1,0.200607541908257,0.218201872467911,1,1
"9",-0.0260634869520243,0.219018262463109,11,1,1,-0.0991826505999511,0.185514100136225,1,1,-0.0620554296880784,0.159592569186582,1,1,-0.0419396022107101,0.225648493110232,1,1,-0.0633256622293593,0.208002850928218,1,1
"10",0.28050803912775,0.19872843990641,17,1,1,0.365475293303734,0.195508973325919,1,1,0.355711455307207,0.198477711156101,1,1,0.3826897898818,0.228700586834603,1,1,0.378739981711764,0.245748563576986,1,1
"11",0.324789047250277,0.22765306098136,5,1,1,0.374046701533171,0.184210269315979,1,0,0.379496819826195,0.199172996309616,1,1,0.0865508058438948,0.233646836221618,1,1,0.318404317933418,0.213294627170973,1,1
"12",0.3988454149,0.197119433880231,19,0,0,0.404279040131162,0.177991104497231,0,0,0.423129710762021,0.20229312915872,0,0,0.450097331156194,0.24542870257596,1,1,0.423585342076216,0.25907257837503,1,1
"13",0.438151283880597,0.190153294166254,13,0,0,0.444576694479251,0.212729757081968,0,0,0.440434297448878,0.160737849768041,0,0,0.217275745029864,0.194767458412428,0,0,0.42282410635231,0.241602696726146,0,1
"14",0.548912604187072,0.210244999810126,19,0,0,0.495404525048972,0.200550658042003,0,0,0.490781208979597,0.222244484089726,0,0,0.553457868744542,0.272179286599782,1,1,0.481295977355227,0.234514622618926,0,0
"15",0.348114082413859,0.184395526479622,19,0,1,0.381534497884434,0.202218216488099,1,1,0.37911908921659,0.183834090466196,0,0,0.369502952123213,0.248764833610939,1,1,0.387268949174125,0.238830613333945,1,1
"16",0.240688661731456,0.20704773871244,7,1,1,0.369171499725602,0.185339569771725,1,0,0.36150247215826,0.173610356135553,0,0,0.244456350585278,0.216044711567748,1,1,0.298266244780156,0.220565484441191,1,1
"17",0.119479661418313,0.220239363289564,11,1,1,0.0883821961623816,0.174837596818573,1,1,0.0760935384142723,0.195370362000582,1,1,0.19693090666114,0.219856421417284,1,1,0.0721870465053164,0.242612012124678,1,1
"18",0.0444265008545707,0.221077257225336,19,1,1,-0.0301487099401243,0.204054352153737,1,1,-0.0142492718401258,0.175361757434431,1,1,0.0730246377513832,0.232063895135846,1,1,0.0126079841514393,0.242387962644276,1,1
"19",0.18850460025942,0.206408923498392,19,1,1,0.201099835972063,0.213830437636097,1,1,0.183971307730907,0.20270258822951,1,1,0.214271247254949,0.23589764208676,1,1,0.179293354957099,0.26457965315562,1,1
"20",-0.0580754078783167,0.236137495866874,5,1,1,-0.0760627184034041,0.23194528634788,1,1,-0.0675265119406571,0.230398429009131,1,1,-0.151230370057458,0.25203404285222,1,1,-0.0844402915377648,0.263671470954271,1,1
"21",0.409359393081291,0.200922744734336,13,1,0,0.401746221541204,0.208146434639261,0,1,0.400066010074689,0.193537363677932,0,0,0.393783496195251,0.258370486083984,1,1,0.388720904110215,0.222942107173272,1,1
"22",0.331434798289024,0.204260179175227,9,1,1,0.311509337358173,0.222817488748724,1,1,0.324159269102156,0.237467808240349,1,1,0.501689549298615,0.245279893593026,1,1,0.334673930903775,0.235813793653847,1,1
"23",0.198644075162147,0.17899958260296,15,1,1,0.219445552350718,0.197543868517366,1,1,0.213518648665735,0.189144796891332,1,1,0.278056225706608,0.226560729931043,1,1,0.216102407496149,0.217603256905512,1,1
"24",0.339800891075296,0.192259897394646,11,1,1,0.309515294687293,0.210595966564906,1,1,0.306837793429622,0.219380805483051,1,1,0.436754823826093,0.2296331218375,1,1,0.318910868336488,0.232010503958126,1,1
"25",0.0816845255619427,0.205992207329154,7,1,1,0.0817182247197194,0.180385812032394,1,1,0.0865161940049858,0.173820062097246,1,1,0.129861091337186,0.235767573131604,1,1,0.13742437138663,0.209724187458845,1,1
"26",0.023447305440179,0.199480913735941,15,1,1,0.0357926125733418,0.183688064741727,1,1,0.0179423285670613,0.202712028973812,1,1,0.264630733428925,0.226740507681218,1,1,0.0237853490942739,0.20395312864002,1,1
"27",0.0892855274709941,0.198289312408892,17,1,1,0.0927957331849446,0.185834923302687,1,1,0.0853146667847933,0.21387992735476,1,1,0.0384389999647883,0.251770839792743,1,1,0.0673200269008525,0.228771846105168,1,1
"28",0.495230566678975,0.197459360744123,13,0,0,0.485429127957761,0.17849883237994,0,0,0.493864535204444,0.208831763149869,0,0,0.394688542782249,0.249042235497216,0,0,0.575114400078804,0.214048419228254,0,0
"29",0.560563061862937,0.207878920724006,13,0,0,0.515303204194529,0.176956088186654,0,0,0.515629169689954,0.175976482575702,0,0,0.429287260387445,0.238519434504176,0,0,0.500588858231346,0.188879085845422,0,0
"30",0.0580899596313365,0.201443265124075,9,1,1,0.0624424390146172,0.202454435750149,1,1,0.0789327046285712,0.191059271189123,1,1,-0.0819924995120131,0.257319720603233,1,1,0.0920037999629909,0.232933148536827,1,1
"31",0.212828309810128,0.260546942921672,11,1,1,0.234003808642299,0.222150903409418,1,1,0.230031848286902,0.228047184845697,1,1,0.0927909766281464,0.279411170815553,1,1,0.233006015330537,0.294087482377761,1,1
"32",0.276425776154994,0.233776239997003,17,1,1,0.251013522611092,0.230321132098184,1,1,0.243480134465821,0.263352659848481,1,1,0.199089976657327,0.238848997069931,1,1,0.271658786655988,0.272201435160452,1,1
"33",0.0308823172278593,0.211660111027768,3,1,1,0.0534213731314106,0.220707756014092,1,1,0.0529908646426589,0.188240136015519,1,1,-0.122347412852256,0.211735174812184,1,1,0.0104869925292455,0.212161060300751,1,1
"34",0.260667664707395,0.219738493160087,9,1,1,0.25260555192789,0.205912713192248,1,1,0.281281131922633,0.207882782814665,1,1,0.348501469762372,0.271211888819086,1,1,0.262103725313852,0.25281926743964,1,1
"35",0.274064937493192,0.219674384843769,9,1,1,0.253386983997454,0.193067613557993,1,1,0.252697479068132,0.200555487937257,1,1,0.332827188826495,0.236200830806895,1,1,0.268203173919159,0.218213048438806,1,1
"36",0.0944961832666704,0.206177606265947,15,1,1,0.0603279204523656,0.212576723042786,1,1,0.0867668202205406,0.239289669794763,1,1,0.0505935612396814,0.265002855730718,1,1,0.105378737707789,0.224368702955881,1,1
"37",0.389095465003242,0.208978244317583,17,0,1,0.316246949527705,0.214584712756944,1,1,0.336961781827877,0.19958473665927,1,1,0.156172391549051,0.220297968725563,1,1,0.332283944242406,0.226799215492543,1,1
"38",0.0497712221552388,0.24726438589299,17,1,1,0.0420415439899814,0.217070120174143,1,1,0.0452248243882694,0.237814096031123,1,1,0.134268502473185,0.241857687286017,1,1,0.0379306082582166,0.226536290541882,1,1
"39",0.404836487391623,0.207564076029962,19,0,1,0.443642573556786,0.207419743334172,0,0,0.434513927869929,0.230612457345536,0,1,0.274129883614095,0.256528174487582,1,1,0.429471057153926,0.250131235081293,0,1
"40",0.389276813026986,0.256242177498639,3,1,1,0.35830270125678,0.203201732298053,1,1,0.359538271914978,0.223280690772072,1,1,0.442589832347721,0.246063592870979,0,1,0.371142018798536,0.247449457498747,1,1
"41",0.429197265403227,0.232664540730358,13,1,1,0.456616765604163,0.199337605095612,0,0,0.448268195563973,0.199120545696338,0,0,0.737026807815015,0.253228536998731,1,1,0.489571514837683,0.236079045017597,1,0
"42",0.0733100781449942,0.19902362817264,17,1,1,0.111172799568273,0.200034789786234,1,1,0.0994329579605684,0.196305258264976,1,1,0.115209941991563,0.237736278928558,1,1,0.122355787067004,0.238034203359615,1,1
"43",0.225836721550684,0.200999825938425,11,1,1,0.221851395372313,0.187925823382058,1,1,0.235873405774431,0.162087240400135,1,1,0.00928142166278148,0.231849096356346,1,1,0.252320313289313,0.201170582674513,1,1
"44",0.595907741476362,0.232930583646201,9,0,0,0.572360574789991,0.193049044052311,0,0,0.580374265448108,0.194760507430122,0,0,0.648007340625776,0.215720291795743,0,0,0.561175437752854,0.234505471415088,0,0
"45",0.292868878429133,0.192783637876859,19,1,1,0.336428792743557,0.216675050786882,1,1,0.332315806845718,0.198213688194939,1,1,0.454870998741337,0.240825590243515,1,1,0.348224612224724,0.237173846623927,1,1
"46",0.122787246844978,0.182964060436205,13,1,1,0.131518752004899,0.185369585410279,1,1,0.122789306734261,0.199709813462287,1,1,-0.184124414093584,0.21836050346958,1,1,0.0340432935888775,0.241657793575803,1,1
"47",0.493304162507096,0.207307011516119,9,0,0,0.497576988622467,0.175815473494074,0,0,0.517141357676767,0.204923574111414,0,0,0.440838733455205,0.255991468334501,0,0,0.498682344937863,0.22579006583625,0,0
"48",0.382506540875193,0.224158681379842,9,1,1,0.376075935213875,0.209705764481776,0,1,0.395846865023913,0.18975535193247,0,0,0.538621394211882,0.202549150103414,0,1,0.412339732848067,0.228625011413045,1,1
"49",0.152713140802491,0.213371601374735,19,1,1,0.231960776358809,0.217275285737769,1,1,0.223558932681775,0.200187303345961,1,1,0.125523170561496,0.242218924905936,1,1,0.219034953900667,0.213450949746233,1,1
"50",0.441922288098863,0.233457116770531,15,1,1,0.442924278963804,0.188913344161841,0,0,0.433424976862483,0.201874555673882,0,0,0.515473343264935,0.241782375278906,1,1,0.384305539991373,0.226712454150213,0,1
"51",0.312014123071912,0.170674042367553,19,1,1,0.332338440228871,0.177725539991199,1,1,0.338038194514446,0.194472138814894,1,1,0.464853296524381,0.214129702146539,1,1,0.292868045872255,0.218118593892268,1,1
"52",0.865577300877648,0.195829652818263,17,0,0,0.838988552911927,0.181385841396269,0,0,0.855452102913787,0.183384690720683,0,0,0.837218929015214,0.2176218343948,0,0,0.844486631409706,0.198313049670536,0,0
"53",0.0650627853211784,0.230065833974678,11,1,1,-0.010675440190547,0.220012780635764,1,1,-0.0106297302992148,0.214404590475512,1,1,0.00945701645963305,0.262989777040488,1,1,0.0725821027243761,0.227580781058281,1,1
"54",0.599457859298336,0.207237222048953,17,0,0,0.535555035575322,0.17367117937678,0,0,0.548301266093636,0.183282532581722,0,0,0.57872969093364,0.262210263876798,0,0,0.553104010192536,0.251029370373637,0,0
"55",0.586698846592878,0.203795260541932,19,0,0,0.530778331840547,0.208876467368272,0,0,0.539823158239267,0.191701712935001,0,0,0.369938632757982,0.234875185090047,0,0,0.551822855518423,0.243673337995677,0,0
"56",0.453826257356343,0.18029197574215,3,0,0,0.515084195343439,0.169867642115624,0,0,0.503777462746701,0.177110122795972,0,0,0.557412157032232,0.211133155949965,0,0,0.525828999190234,0.220107615588329,0,0
"57",0.202284325608146,0.19593862155461,9,1,1,0.233656694905674,0.186632717889428,1,1,0.239198441663686,0.205336183730727,1,1,0.118065537159703,0.245473916794028,1,1,0.210750020945053,0.250373493199327,1,1
"58",0.430396200868907,0.245573312390605,1,1,1,0.33860261464488,0.211089452939447,1,1,0.347162922248573,0.213064444270425,1,1,0.435237858536791,0.250889381311704,1,1,0.430396200868907,0.238060779085166,1,1
"59",0.446750396851447,0.181658958513082,7,0,0,0.414796787426359,0.166161378157621,0,0,0.404283135751689,0.177181751230682,0,0,0.462002867007654,0.245113187100414,1,1,0.417858978568025,0.221017457768636,0,1
"60",0.216531695686703,0.216698154186962,13,1,1,0.25969771838093,0.186973474115024,1,1,0.263922032016094,0.209312244337117,1,1,0.381009461067145,0.228988108215683,1,1,0.266502370209939,0.235780076651015,1,1
"61",0.170771911867746,0.218921173386183,3,1,1,0.280898561474164,0.194568271891344,1,1,0.291735202632944,0.183904243811505,1,1,0.235647453539115,0.218679610270354,1,1,0.286464795674454,0.207630564075421,1,1
"62",0.413027190436967,0.220210379691806,17,1,1,0.408021217320224,0.206243961461734,0,0,0.406411854242803,0.17897831148151,0,0,0.334786396641694,0.263368896533572,1,1,0.396021567923966,0.247627404608573,1,1
"63",0.0330901589798745,0.211174920107626,5,1,1,0.104067210305994,0.174207562632458,1,1,0.107921169985392,0.208369916469426,1,1,0.104572968013473,0.209519705772152,1,1,0.10567495075927,0.243887829451959,1,1
"64",0.462944752010495,0.183071396362618,15,0,0,0.457687791157446,0.195712251329351,0,0,0.462036450818837,0.16967831942686,0,0,0.509675474951656,0.179981667327415,0,0,0.433542713410798,0.217980441693981,0,0
"65",0.38905929712655,0.207962419018765,7,0,1,0.469183377122129,0.196939788753844,0,0,0.469798451899893,0.171739908649833,0,0,0.178644576333357,0.211292282931873,0,0,0.386058245292986,0.229552394821728,1,1
"66",0.64977858901817,0.226692123612333,9,0,0,0.684804591713301,0.192976573993694,0,0,0.675276616890143,0.174888514456292,0,0,0.547881043496833,0.256651765789942,0,0,0.632486870239286,0.244773757270224,0,0
"67",-0.022924795603073,0.221928864792122,5,1,1,0.0128389883855719,0.189263192518879,1,1,0.0370051113252911,0.207811372451922,1,1,-0.117343117505733,0.236995720832196,1,1,-0.0128798120179066,0.252896507094193,1,1
"68",0.381014718490364,0.281208928666549,1,1,1,0.434097170799465,0.207418556183097,0,0,0.45629301401942,0.26762352421999,1,1,0.365942425089446,0.224150928996116,1,0,0.381014718490364,0.239404277730055,1,1
"69",0.403743705899789,0.238619336925165,17,1,1,0.379943469523775,0.213344451293907,1,1,0.380449523773978,0.198442733933767,0,1,0.426963404683299,0.228424146135768,1,1,0.426854258108282,0.273911517406061,1,1
"70",0.452774505963155,0.232554140886911,5,1,1,0.376450976169667,0.187503883480948,0,0,0.389048909164681,0.230294071352948,1,1,0.416641645719979,0.236786555263304,1,1,0.393533757796019,0.219197265638588,0,1
"71",0.174709783048055,0.196227699795824,11,1,1,0.149034475374431,0.169974047320268,1,1,0.128694672581013,0.173643772358025,1,1,0.111706729777406,0.223384431565142,1,1,0.113084448255901,0.204367252987158,1,1
"72",0.0585644920099513,0.202534407396743,19,1,1,0.084952793997158,0.190175655319385,1,1,0.0985255034548202,0.173628455926952,1,1,0.109390867809694,0.243780395269415,1,1,0.099925803694963,0.247618636720755,1,1
"73",0.443720437757551,0.246245497770402,17,1,1,0.419647477067015,0.220547970577945,0,1,0.430817088533982,0.186734220878015,0,0,0.51340254874459,0.260221741675395,0,1,0.415824721184576,0.222135729657619,0,1
"74",0.173063297036414,0.23289632488204,3,1,1,0.109817845523399,0.204463158401751,1,1,0.123746773651292,0.196169273053628,1,1,0.260113939660296,0.250333138853887,1,1,0.182597885211703,0.240385287190403,1,1
"75",0.0667694833618341,0.251746932047163,11,1,1,0.0174892244886723,0.220688223102836,1,1,0.0618708331848425,0.18313672995895,1,1,0.167433324258762,0.261926180181464,1,1,0.0717980149848117,0.25731517091402,1,1
"76",0.713374589571426,0.219287925558225,11,0,0,0.713845146732977,0.215498656707507,0,0,0.718339183339749,0.189543583615817,0,0,0.801352758104767,0.276444519527736,0,0,0.676173322377047,0.260062354177103,0,0
"77",0.225486418745644,0.209935952086079,15,1,1,0.25800851211914,0.196049278825637,1,1,0.255917792879897,0.162523359058049,1,1,0.159714576777843,0.198172705419661,1,1,0.227388208087152,0.23395975335357,1,1
"78",0.414713024378613,0.21025205763992,5,0,0,0.399379191064185,0.172897223096188,0,0,0.396250322705663,0.178114572573672,0,0,0.31826485040603,0.213991285695168,1,1,0.401043209766774,0.223232335375177,1,1
"79",0.549372311295199,0.208783288016957,17,0,0,0.578542049300422,0.209525588023647,0,0,0.581564441453381,0.223684298401159,0,0,0.475624683377824,0.26551713063805,0,0,0.582188522163577,0.2627341282583,0,0
"80",0.414380005438877,0.229848648682269,19,1,1,0.482921095938412,0.207528359272096,0,0,0.456707978594163,0.202929026077012,0,0,0.530948570474286,0.260511343837614,1,1,0.474148706857097,0.242625454974733,1,1
"81",0.555390670956887,0.238795483370743,7,0,0,0.602012889931548,0.258711982268273,0,0,0.596497376808459,0.197799858295058,0,0,0.738484194117802,0.241217192688698,0,0,0.59771780162149,0.237281077015205,0,0
"82",0.378011299571417,0.197489749064253,9,1,1,0.37433216181891,0.198499192487918,0,1,0.355010161883073,0.179520902032025,0,0,0.311045905126568,0.220389947234722,1,1,0.392609543223615,0.219798639171446,1,1
"83",-0.00227944093040148,0.225518113597142,7,1,1,-0.0342392600635837,0.198976947930889,1,1,-0.0337327180785101,0.189342681586112,1,1,0.14947396083512,0.261413113177298,1,1,0.016395344892187,0.243566392619336,1,1
"84",0.501963583671081,0.218099927272437,7,0,0,0.594306282819348,0.221992437187723,0,0,0.594169540785416,0.209246136252089,0,0,0.593397473646646,0.237517870025578,0,0,0.581692926845508,0.236909928596484,0,0
"85",0.260497342123649,0.21369462298248,19,1,1,0.299319646563328,0.193238890612224,1,1,0.298494315231753,0.176328279377411,0,1,0.2037778672594,0.200720188981406,1,1,0.288149893758482,0.224822925017633,1,1
"86",0.473968381986337,0.211192641235008,11,1,0,0.438060779061594,0.188972386690832,0,0,0.434247945545469,0.19172344210787,0,0,0.54728712888412,0.231548796158015,0,1,0.449644768567088,0.255691039695156,1,1
"87",0.331214412972385,0.229003567590427,5,1,1,0.364736835177233,0.187405208034097,0,1,0.357994325446808,0.18282160606145,1,1,0.157226049442432,0.262686260934566,1,1,0.285069096436488,0.219052207718603,1,1
"88",-0.0787101461826204,0.226161550013285,15,1,1,-0.0111623989166232,0.239513467058115,1,1,0.0162849081764053,0.252300808441702,1,1,0.00490577115252826,0.278870161216765,1,1,-0.0104463741241868,0.265357305537049,1,1
"89",0.398979408859932,0.242492478021332,13,1,1,0.387598096942583,0.222104039443267,1,1,0.397967540917491,0.212934608284153,0,1,0.230785808211013,0.256135127240142,1,1,0.34563517054024,0.24156320388805,1,1
"90",0.550294062161022,0.237105710896144,7,0,0,0.479413340926774,0.184140441862571,0,0,0.479249647536085,0.20191447876435,0,0,0.545586059165392,0.246292652168369,0,1,0.453425887875456,0.261146898764543,0,1
"91",0.239612614141342,0.196996395511937,11,1,1,0.217363526989189,0.213074909396115,1,1,0.213252392928501,0.189146865642524,1,1,0.148891294862539,0.203995808027384,1,1,0.214974090502644,0.242970037182091,1,1
"92",0.618507857267006,0.218014967097828,11,0,0,0.640940591200399,0.186080060049181,0,0,0.639969534295373,0.184137021471336,0,0,0.665225892296303,0.217033846118966,0,0,0.619180199272897,0.201516385370976,0,0
"93",0.236668389501384,0.202242245205115,17,1,1,0.204738084689256,0.20320080501786,1,1,0.193390559279192,0.205904025757243,1,1,0.0254015311021123,0.245789954906653,1,1,0.234658314475073,0.236816709979858,1,1
"94",0.28406625362251,0.241305372651392,3,1,1,0.249227151015166,0.18310673496162,1,1,0.268311700863161,0.196743318322132,1,1,0.285820318414771,0.19677099726426,1,1,0.311406832207515,0.23252604669122,1,1
"95",0.163497617101154,0.206106347768117,11,1,1,0.190639171455027,0.202497737014286,1,1,0.172064704963655,0.192230790497733,1,1,-0.0772847879252475,0.216861889209437,1,1,0.1804906160592,0.274407371587488,1,1
"96",0.15528173233581,0.216830172296304,9,1,1,0.119250279528999,0.202721583757754,1,1,0.123926190994286,0.177335193976959,1,1,0.237050570370778,0.216897479349005,1,1,0.137396400148147,0.234253189390443,1,1
"97",0.259673977772501,0.212372471802027,7,1,1,0.284097224789577,0.186490484558323,1,1,0.260041143473247,0.214963405100787,1,1,0.300410953050503,0.24464711210181,1,1,0.278260423619288,0.208200300008043,1,1
"98",0.182969786229244,0.229012390567783,19,1,1,0.25879050931258,0.193536855102561,1,1,0.23649367419035,0.201899548774805,1,1,0.171031916191686,0.230647410255824,1,1,0.237842921014978,0.242770269366649,1,1
"99",0.546352714640905,0.211178232215187,15,0,0,0.602080736450265,0.188569343975904,0,0,0.603401393193687,0.195880910219766,0,0,0.530395750955148,0.222305026894924,0,0,0.599018971821031,0.22688099398099,0,0
"100",0.645887939588579,0.183862204403947,11,0,0,0.614749794061368,0.199241351470967,0,0,0.609274098856566,0.189693697349831,0,0,0.655553184385557,0.244363560403305,0,0,0.584923867225233,0.237508140515916,0,0
