"","V1","V2","V3","V4","V5","V6","V7","V8","V9","V10","V11","V12","V13","V14","V15","V16","V17","V18","V19","V20","V21"
"1",0.610313730479796,0.247152225267197,11,0,0,0.620254700875306,0.226691134733317,0,0,0.628748774363732,0.214513014158523,0,0,0.559260755637123,0.345139375157451,1,1,1,1,1,1
"2",0.870497570814722,0.249721426150524,19,0,0,0.80065822918659,0.19098518896543,0,0,0.789634663045946,0.224227255600758,0,0,1.08653796313466,0.235499233836706,0,0,1,1,1,1
"3",0.78343037061075,0.284520379012861,5,0,0,0.639399099550181,0.197227309896601,0,0,0.630878323357905,0.220534952144429,0,0,0.43900826421724,0.29039757037139,0,0,1,1,1,1
"4",0.724050174437112,0.23361830428915,11,0,0,0.699045516905146,0.185033425484432,0,0,0.70123918916761,0.182915985213815,0,0,0.843840742552651,0.267635518293645,0,0,1,1,1,1
"5",0.583416522479581,0.275673608485517,19,0,0,0.551595663200427,0.25992169554742,0,0,0.497488782508892,0.231218850370234,0,0,0.839886382117293,0.312122535489569,0,1,1,1,1,1
"6",0.636189288757043,0.271543471922271,7,0,0,0.75353189938176,0.243937284715946,0,0,0.765407961367946,0.243287905058751,0,0,0.736339434490377,0.297419700662274,0,0,1,1,1,1
"7",0.490048469077074,0.230163795043105,11,0,0,0.789950777061369,0.276306678996335,0,0,0.879919547982101,0.301076260934253,0,0,0.616941588941587,0.264137324488775,0,0,1,1,1,1
"8",0.634821396993696,0.243153627657018,19,0,0,0.573722649199988,0.189700068357432,0,0,0.61144171415457,0.235068154284995,0,0,0.240128476079247,0.260385163066709,0,0,1,1,1,1
"9",0.848325373566892,0.276274626297278,13,0,0,0.961518160646439,0.288555189084753,0,0,1.01693422305715,0.271945277443824,0,0,0.694908987182631,0.340962695975582,0,0,1,1,1,1
"10",0.509780417671618,0.257829656115716,13,0,0,0.478340328050038,0.229107043620501,0,0,0.510580716125494,0.248681114481863,1,0,0.371420141164481,0.285355836550436,1,1,1,1,1,1
"11",0.927625812123042,0.261763063566192,15,0,0,0.916081342373891,0.187887726071103,0,0,0.948681482420698,0.223347113495243,0,0,0.492661847556312,0.322336010829355,0,0,1,1,1,1
"12",0.745697362465025,0.318391338435023,1,0,0,0.892444440655617,0.204774515526842,0,0,0.88751429331038,0.232907539634373,0,0,0.780312413472394,0.288545692878981,0,0,1,1,1,1
"13",0.840693410157046,0.255836306173949,17,0,0,0.840705042017412,0.251969877176558,0,0,0.819048861112083,0.236322331996649,0,0,1.13863309804841,0.333733953835105,0,0,1,1,1,1
"14",0.561854438031491,0.243217223313557,15,0,0,0.552425303900244,0.32807916224118,1,1,0.567097863853137,0.312487835700621,1,1,0.340549741639432,0.318805595231702,1,1,1,1,1,1
"15",0.633141663638638,0.237592406235283,15,0,0,0.610199255383116,0.289486798404597,0,0,0.626578661754115,0.278327349675705,0,0,0.846199015525454,0.290734156233484,0,0,1,1,1,1
"16",0.486644536116823,0.239255613841608,19,0,0,0.515910344957477,0.205615682189268,0,0,0.498514290923825,0.245142436481154,0,0,0.0552775780235536,0.3876168750289,1,1,1,1,1,1
"17",0.441114666727063,0.240749144715592,15,1,1,0.485530870061194,0.208983948811728,0,0,0.518190724063019,0.222256710952439,0,0,0.51141799737076,0.243144194557768,0,0,1,1,1,1
"18",-0.101608152827728,0.288365448334757,17,1,1,0.0158722781457743,0.20839518841868,1,1,-0.0655087433556522,0.227402154713008,1,1,-0.0192993801999468,0.340213502299805,1,1,1,1,1,1
"19",0.443813790508589,0.280200099728857,5,0,1,0.576065768974787,0.204253086457358,0,0,0.52165053193788,0.238872269241443,0,0,0.58480439321401,0.222620754699691,0,0,1,1,1,1
"20",0.289950254634139,0.260291675352485,3,1,1,0.326009879817648,0.24578504926386,1,1,0.340541762826873,0.233519346404258,1,1,0.220359941710369,0.260565501419874,1,1,1,1,1,1
"21",0.729162549929394,0.257739746727423,13,0,0,0.722924650643888,0.264978201282696,0,0,0.726980461413336,0.231434749565082,0,0,0.677339376983437,0.378486935274091,0,1,1,1,1,1
"22",0.616373260183207,0.234849012947284,13,0,0,0.712377892246365,0.260909783820632,0,0,0.691781088090601,0.243047698391985,0,0,0.780575776898001,0.247426657811271,0,0,1,1,1,1
"23",0.829575629499298,0.244686897041843,9,0,0,0.787159741024196,0.208909323225701,0,0,0.840370099749906,0.215580573011072,0,0,0.966031162947558,0.28986675099676,0,0,1,1,1,1
"24",0.743112161077996,0.263982440531638,3,0,0,0.75146320072965,0.212934311369809,0,0,0.745240174089802,0.242791584337266,0,0,0.592685812880345,0.243883994052985,0,0,1,1,1,1
"25",0.943257963486696,0.238276768684113,19,0,0,0.981549187006616,0.206271663764,0,0,0.928780721073398,0.241822428316538,0,0,0.856775022992631,0.298365809582639,0,0,1,1,1,1
"26",0.628376760942724,0.290804550105785,19,0,0,0.529978758458995,0.223358178219153,0,0,0.486541617432525,0.208506665705207,0,0,0.53333563085437,0.351833374229868,1,1,1,1,1,1
"27",0.627800470325888,0.268256235412265,19,0,0,0.599857763940722,0.223731119236071,0,0,0.564999398591451,0.256817837153109,0,0,0.34711144211989,0.281988786989953,0,0,1,1,1,1
"28",0.312016306857204,0.271228279635463,9,1,1,0.373051794348358,0.237449649395194,1,1,0.357786360987577,0.233755101818291,1,1,0.155533785216925,0.363796783271693,1,1,1,1,1,1
"29",0.953718253494055,0.265562436011824,7,0,0,0.80866602674725,0.204345125245734,0,0,0.839197144460089,0.246319429191782,0,0,1.00450058614534,0.345910589665399,0,0,1,1,1,1
"30",0.722131751849145,0.260836929083505,17,0,0,0.80976248285798,0.250683887531896,0,0,0.838920817738034,0.288788654497382,0,0,1.05793285238768,0.33894332232306,0,0,1,1,1,1
"31",0.850746958659832,0.271704018278659,15,0,0,0.865081045757944,0.197723652273645,0,0,0.87167268807788,0.224371399644588,0,0,0.752790421868428,0.245416885019081,0,0,1,1,1,1
"32",0.794808763576305,0.265656910912891,7,0,0,0.735436200994251,0.255218268743093,0,0,0.716505994219256,0.261963020223208,0,0,1.4218112743168,0.437430175633095,0,1,1,1,1,1
"33",0.517478035110791,0.246495331836629,9,0,0,0.557699973857639,0.227511426814863,0,0,0.53579682251325,0.224063934102086,0,0,0.797927402690834,0.276498109045548,1,1,1,1,1,1
"34",1.03719071009019,0.249900569639184,17,0,0,0.854427434832923,0.225721283792358,0,0,0.903243720121951,0.265288571922505,0,0,0.770311882811466,0.341641442330242,0,0,1,1,1,1
"35",0.398106911069097,0.223202132022053,17,1,1,0.439634161699023,0.219803152634281,0,0,0.472369486262874,0.226689234780653,0,0,0.769408544987987,0.268430063809642,1,1,1,1,1,1
"36",0.852378331470492,0.261734922595894,5,0,0,1.08017268829092,0.381407294933401,0,0,1.06321277602245,0.343914510070669,0,0,0.95304673446423,0.288215724857638,0,0,1,1,1,1
"37",0.665964915052026,0.244661707553362,17,0,0,0.796255563905661,0.243526923009349,0,0,0.760190847475695,0.241628789887028,0,0,0.681682684850949,0.297330102471758,0,0,1,1,1,1
"38",-0.115730271689219,0.297237742007699,3,1,1,0.174009991251217,0.247281048382464,1,1,0.18560235808604,0.264538366005812,1,1,0.0594255425526676,0.307754641857704,1,1,1,1,1,1
"39",0.474190419331533,0.220207838693008,9,0,0,0.590064886521962,0.207275143440484,0,0,0.537299888954316,0.214721379113475,0,0,0.599057715771624,0.252015122200755,0,0,1,1,1,1
"40",0.473369308180963,0.223402444903285,19,0,0,0.700250423709307,0.207505042576045,0,0,0.665247143351003,0.228438124810284,0,0,0.514225525149421,0.291652477667815,1,0,1,1,1,1
"41",0.00599423795539085,0.294589244683623,5,1,1,0.227667966648024,0.200496867747348,1,1,0.183039195070761,0.233032593246382,1,1,0.495504096719268,0.332468872292806,1,1,1,1,1,1
"42",0.455748786806082,0.245070177745151,13,0,1,0.52466983795592,0.242346681186683,0,0,0.476321600367506,0.21145474969347,0,0,0.322735988051849,0.262511348202559,0,1,1,1,1,1
"43",1.05447805661276,0.284904037982332,19,0,0,0.923363417795749,0.250616082357411,0,0,0.925661347002523,0.254750060595756,0,0,0.809450367237629,0.293198221864458,0,0,1,1,1,1
"44",0.583756740692622,0.301781387415488,1,1,1,0.64189126251678,0.231553330130812,0,0,0.612466300655296,0.192707105466509,0,0,0.605994407836908,0.286660246430157,0,0,1,1,1,1
"45",0.265493034641702,0.229996738302637,15,1,1,0.323517539665459,0.213440743462368,1,1,0.316658067799791,0.221086375464539,1,1,0.317244814415012,0.223182960376509,1,1,1,1,1,1
"46",0.0282990057735411,0.273944899155495,11,1,1,0.0616899059281282,0.239108557131058,1,1,0.037747854758298,0.260580000613764,1,1,0.0762156131976503,0.360551085254306,1,1,1,1,1,1
"47",0.966784552875736,0.286443725192699,7,0,0,0.987815911731638,0.27746689700165,0,0,1.00147312162919,0.266347643157651,0,0,0.96925070838246,0.305874783860301,0,0,1,1,1,1
"48",0.689762726129005,0.210988456095467,9,0,0,0.736702957164165,0.213159606049185,0,0,0.747541396850718,0.19645058372405,0,0,0.787394438814875,0.229198760234187,0,0,1,1,1,1
"49",0.404326290068997,0.241937412415629,13,1,1,0.455034953019074,0.219027144288745,0,0,0.425058856277453,0.250044291508825,1,1,0.386869204180557,0.339862063386183,1,1,1,1,1,1
"50",0.890484754018772,0.304288202836327,17,0,0,0.750224766894555,0.225867666422781,0,0,0.755591075453636,0.257543543585763,0,0,0.917022233245298,0.334627192278272,0,0,1,1,1,1
"51",0.846610878286656,0.209285492825606,17,0,0,0.734557105051927,0.34642785628692,1,0,0.676060448200262,0.282307415483758,1,0,1.00451815854392,0.278633004642599,0,0,1,1,1,1
"52",0.740585349991684,0.246626051087231,15,0,0,0.626915770353193,0.239346653082893,0,0,0.650392109231742,0.246950731064522,0,0,0.593150311348479,0.27717272777643,0,0,1,1,1,1
"53",0.737528814347492,0.254440776070537,15,0,0,0.770737389105292,0.203710843644073,0,0,0.777337995771437,0.233062601489388,0,0,0.881922221867686,0.278555698097666,0,0,1,1,1,1
"54",0.418616540193991,0.222297618424396,13,1,1,0.575481803910273,0.237278788924483,0,0,0.52935822804489,0.219094131945963,0,0,0.656305433007041,0.301194512821928,1,1,1,1,1,1
"55",0.477428331483083,0.260163191967426,15,0,1,0.592587947434651,0.186158863647139,0,0,0.564402541129295,0.222162685288294,0,0,0.64342222573881,0.245884284875465,0,0,1,1,1,1
"56",0.781456497502717,0.249310076936926,15,0,0,0.741348866186482,0.203613555968483,0,0,0.7287958609712,0.203114095102187,0,0,0.851180191046109,0.280429955195962,0,0,1,1,1,1
"57",0.422183281693817,0.212539774925913,7,1,0,0.368080940583994,0.231990054840313,1,1,0.454105599710269,0.227867311212865,0,0,0.1747182557431,0.264477283949616,1,1,1,1,1,1
"58",0.816801945262872,0.243782537998668,7,0,0,0.733811760425844,0.228288064528536,0,0,0.735016472744174,0.223189996866031,0,0,0.539867742856768,0.234264090377562,0,0,1,1,1,1
"59",0.715040091236491,0.231046298689686,7,0,0,0.650612078630794,0.194926121466853,0,0,0.69815268303677,0.265537065022404,0,0,0.575603622352513,0.257727838050928,0,0,1,1,1,1
"60",0.670637586611694,0.257892773405514,11,0,0,0.89986459369913,0.258204206873655,0,0,0.864791156762262,0.254118372395838,0,0,0.831486373902988,0.295860547044289,0,0,1,1,1,1
"61",0.753611785003333,0.254484893664732,17,0,0,0.636987748252691,0.306648593247397,1,0,0.618669654699818,0.256909931792494,0,0,0.683283225811106,0.357286262251291,1,1,1,1,1,1
"62",0.282392387375585,0.269072105482612,13,1,1,0.414794600719991,0.237282433065183,1,1,0.436054255861993,0.201697441161639,1,0,0.600171113731673,0.307802123810631,1,1,1,1,1,1
"63",0.141025815754214,0.244403555555625,9,1,1,0.2259937068926,0.206575681301586,1,1,0.238089564638242,0.238465057484816,1,1,-0.162167937570043,0.289744547058719,1,1,1,1,1,1
"64",0.865584895258603,0.250557787047045,7,0,0,0.794817048039375,0.209185375864232,0,0,0.855788657153204,0.227616257629819,0,0,0.849472571354818,0.249344456529786,0,0,1,1,1,1
"65",0.489124864149031,0.224817399333591,15,0,0,0.413882727426677,0.190965795997124,0,0,0.425208378618386,0.206576392671393,0,0,0.24001625733746,0.252315033225673,1,1,1,1,1,1
"66",0.552688282932967,0.252557286518246,11,0,0,0.583767051659033,0.214333985875184,0,0,0.557679618828556,0.288975363154873,1,1,0.5186502807939,0.304480931684658,1,1,1,1,1,1
"67",0.322752769506945,0.268588303044063,17,1,1,0.143172138912897,0.274980987854411,1,1,0.147212134022846,0.245177360367808,1,1,0.18217266801315,0.31688053713259,1,1,1,1,1,1
"68",0.826965927850007,0.272485094839229,15,0,0,0.820414973157653,0.246262279278143,0,0,0.821504237385999,0.255825310763909,0,0,1.13073859261388,0.342565239276974,0,0,1,1,1,1
"69",0.536164992896154,0.263571229251897,5,0,0,0.566941144427686,0.227298117919824,0,0,0.537826877732071,0.245854277592666,0,0,0.678144767334429,0.289994815274943,0,1,1,1,1,1
"70",1.09618260637412,0.218649234377216,17,0,0,1.0541663726283,0.220799829469411,0,0,1.07527185961947,0.190128745317978,0,0,1.16145325491469,0.281169083950547,0,0,1,1,1,1
"71",1.04519502383099,0.373758802767035,5,0,0,1.21765639399899,0.314562040017709,0,0,1.23286060875359,0.339230596943777,0,0,1.44316408546035,0.315291413777333,0,0,1,1,1,1
"72",0.584893975630756,0.253452907047375,7,0,0,0.751397385973366,0.249801967431176,0,0,0.755225841920476,0.247820031375314,0,0,0.744336448674081,0.293835869741871,0,0,1,1,1,1
"73",1.13527224751999,0.209579785086075,17,0,0,1.06565634064037,0.210746434108305,0,0,1.10138241849887,0.223896249886079,0,0,1.25266875919748,0.276028560873356,0,0,1,1,1,1
"74",0.774252393029953,0.268255402346102,19,0,0,0.788042583441845,0.195275464404216,0,0,0.753981696988871,0.206624741109419,0,0,0.85000814631291,0.291239526367348,0,0,1,1,1,1
"75",0.488476499365175,0.265455686032087,7,1,1,0.469801239538387,0.198537710048118,0,0,0.470721985201193,0.197733255003846,0,0,0.592240725173085,0.286522221274012,1,1,1,1,1,1
"76",0.579885152850008,0.281017443044913,5,0,0,0.557557564680255,0.267531421562411,0,0,0.53934211089824,0.233747981653132,0,0,0.577825776549838,0.289461233903785,0,1,1,1,1,1
"77",0.63391459051414,0.270509727679897,17,0,0,0.774273721181609,0.212828211986304,0,0,0.750365819180837,0.284167403410589,0,0,0.916591094952678,0.322270987502377,0,0,1,1,1,1
"78",0.879881614185009,0.263901907033216,17,0,0,0.805967739215037,0.23287072618676,0,0,0.825721897576246,0.276396493712083,0,0,0.314720654093549,0.300626276143895,0,0,1,1,1,1
"79",0.806576366294877,0.245775700714001,15,0,0,0.791093554147171,0.234934781632992,0,0,0.779702070640106,0.237297470278431,0,0,0.795168358472312,0.25846073049163,0,0,1,1,1,1
"80",-0.0969751758738912,0.266631217571906,3,1,1,-0.0454354518742544,0.239681859833315,1,1,-0.075928127885499,0.22076866204764,1,1,-0.0632767091462109,0.246250579499914,1,1,1,1,1,1
"81",0.214500171650878,0.284243544938711,13,1,1,0.375103673267827,0.28816236494569,1,1,0.344259334047262,0.264599119154765,1,1,0.208799550898924,0.387848142091658,1,1,1,1,1,1
"82",0.717727043232565,0.240916786898551,7,0,0,0.688842073165455,0.198029843079273,0,0,0.684564031226856,0.232813263185617,0,0,0.79584600694954,0.234159711980259,0,0,1,1,1,1
"83",0.655793893734142,0.235897678537506,13,0,0,0.809428114128638,0.212657980874969,0,0,0.770598074198503,0.205483792555213,0,0,0.782322779123298,0.262295634494117,0,0,1,1,1,1
"84",0.73777635521581,0.287036759527342,17,0,0,0.792307957486055,0.23754891660003,0,0,0.777804505864968,0.28794922640946,0,0,0.608306773156472,0.282507067072102,0,0,1,1,1,1
"85",1.05946105895109,0.295965397263392,7,0,0,0.973824843313785,0.205551253718246,0,0,0.988365829022466,0.251089353875965,0,0,1.06525323695823,0.285406982258452,0,0,1,1,1,1
"86",0.414656790107405,0.230002213147436,13,1,1,0.386327652239363,0.197851704870043,0,1,0.369980271683942,0.225121683329532,1,1,0.37040759758973,0.238738133843375,1,1,1,1,1,1
"87",0.363974776707581,0.253121857237628,3,1,1,0.264609659470356,0.223091950045806,1,1,0.312177418016059,0.231346604635401,1,1,0.279940377695438,0.244846931722943,1,1,1,1,1,1
"88",0.803654662108347,0.215108439519978,9,0,0,0.772642609343962,0.222842091591542,0,0,0.746746306892892,0.237273850459459,0,0,1.01158640125741,0.302362722475236,0,0,1,1,1,1
"89",0.726639012460724,0.263295911893645,7,0,0,0.491920269083566,0.306248629547056,1,1,0.474806401619623,0.301155652081181,1,1,0.701420286680655,0.339530076727086,1,1,1,1,1,1
"90",0.920386496134859,0.178646455511846,19,0,0,1.01828366349265,0.197653720743308,0,0,0.995279403073263,0.223329316131582,0,0,0.871669233089427,0.229086584265363,0,0,1,1,1,1
"91",0.607317571694307,0.303181987919688,9,0,0,0.484525326229977,0.294035953741084,1,1,0.481922285346034,0.26621562721852,0,1,0.491925087573927,0.344220980275982,1,1,1,1,1,1
"92",0.642581767516887,0.329521498085949,15,0,1,1.01771785148694,0.311635461698776,0,0,0.98802244811225,0.273211518476928,0,0,1.09892893359323,0.34484472062005,0,0,1,1,1,1
"93",0.418013129916557,0.248156826223406,15,1,1,0.497926115583689,0.277056075831297,1,1,0.554932785272603,0.25108513345229,0,0,0.463323339360856,0.303962331973682,0,1,1,1,1,1
"94",0.790530203072288,0.237577929384922,5,0,0,0.842004265489516,0.203201033998458,0,0,0.841221491787063,0.220817954850241,0,0,0.722922810706848,0.194725848685938,0,0,1,1,1,1
"95",0.561063447477195,0.247033690658058,5,0,0,0.596709734273817,0.211516560665748,0,0,0.602487207081571,0.216991773010926,0,0,0.691232685220778,0.232303556774377,0,0,1,1,1,1
"96",0.554994970013668,0.220913480368235,19,0,0,0.562430440232405,0.243238202130221,0,0,0.580613947675893,0.215569871683515,0,0,0.705936004868716,0.278067044090585,0,0,1,1,1,1
"97",0.920338375203093,0.224999858026977,15,0,0,0.96459992237399,0.249448221123616,0,0,0.964224308641898,0.234551999824705,0,0,0.928817155595761,0.328514302838405,0,0,1,1,1,1
"98",0.359641503693481,0.301338653228753,5,1,1,0.373789839673346,0.223588167911834,1,1,0.344735380597778,0.231840070241206,1,1,0.11835890718913,0.334635610155507,1,1,1,1,1,1
"99",0.419680497541519,0.227251897528968,19,0,1,0.35735558827311,0.277980905063484,1,1,0.381789272956721,0.247356813267879,1,1,0.256813628167594,0.288573436801296,1,1,1,1,1,1
"100",0.546963068696896,0.243460225657421,19,0,0,0.666307768761129,0.218253572566924,0,0,0.69954489854756,0.241010439623007,0,0,0.667898864231066,0.267624102635309,0,0,1,1,1,1
