"","V1","V2","V3","V4","V5","V6","V7","V8","V9","V10","V11","V12","V13","V14","V15","V16","V17","V18","V19","V20","V21"
"1",0.543563249356662,0.304723856919529,17,1,1,-0.231238495883963,0.853974676979703,1,1,-0.263504359191127,0.86305373059289,1,1,0.182499591448197,0.511413476466835,1,1,0.712439888342991,0.480688780988865,1,1
"2",0.187889408336567,0.43958740036678,17,1,1,0.0788091140098882,0.235469839446274,1,1,-0.0637268560350953,0.242515182589977,1,1,-0.080299501767999,0.423693545191821,1,1,0.392372509106619,0.394367545225348,1,1
"3",0.342766719052082,0.457338763632932,15,1,1,0.423810430629802,0.284771222087746,1,1,0.316538793318815,0.329615265505161,1,1,-0.603071517994195,0.686443297945968,1,1,0.484844658696647,0.649311421646074,1,1
"4",0.0597794479362632,0.334973646848979,9,1,1,-1.1477033216308,1.64272530753733,1,1,-1.17305328121795,1.66490543156896,1,1,0.465772806291443,0.655665425557432,1,1,0.254142788506065,0.562868203844696,1,1
"5",0.275693234219637,0.365553898035279,19,1,1,0.772786257069074,0.44717945533115,1,1,0.747603726874972,0.630874830817767,1,1,0.545535753060377,0.607905266758784,1,1,0.660159988523687,0.587931150153587,1,1
"6",0.0942228978635402,0.461193543113664,3,1,1,0.0699133282733398,0.291634079002348,1,1,0.0935176455230122,0.271794111159067,1,1,0.186888287487537,0.494965299848232,1,1,0.525038276965468,0.506331908452503,1,1
"7",0.619213541627812,0.399870742073716,19,1,1,0.752119278236834,0.505145354426142,1,1,0.632593448692982,0.463716345068103,1,1,1.43505578154958,0.683139436488883,1,1,0.706350105037377,0.712063271812758,1,1
"8",0.129131864303248,0.380537846127019,19,1,1,5.30641840433806,6.77090745438595,1,1,5.57512237445721,6.42504619415201,1,1,0.999976061362964,0.845801605234048,1,0,0.577353473353188,0.893232504293388,1,1
"9",0.00234997712261932,0.364181766204818,13,1,1,0.159184888652122,0.305329113340974,1,1,0.185254338291528,0.373855736814188,1,1,0.065167410594063,0.480948063443766,1,1,0.800852409471368,0.530919388845909,1,1
"10",0.164326987798434,0.487558198631847,7,1,1,0.355014459188942,0.313144763632854,1,1,0.470699667903538,0.346060721696831,1,1,0.675454861493232,0.708603526069974,1,1,0.920513222191132,0.683613186151834,1,1
"11",-0.916569890774715,0.571575981268811,1,1,1,-0.237614814020113,0.606113431625824,1,1,-0.0308303980244315,0.650892589489315,1,1,-1.04996099617436,0.55727151603252,1,1,-0.916569890774715,0.59295120056041,1,1
"12",0.359968543505966,0.326868877130183,15,1,1,0.21581151977738,0.302035128546818,1,1,0.238628117590025,0.305508609407145,1,1,-0.262700550883198,0.484414493855999,1,1,0.627043062522989,0.521822029249546,1,1
"13",0.124473789461725,0.418796436083958,3,1,1,-0.627723106757992,1.0391544191734,1,1,-0.498295559913194,0.986349190470192,1,1,-0.12841613473124,0.40767291590416,1,1,0.486667550758195,0.395141979882364,1,1
"14",0.724157752819984,0.402339950400517,17,1,1,0.3258876795301,0.372296879472622,1,1,0.293032213032297,0.371355768657068,1,1,-1.21908444746108,0.937372870744818,1,1,0.557227435481823,0.80564077090656,1,1
"15",-0.240901269963044,0.354918360688117,19,1,1,-0.000552288257656858,0.258806795825763,1,1,0.0625949534570703,0.269339585567586,1,1,0.0102166168637243,0.417875433055106,1,1,0.71452725803474,0.442359242816436,1,1
"16",0.192422100776657,0.309800987449717,19,1,1,-0.207349129060902,0.568936060128865,1,1,-0.282978425661669,0.558825711871797,1,1,0.473099580033178,0.560444002583814,1,1,0.386891860602994,0.591724684713793,1,1
"17",-0.535866889706847,0.475953094586072,7,1,1,-0.163838090733523,0.320223460489414,1,1,-0.291351412157737,0.363820533356711,1,1,-0.683452464108091,0.610567246582517,1,1,0.266209051620508,0.510921811128267,1,1
"18",-0.0429379758948472,0.460471427952308,5,1,1,2.43229565836876,2.38791045022964,1,1,2.09450260013013,2.45796820717859,1,1,0.433896137065007,0.729293800650994,1,0,0.614731304911587,0.625133391464221,1,1
"19",0.761537902596981,0.401838518000283,13,0,1,1.16200183874807,0.599760921983516,0,1,1.06741942679106,0.570655600739835,0,1,1.01395495873215,0.535806396371563,1,0,0.791530432828478,0.509642184106153,1,1
"20",0.336387559860467,0.33013865993302,19,1,1,0.0267366658767863,0.330393917676247,1,1,-0.0939004364024442,0.35843193630373,1,1,0.0542899944028079,0.365577827495928,1,1,0.319619960064655,0.387107127784629,1,1
"21",0.640537647169494,0.365033058985031,9,1,1,0.0963238352466338,0.476167388874379,1,1,0.0830725705158387,0.467498623762884,1,1,-0.0495937581915383,0.547996307126151,1,1,0.717068945158218,0.503324837176482,1,1
"22",0.412616172724088,0.464192978745734,17,1,1,0.492889468340548,1.44103227764591,1,1,0.221998493117296,1.37773929775928,1,1,0.936254015884372,1.28014351128801,1,1,0.999596167363429,1.20507857279155,1,1
"23",0.215814253131294,0.389811347748507,9,1,1,1.17677691553872,1.14339700575736,1,1,0.989532219886672,0.796736618437951,1,1,1.02502976852335,0.450616239242759,1,0,0.728693428553579,0.40993887446382,1,1
"24",0.659020893464235,0.380172964375374,17,1,1,0.790711566768832,0.724931679963348,1,1,0.694317143221469,0.621802021093715,1,1,0.233035294591411,0.683828270270504,1,1,0.833277269612701,0.654661524598243,1,1
"25",0.104051668139222,0.370109902365717,7,1,1,0.382152862855312,0.331685314711302,1,1,0.399082275105275,0.319227545461858,1,1,0.752678513361437,0.571366333591633,1,1,0.727413853716213,0.568326259789182,1,1
"26",0.516258681216125,0.400188637416837,19,1,1,0.766593322107071,0.298911489662481,0,0,0.920259680399008,0.317194377305485,0,0,1.96558099307389,1.31842518096871,1,1,1.30448196608685,1.3356978712524,1,1
"27",-0.229110605827692,0.3762705135427,5,1,1,-0.435779662959213,0.461859958408684,1,1,-0.335445169477383,0.429800540972684,1,1,-0.778265351403031,0.440876451736375,1,1,0.178757164601526,0.450958605395591,1,1
"28",0.498751238892983,0.358420924061975,15,1,1,-0.71995550928983,1.68664827636533,1,1,-0.322296033179669,1.0779787951914,1,1,-0.224509526274188,0.622781630836964,1,1,0.967177638421337,0.64287705849712,1,1
"29",0.482515753125631,0.36510834389934,13,1,1,0.563429161393075,0.305259699471709,1,1,0.408212249057232,0.351499112895179,1,1,1.11869871331145,0.631274751848555,1,1,0.72224756354276,0.774435709306043,1,1
"30",0.549661992893157,0.386834396984227,17,1,1,0.624094139558954,0.336157273138486,1,1,0.531397369259176,0.421897635802967,1,1,0.437076205467463,0.42801390966287,1,1,0.704186168311951,0.41403577003415,1,1
"31",-0.0967272988824974,0.365000241764907,7,1,1,-1.50001003733285,1.86370466660575,1,1,-1.46679335061575,1.8441878874784,1,1,-0.904316131152131,0.517758789736514,1,0,0.440139015847296,0.564538092119563,1,1
"32",0.0447449341753485,0.466252489936545,11,1,1,0.173862204151534,0.283451626282171,1,1,0.175864708249589,0.330426771447787,1,1,-0.413944604765534,1.21728101197303,1,1,0.408162902727028,1.07825623974452,1,1
"33",0.360403434964431,0.472786509916144,11,1,1,0.345726139177285,0.275581398870271,1,1,0.370559371778026,0.298975156052057,1,1,0.983658107502585,0.506993097120114,1,1,0.62543770402039,0.490556611108344,1,1
"34",0.660706769745883,0.355725270625645,13,0,1,1.23497781847423,0.581509549910847,0,0,1.28423165136857,0.594926828609206,0,0,0.942385739577861,0.519202532638818,0,0,1.02456348570576,0.578227958225672,0,1
"35",-0.0376942466867735,0.401498801965911,11,1,1,-0.171803753882868,0.432786982323739,1,1,-0.131792285602807,0.412869746171393,1,1,-0.338843625246158,0.4083034452128,1,1,0.539203265240371,0.460137764222643,1,1
"36",0.534322164578665,0.381762953422415,11,1,1,0.494097629454541,0.417728359450887,1,1,0.561755577928175,0.416260795082164,1,1,0.507886882163169,0.828324350814953,1,1,0.652575189303319,0.890854143080216,1,1
"37",-0.549954537836702,0.377456505075194,7,1,1,-0.0747536355677108,0.532577596858136,1,1,0.0153696846209484,0.590282902397062,1,1,0.162810021088585,0.582284046983162,1,1,0.338276618992172,0.639091952215237,1,1
"38",0.0790041521879938,0.368189579656679,19,1,1,0.0361231657869184,0.270959318753984,1,1,0.0451849790938945,0.31276393504916,1,1,-0.226442384447488,0.502126713550713,1,1,0.649463919339042,0.454633224899692,1,1
"39",-0.508321982540567,0.384250958013964,11,1,1,-0.0541003347949749,0.181992171378132,1,1,-0.0837027219334374,0.221767840445972,1,1,0.232618363889629,0.723395663946616,1,1,0.198633210578196,0.742604557053232,1,1
"40",0.503591773112351,0.354983155436335,19,1,1,0.217742595019419,0.556607883248837,1,1,0.185819075983788,0.56201130056235,1,1,0.0379867643883686,0.421968228447814,1,1,0.918560697069101,0.445032459734253,1,0
"41",0.380566821103827,0.488078634369117,15,1,1,0.0471570865425889,0.468382531704164,1,1,0.0487768545854815,0.485467621948122,1,1,-1.04725012124719,0.88360733416248,1,1,0.479706533427703,0.900017928501653,1,1
"42",0.949057177907784,0.519718151983544,9,1,1,0.683052308809087,0.423556627312553,1,1,0.729902876210209,0.434418552317889,0,1,1.28789513858115,0.454543029544228,0,1,0.85988554737194,0.481333986098224,1,1
"43",0.417417202608792,0.463715998284769,9,1,1,0.0178120433379334,0.547254150679828,1,1,0.0458083435431722,0.55100899151567,1,1,-0.574185420441838,0.720408477176591,1,1,0.773821877908509,0.664830718770344,1,1
"44",0.412598359469744,0.412515911889504,7,1,1,0.322883928095251,0.259667058392507,1,1,0.305008217969558,0.278170761831196,1,1,-0.359598429622234,0.553015863051663,1,1,0.407491451690479,0.465505541925112,1,1
"45",-0.291295195347766,0.421759408242014,3,1,1,-0.652005933803958,0.567637135377522,1,1,-0.634736343774696,0.580687745841765,1,1,-0.844651081269172,0.454212102698001,1,1,0.0186171311720475,0.493256556686254,1,1
"46",-0.115198702840001,0.333485785870671,19,1,1,-0.365531393572252,0.473556455805039,1,1,-0.34931577220058,0.514426836443524,1,1,-0.443344043750101,0.464777796547002,1,1,0.495364121863236,0.499752099711776,1,1
"47",0.321422492418685,0.31893545372226,19,1,1,0.333368037421294,0.894008403969497,1,1,0.140420757743046,0.820796619272976,1,1,-0.5317338291022,0.560511202387076,1,1,0.710169261815831,0.540330115313271,1,1
"48",1.04645380321437,0.329428519983886,15,0,0,0.716677910072316,0.231226039129765,0,0,0.685019549069558,0.291287076522898,0,0,1.06241002012537,0.42007133695655,1,1,0.779488987072929,0.444860552987203,0,1
"49",1.03731104455987,0.508199659674322,3,1,0,0.874337413335829,0.431782280228559,0,0,0.823464737198528,0.428774493876067,1,1,1.23833408125135,0.454951563297111,0,1,0.784306853819187,0.505030827399353,0,1
"50",0.0934447093968094,0.368178337444399,13,1,1,-0.108664332970869,0.363421811851195,1,1,-0.160303469910269,0.337653862209105,1,1,-0.23605250034007,0.43022973488703,1,1,0.439192635593991,0.423695597984234,1,1
"51",-0.0186235006601991,0.364496576903341,7,1,1,-1.58648729236483,1.4679382461225,1,1,-1.45577305043797,1.20693023602544,1,1,-0.67852503859205,0.448664107896629,1,0,0.48096280006279,0.419645891501501,1,1
"52",-0.0936661640541584,0.378263280368975,13,1,1,1.67794786648699,2.99060028239221,1,1,2.85675149511873,3.70315692594651,1,1,-0.0797942977164217,0.599326435827765,1,0,0.611885959838795,0.56171888960195,1,1
"53",0.393607001434207,0.411564222984208,9,1,1,1.90619397107073,1.67637310472074,1,1,1.7838413748263,1.47717833282886,1,1,0.512487466368348,0.44238786563336,1,0,0.674272715176129,0.480135258055342,1,1
"54",0.0256699991219496,0.372513437516909,15,1,1,0.368290482591822,0.226467455620641,1,1,0.306652158128974,0.277599563154045,1,1,1.5300742751716,0.91280876871304,1,1,0.577940278469913,1.06056915109921,1,1
"55",-0.368398363612336,0.459666498308219,13,1,1,-0.185547247508956,0.431621872425754,1,1,-0.177539663035753,0.451440612492172,1,1,-0.319786201856608,1.09755189364217,1,1,0.526458563162355,1.05148885395914,1,1
"56",0.0621711189019874,0.375532123469417,17,1,1,-0.198174745949809,0.377729616211309,1,1,-0.214083808359259,0.424388746434614,1,1,-0.0898495476307015,0.343465446326509,1,1,0.745384501980376,0.378416318888738,1,0
"57",-0.08712258916489,0.429015989822599,11,1,1,-0.0702590309137817,0.476626839846303,1,1,-0.0544229632921371,0.455506029697165,1,1,0.145677066959031,0.487766588196014,1,1,0.360082177501009,0.430317389712128,1,1
"58",0.190070174795711,0.297233540323271,13,1,1,-0.377483739333101,0.66449777356946,1,1,-0.419777799666168,0.63815377663746,1,1,0.405346791487458,0.548568621030593,1,1,0.328500717372471,0.612689193761828,1,1
"59",-0.581135957549855,0.359576345245437,5,1,1,-0.918633467896334,0.86289011463087,1,1,-0.521023418606745,0.788911391918857,1,1,-1.11965599586309,0.460606923158122,1,1,0.141523613118005,0.46462534197589,1,1
"60",-0.110688375114642,0.325245953035061,5,1,1,-0.33680673714229,0.581774638751647,1,1,-0.254385336865858,0.456758912537297,1,1,-0.284853205920825,0.35507830605661,1,1,0.33182701755079,0.355811510594218,1,1
"61",-0.830540561340565,0.373370284691501,19,1,0,-0.464810052653756,0.314982298440967,1,1,-0.473791138499443,0.329643841681223,1,1,-0.926392928978034,0.643133902819036,0,1,0.280590032297702,0.722895818984129,1,1
"62",-0.248686818624022,0.47785876815363,13,1,1,-1.26653176034809,1.32022007145328,1,1,-0.801740562958868,0.910987692251868,1,1,-0.673190942982423,0.749366218144302,1,1,0.70085499664547,0.734875093205498,1,1
"63",0.593070953605905,0.510302064462863,9,1,1,0.49094948591408,0.547245692238389,1,1,0.505759307052101,0.50740398436872,1,1,1.37732093407139,1.23206110650974,1,1,0.799290643382061,1.23938457512358,1,1
"64",-0.133092082721449,0.324696878508658,17,1,1,0.0130052470006055,0.314834191953554,1,1,-0.111274212003527,0.322787707464254,1,1,-0.0581570695955566,0.37945759135892,1,1,0.539858254531065,0.376665957152591,1,1
"65",-0.581780994674359,0.440931836106425,17,1,1,-0.281019534360535,0.355903162284347,1,1,-0.38265364636497,0.390922182696982,1,1,-0.475573199840278,0.665773450168996,1,1,0.0331107588752872,0.670075731135017,1,1
"66",-0.631440581356737,0.404144362182514,9,1,1,0.224532059329685,0.282220325053072,1,1,0.1444224959315,0.318871053083061,1,1,0.184283135196297,0.509168852156808,1,1,0.435778098860283,0.539274405373209,1,1
"67",0.00268482396443932,0.284092964803887,17,1,1,0.0271633238359345,0.275525575280646,1,1,0.0224864019926894,0.30592159994198,1,1,-0.102530201324952,0.483238374954941,1,1,0.413766634441358,0.502580815131167,1,1
"68",0.349737616593847,0.314386137199509,19,1,1,0.24249013432441,0.276083743751549,1,1,0.187306870947925,0.299127377467789,1,1,-0.57162568068593,0.545657442504739,1,1,0.619606953378114,0.50599610208145,1,1
"69",0.522861377032435,0.363249763972963,15,1,1,0.266586125582689,0.539677000218862,1,1,0.393443684656273,0.527662330725813,1,1,0.255092109529198,0.625252751682289,1,1,0.586586813903141,0.544063032116434,1,1
"70",-0.57941532040456,0.442841132217484,17,1,1,0.120760143526248,0.243571033289477,1,1,0.117820604910614,0.331436598739057,1,1,0.607111559916752,0.519121442129775,1,1,0.373335110834824,0.569883818640181,1,1
"71",-0.335081044226981,0.636443536707462,7,1,1,-4.42726325463599,4.35640902137871,1,1,-3.76884967579921,3.86176415738937,1,1,-0.825259206095228,0.805669373504257,1,0,0.498462291454413,0.829715094639211,1,1
"72",0.0592133166273656,0.458794361331669,11,1,1,-0.313372655493212,0.43288344171698,1,1,-0.334437987430015,0.590025549620469,1,1,-1.13417791912507,0.814227969178952,1,1,0.548314590247491,0.911639621961312,1,1
"73",0.134719916493775,0.411166392972013,19,1,1,-0.150080515885538,0.429271071483825,1,1,-0.153421245842703,0.386954199787676,1,1,0.22580946165262,0.860737285966115,1,1,0.472065262496344,0.78404577680788,1,1
"74",-0.171534354867831,0.425839200258892,17,1,1,-0.316317014713307,0.489673565746388,1,1,-0.247173299613742,0.46041088736449,1,1,-0.571583063667055,0.863683957089699,1,1,0.736071904634221,0.924797485092007,1,1
"75",0.878231621977989,0.339856444092153,13,0,0,0.635479997754314,0.293821987435374,0,0,0.854701266581124,0.242361789341138,0,0,0.853173376371918,0.519279297362601,0,1,0.872023663382907,0.512007052774985,0,1
"76",0.952477163514425,0.381394015632384,13,0,0,0.881878209993535,0.378263773253034,0,0,0.927390343310335,0.374803828934598,0,0,1.74781102070566,0.775702794525484,1,1,1.39034635649917,0.688296089554561,1,0
"77",0.534307853864964,0.42250282474892,13,1,1,0.756691188196262,0.292690161873222,0,0,0.818428351522334,0.332157302262379,0,0,-0.456281238198901,0.923349994786823,1,1,1.01449334721839,0.872428975791706,1,1
"78",-0.124264773411751,0.31926212936222,3,1,1,-0.871003661213532,0.591334916319493,1,1,-0.654066103242392,0.566685855651706,1,1,-0.166041550360845,0.300946657138267,1,0,0.416417203438473,0.324759926982399,1,1
"79",0.0436350396660078,0.382324096415446,11,1,1,0.220998032062798,0.245675527388344,1,1,0.178320459959216,0.296800559751149,1,1,0.0717011384220168,0.428697994273852,1,1,0.581605137202894,0.478808012156395,1,1
"80",0.618937239152132,0.410619060935958,13,1,1,0.0146920355062407,0.65391991773617,1,1,-0.126275039606222,0.676435894976225,1,1,0.573187253753454,0.684376032923001,1,1,0.771012337071888,0.692798006336308,1,1
"81",0.525712309354989,0.366098312819247,9,1,1,0.878462914713971,0.958343162514169,1,1,0.725174027133292,0.89507403212857,1,1,0.913859692938223,0.524114643791892,1,1,0.777000825948517,0.47418985643848,1,1
"82",-0.204602746481098,0.445828888507234,19,1,1,-0.0320816237807417,0.257255120418064,1,1,0.0151685047848755,0.312099495935446,1,1,-0.29504814118264,0.984575783033164,1,1,0.649218683149204,0.9255544323492,1,1
"83",0.667993651115768,0.374338152309742,15,0,1,0.88178092831098,0.677628597256437,1,1,0.886190438251228,0.605077464601311,1,1,0.966555566616975,0.597699713248513,1,1,0.943813870240805,0.619419223566187,1,1
"84",-0.376448349792961,0.408175602874254,5,1,1,-0.285853042200787,0.564375075606401,1,1,-0.320734350297859,0.504547718669277,1,1,-0.544950293405697,0.453536882480017,1,1,0.53337711561196,0.442856854977246,1,1
"85",-0.0454279157134359,0.367607001859234,19,1,1,0.27305174160931,0.345812356380219,1,1,0.102935145728255,0.363676071640427,1,1,0.0497718753683616,0.927529123168131,1,1,0.506901007940241,0.878929994005873,1,1
"86",0.691452493036532,0.381517402285431,19,0,1,0.769579214061369,0.43464856554432,1,1,0.827087573518872,0.422737672640415,0,1,0.392722973042811,1.0281949530365,1,1,0.910291319066957,1.0815416476006,1,1
"87",0.530034872753999,0.420464134032913,15,1,1,0.441163840069024,0.228655281839584,0,1,0.499272740941127,0.266249163436677,1,1,0.107556340427244,0.471266476873459,1,1,0.720519827410658,0.414753683311203,1,1
"88",-0.0910394734352633,0.332751421902114,19,1,1,0.328904868383262,0.201530914696851,1,1,0.341626022485301,0.277414758154334,1,1,0.265147725687332,0.339821997520963,1,1,0.763808203178185,0.437696078045765,1,1
"89",0.315470353646847,0.440066010851629,17,1,1,0.16537594757658,0.858124879555332,1,1,0.15187681953752,0.956443057674181,1,1,-0.216940722390778,1.01134851266385,1,1,0.568781669849979,1.09796097822745,1,1
"90",0.355364936277723,0.340262674323094,17,1,1,0.447430046946982,0.224141138504015,0,0,0.461537161503421,0.276399177618042,1,1,0.051948390958203,0.375606480605104,1,1,0.690636449044316,0.412079925373575,1,1
"91",0.0568355882281731,0.420256417728568,15,1,1,26.6263104760133,36.8169698386984,1,1,26.0257284848129,37.9952086669244,1,1,0.979223850909655,0.915884133792076,1,0,0.400413029504082,0.882465071806741,1,1
"92",0.049353891621258,0.408759113774505,19,1,1,-0.189494700979203,0.818117871054561,1,1,-0.079660504511226,0.848155490976338,1,1,-0.375937931530543,0.615143013144461,1,1,0.668827501456355,0.660798793635842,1,1
"93",0.233083354050891,0.392464950570294,11,1,1,0.581757868475089,0.261339692993964,0,0,0.609672007074263,0.350448106856115,1,1,0.446012362726985,0.398287182667439,1,1,0.676777592583656,0.405723421193558,1,1
"94",0.429778150228746,0.450191966310418,9,1,1,0.214708014211252,0.667204195956786,1,1,0.137274213641473,0.621067866125139,1,1,0.647072946144316,0.618885548781483,1,1,0.765656830516537,0.589716850422312,1,1
"95",-0.589144697423046,0.488977489045508,9,1,1,0.420272718013103,0.642316332772858,1,1,0.384933000410857,0.664667947758143,1,1,0.403648299076023,0.522653578988597,1,1,0.357308473034129,0.530960451108186,1,1
"96",0.403254420475101,0.431352031353204,13,1,1,0.230721455525258,0.318538635569667,1,1,0.307429309380314,0.348323627663638,1,1,0.115283872399589,0.860938622444163,1,1,0.745041930933315,0.831029328753453,1,1
"97",-0.562143286514227,0.35252551799732,15,1,1,0.0051008737806865,0.19462999600895,1,1,-0.00541805259505317,0.251813462783651,1,1,-0.0969779006787157,0.490873344876575,1,1,0.536060003631646,0.369888720883969,1,1
"98",0.750087972186828,0.372597617630128,13,0,0,0.798127999993192,0.417946619255191,0,1,0.707010363337327,0.510289288192523,1,1,1.32153933300563,0.499723436915904,1,1,0.747071324671882,0.573172515962669,1,1
"99",-0.0047802526805223,0.299340766026832,15,1,1,0.139534675505835,0.212427209648716,1,1,0.0279540119024321,0.256276512941164,1,1,0.165746681364617,0.341097629815467,1,1,0.36517251881167,0.416606260571096,1,1
"100",-0.0299849450098585,0.388606107490818,19,1,1,-0.368511215541876,0.526419554718227,1,1,-0.419628256400973,0.618846240721644,1,1,-0.495821712082132,0.773141069318885,1,1,0.525771508043829,0.697126547327236,1,1
