"","V1","V2","V3","V4","V5","V6","V7","V8","V9","V10","V11","V12","V13","V14","V15","V16","V17","V18","V19","V20","V21"
"1",-0.143030362631777,0.411343861872149,15,1,1,-0.013922924146835,0.233848186497102,1,1,0.121993019508206,0.307243152751843,1,1,-0.127801837073404,0.552756845160949,1,1,0.0885471165823267,0.486648464295807,1,1
"2",-0.397051146169884,0.303345028024706,15,1,1,-1.55357124265791,1.9981339070321,1,1,-1.07701033046656,1.6380467111549,1,1,-0.351677353284563,0.507573006314579,1,0,-0.295843832046188,0.438579907820846,1,1
"3",-0.407184445776302,0.435357240614172,17,1,1,-1.34012539595191,1.59460447057958,1,1,-0.246725898678054,0.900244148833716,1,1,-0.694860820703364,0.54629941536115,1,1,-0.33817054492702,0.670529717036848,1,1
"4",0.350010827591608,0.396867662723693,19,1,1,0.361494787562263,0.299026751341982,1,1,0.335940894904608,0.323214594335645,1,1,0.69746663843659,0.770055674281342,1,1,0.455043107733451,0.680056660739158,1,1
"5",-0.355354488590601,0.654178999412165,9,1,1,-0.137078284066256,0.424894734511904,1,1,-0.37785095556897,0.473458481790791,1,1,0.177889428600786,0.621516092568594,1,1,-0.303097991195392,0.669169301185266,1,1
"6",0.432542443947578,0.386509602397434,19,1,1,1.04380027779385,0.62037962617024,0,1,0.839339844207801,0.612722752392385,1,1,1.57418975087823,0.644539850648519,1,1,0.341214127499503,0.726646268348288,1,1
"7",-0.380628462717214,0.376409927645588,3,1,1,-0.0953854466440709,0.323309940046318,1,1,-0.383297272366978,0.304810237118144,1,1,-0.118426668674397,0.347621376638816,1,1,-0.0637951378843087,0.37073135059384,1,1
"8",0.136090312659289,0.387038389092141,15,1,1,0.167998288181293,0.317298245668146,1,1,0.0144035906979415,0.323661259656684,1,1,-0.279722475189938,0.486159756065102,1,1,-0.0798738443622842,0.53224562561536,1,1
"9",0.307800758970459,0.335724885012369,19,1,1,0.52498871474645,0.194531348870617,0,0,0.360616980152803,0.227619220459355,1,1,0.571703529388121,0.39289536165102,1,1,0.524328171354921,0.442195886701,1,1
"10",-0.347719110388989,0.687421594279411,5,1,1,-0.194259543648716,0.698470207196878,1,1,0.130737031276218,0.513948450082303,1,1,0.0806949780873689,0.554818209697845,1,1,-0.253126120133653,0.577881306785127,1,1
"11",0.0538251910544922,0.339263090403399,17,1,1,0.839134999624186,1.04578656710364,1,1,1.1175932647703,1.30516477730466,1,1,0.107313029632712,0.492840981031247,1,0,-0.252226566855022,0.579595558577211,1,1
"12",0.0958526776915851,0.36852864945056,9,1,1,0.907412713221627,0.495902164267615,0,1,0.575407160760358,0.430158557045646,1,1,0.389544874849364,0.361412717778004,0,1,0.083267520633838,0.398588871209075,1,1
"13",0.721023579541536,0.365549682329247,17,1,0,-1.14417747337055,2.01169065060318,1,1,-0.740885575141318,1.28361345035501,1,1,0.408470834163048,0.575452839028231,1,1,0.137371022837962,0.552211693225728,1,1
"14",0.41092571064026,0.34570266123233,19,1,1,0.027687278895216,0.337387619428909,1,1,0.130345544683923,0.395552874921298,1,1,0.376294959817739,0.395370145929248,1,1,0.0900952721487955,0.395984354440964,1,1
"15",-0.579290253638028,0.342089648235758,19,0,1,0.147939561268796,0.275023631952032,1,1,-0.139555058251744,0.431039274159437,1,1,0.366753540302704,0.434417407456239,1,1,-0.310855735588209,0.558123558875897,1,1
"16",-0.49071867157017,0.337048082529824,9,1,1,-1.29773346401619,1.89354594212166,1,1,-0.772235139270657,1.15534172241856,1,1,-0.213248771048368,0.502991156075792,1,1,-0.29582431394345,0.499851684463233,1,1
"17",-0.497344712509621,0.434305153372609,17,1,1,0.223536875119639,0.6549199084407,1,1,0.463523836678006,0.945885455064663,1,1,-0.220022248262956,0.641720155378944,1,1,0.0145407386748013,0.679740250160151,1,1
"18",-0.145204372724444,0.448829724705526,15,1,1,-0.126045038165862,0.329570910265204,1,1,-0.559484779448146,0.374777173516259,1,1,-0.632567960860073,0.480398356178864,1,1,-0.455596522360009,0.534380332146449,1,1
"19",-1.4233193700078,0.452870668899097,9,0,0,-0.954820397575454,0.590184906237752,0,1,-1.24259305942422,0.490517990296243,0,0,-1.57541874389324,0.770098416111147,1,1,-0.76737723317769,0.78534496162213,0,1
"20",-0.268114517762884,0.325033634552435,19,1,1,-1.50193601229768,1.67337361949636,1,1,-1.56129790067278,2.30949080758507,1,1,-0.195726617649598,0.446237585983035,1,0,-0.440591878747515,0.433307295533292,1,1
"21",0.47947182228531,0.376788368365676,11,1,1,0.953813274450283,0.775889545175298,1,1,0.80524557433337,0.884956447888606,1,1,1.49015736878819,0.811610179429789,1,1,0.0475626207253683,0.803460245736896,1,1
"22",-0.719592217819379,0.559730094076594,13,1,1,-0.159967454456259,0.325385765905764,1,1,-0.611786943273976,0.316984983182156,1,1,-1.05261068346668,0.888480942618007,1,1,-0.341563128635826,0.63945214065343,1,1
"23",0.251968985674124,0.388629754649305,15,1,1,0.0396482480034808,0.319451470776213,1,1,0.0730428743215533,0.282972022371581,1,1,0.0744427445906558,0.311476309341845,1,1,0.162807906359715,0.307082452284856,1,1
"24",0.174040410295911,0.400033564207245,9,1,1,-0.177361980000265,1.32023280001708,1,1,-0.329804914053998,1.15225118357612,1,1,-0.3369259960459,0.640543941767793,1,1,-0.0195742538441655,0.680919268549236,1,1
"25",0.150309432597726,0.325472497679521,11,1,1,1.03106426649342,1.18831958216337,1,1,0.982032246427194,0.911313776220921,1,1,0.547284034759996,0.507142344463621,1,1,-0.0138528309911828,0.442942559935263,1,1
"26",0.145540684210871,0.421675066463387,3,1,1,0.434593159206221,0.286595040732083,1,1,0.230995735335202,0.316975858235467,1,1,0.494704741767782,0.385156439573261,1,1,0.179683625775335,0.437476703246793,1,1
"27",0.235037720830574,0.343050833646908,19,1,1,1.13601772094725,0.745904207471886,0,1,1.14234340381577,0.698686821088915,1,1,0.641645137648047,0.503437147614723,1,0,0.241297697304085,0.483230922213633,0,1
"28",0.382710594617779,0.32098991076814,9,1,1,0.497659123863918,0.200721061980097,0,0,0.330168800401236,0.250540883468806,1,1,0.606720783894228,0.472401388216065,1,1,0.335923016456472,0.462428857255813,1,1
"29",0.487845392331564,0.358770465334279,13,1,1,0.526512570419932,0.217325124516947,0,0,0.228412361073418,0.274189211091637,1,1,0.930065054742693,0.616117904292326,1,1,0.248341616935564,0.655630194356979,1,1
"30",-0.060875946126916,0.371960495461047,15,1,1,-0.248526361214624,1.10766698618993,1,1,0.00558117819148218,0.524232412836568,1,1,-0.00797798031669436,0.704555029172783,1,1,-0.201274309599129,0.683467946847841,1,1
"31",0.238317411230882,0.427561206372642,19,1,1,0.0932263281266405,0.360426020004134,1,1,-0.133370776232002,0.385219884815525,1,1,-0.153748210934431,0.673155958846297,1,1,0.106402117417273,0.611615017474748,1,1
"32",0.866642323366603,0.416927902073434,13,0,0,0.289482285639096,0.568669992982439,1,1,0.124367406514089,0.582977050298955,1,1,0.0736232231742543,0.8247894529583,1,1,0.230172151927812,0.75123817974514,1,1
"33",0.0325920094894547,0.441139887196932,13,1,1,0.387576761291342,0.317865801303351,1,1,-0.00833741611686353,0.341472073261275,1,1,-0.368118753772911,0.823488017302923,1,1,0.00673036686438201,0.745256035325959,1,1
"34",0.302996303602159,0.443225815996216,9,1,1,0.394209840749931,0.218984512845732,0,1,0.157881500288756,0.298149923188087,1,1,1.76270395988843,0.84836626908513,1,1,0.190233070025266,0.9297990508107,1,1
"35",0.116098049880838,0.402179596512105,17,1,1,1.09591949031774,0.639496267593927,0,1,0.67945071085519,0.615004987882636,1,1,1.70663463441695,0.92191018236579,0,1,0.082136220171242,1.05253461545496,1,1
"36",0.802844401745082,0.352067612149683,1,0,0,1.22124909595737,0.304171664994723,0,0,1.08945793416989,0.355753328254902,0,0,0.848167948277338,0.382719379832095,0,0,0.802844401745082,0.322992774517798,0,0
"37",0.479355632632254,0.462493195836219,11,1,1,0.410835378988549,0.306099391896788,1,1,0.496663705083645,0.357478560827561,1,1,-0.134795441894816,0.930495087898881,1,1,0.73864038553412,1.04540013860232,1,1
"38",-0.095631296800782,0.448792857095921,13,1,1,-0.00988043637509821,0.379975932968142,1,1,-0.287060673570854,0.38350859124645,1,1,0.129547002610935,0.703883989847479,1,1,0.197476509087202,0.655819593423242,1,1
"39",0.103935109890254,0.357108229877941,13,1,1,-1.01157052672285,1.00094356632203,1,1,-0.869420182249192,0.680090190479211,1,1,-0.183954561263533,0.527672166036649,1,1,-0.212834649270487,0.552479414564273,1,1
"40",-0.41614118005594,0.420638424599544,13,1,1,-1.20449397046242,1.10158874204894,1,1,-1.08909313938275,0.736363808319752,1,1,-1.14777042788043,0.830103504164291,1,1,-0.340444205671406,0.919884909286388,1,1
"41",0.219989705645899,0.44166243358912,13,1,1,0.241663506884471,0.362718599418255,1,1,-0.101563413157509,0.509775416471427,1,1,-0.203540074555591,0.547271646912518,1,1,-0.143953475279343,0.573954719333651,1,1
"42",0.477838587093992,0.338599395898578,19,1,1,0.703827810380589,0.265799256901532,0,0,0.539234176086162,0.327365546443487,1,1,0.756270440722549,0.512658718628234,1,1,0.293078510579982,0.443140146375717,1,1
"43",-0.145770615092243,0.362988959022861,13,1,1,-1.0691780416864,1.38367444534298,1,1,-0.39947769571697,0.850923071195216,1,1,0.00880927219741742,0.42038103446333,1,1,0.101783550338486,0.411778627779676,1,1
"44",0.212546866807517,0.404139430606629,15,1,1,0.619895096531217,0.240854258544384,0,0,0.535525317333202,0.363020778511555,0,1,-0.414469845968041,1.08436569624259,1,1,0.205434066543373,1.00053231452209,1,1
"45",-0.625030507217485,0.330065956318398,15,0,1,-0.324037286906555,0.357632314454839,1,1,-0.764196894311428,0.309291086592951,0,0,-0.765719631940003,0.409103069531749,0,1,-0.484897608672645,0.393687170842236,0,1
"46",-0.324922276600787,0.308322354791987,11,1,1,0.0257490207917587,0.254917904053984,1,1,-0.44421370281061,0.281196442420704,1,1,0.0371128619414332,0.352859651433447,1,1,-0.364392270488851,0.382710889240896,1,1
"47",-0.103422631442402,0.381103099274264,15,1,1,0.320689587027301,0.277262912873623,1,1,0.117509807113361,0.282303154390777,1,1,0.468770147535202,0.557415740853809,1,1,0.302060906256165,0.544999242804293,1,1
"48",0.387298446576051,0.343988834488467,17,1,1,1.31896122294781,0.606105150085626,0,0,1.19257943670054,0.444892066524083,0,0,1.23382438744076,0.438014104134021,0,0,0.714219893477441,0.448733455786714,1,1
"49",-0.117795853525398,0.362791172015934,9,1,1,-0.475515888854208,0.636440933497353,1,1,-0.229337388215362,0.419180314233848,1,1,-0.916584019272246,0.714321890962703,1,1,-0.239977617817823,0.691637479524324,1,1
"50",-0.172618781666786,0.393610987289128,13,1,1,-6.30799111856881,6.45528653263146,1,1,-5.79939150995287,7.88817478659264,1,1,-0.7573057555689,0.656930879848784,1,0,-0.171578174538118,0.646804797717868,1,1
"51",-0.126706807031593,0.382823714733132,15,1,1,-0.227083615417755,0.413057731736893,1,1,-0.282432934703181,0.34288771545739,1,1,0.0489357217734654,0.428131306995565,1,1,-0.290480202349795,0.4607263932635,1,1
"52",0.613093176871479,0.449836754024744,13,1,1,0.52183863997266,0.421561136157403,1,1,0.328705973012563,0.430433667795659,1,1,0.752482813237154,0.510674531640819,1,1,0.076832185552594,0.523200490091809,1,1
"53",-0.16259176152552,0.421799316133084,7,1,1,0.192130751076157,0.297702056030741,1,1,-0.0553618897366072,0.314486541472097,1,1,-0.119054513721682,0.515525396051712,1,1,0.160662279614403,0.442669069890009,1,1
"54",-0.522984894683691,0.428458023914017,11,1,1,-0.0865384766711823,0.231099889930585,1,1,-0.423658017686381,0.313125060839846,1,1,-0.58176488666861,0.532532626763945,1,1,-0.39154776099474,0.499953782953083,1,1
"55",0.414870414740816,0.316262128119052,15,1,1,0.498831563137291,0.213613786413271,0,0,0.311592228736114,0.267029754231372,1,1,0.767344369592795,0.559441974949524,1,1,0.0688821225464494,0.565887890348979,1,1
"56",-0.715573958397413,0.497435202586708,7,1,1,-2.81349950910716,2.70220450749432,1,1,-2.85081391583497,2.40899874057193,0,1,-0.635035827240428,0.453324572496254,1,0,-0.144698593354005,0.509845613720905,1,1
"57",0.387491424551767,0.505387334332577,7,1,1,-0.0425617845468824,0.735667018208606,1,1,-0.0127958926208901,0.362986849356002,1,1,0.194857372532947,0.83418968023747,1,1,-0.0601589079320808,0.907756648505894,1,1
"58",-0.421812042634261,0.434876969532383,3,1,1,-0.455267295583135,0.602208849587019,1,1,-0.694354686000485,0.68933839063117,1,1,-0.592227304910306,0.552550344600516,1,1,-0.405036766650558,0.485749615130545,1,1
"59",0.286375838578085,0.414407162268473,17,1,1,0.563414085108359,0.251468429383142,0,0,0.841330440622298,0.565454431623953,1,1,0.738478969383629,0.608481898303305,1,1,0.267811335410271,0.465155844850635,1,1
"60",1.15469864891853,0.543671213024734,5,1,0,0.955759294298456,0.430495296986206,0,0,0.626563020291948,0.507423857051322,1,1,2.49667376291017,0.699548324242548,1,1,0.531427918787114,0.720356760726253,1,1
"61",-0.333431004392888,0.441052983441515,13,1,1,-1.42586059205619,1.61166474819124,1,1,-0.987521209898115,0.812948187229506,1,1,-1.00882737212867,0.618041421300006,1,1,-0.406828629125676,0.522850513954632,1,1
"62",0.0194897068111328,0.375625712998674,13,1,1,-0.197167356360835,0.867424042397065,1,1,-0.110172950835315,0.593054524010388,1,1,0.724581541362388,0.947748112419716,1,1,0.41195054576635,0.95874704420855,1,1
"63",0.024640662475595,0.441013335705796,17,1,1,0.508961636602639,0.265012630697472,0,1,0.242460712822737,0.303963679671924,1,1,0.50844592062846,0.584196576428614,1,1,0.0773316464162431,0.537872439495782,1,1
"64",-0.046269075665488,0.459769364185635,19,1,1,0.0733668530287961,0.249140674550034,1,1,-0.145493935808479,0.330270837589378,1,1,-0.901230421755455,0.455663643424412,1,1,0.167644928164188,0.532660785336828,1,1
"65",0.518113179622077,0.371214118957688,19,1,1,0.562725214892546,0.248999087456756,0,0,0.442695748772543,0.336615012382834,1,1,1.1389414454036,0.509310212594644,1,1,0.0582388803115632,0.513834306594363,1,1
"66",-0.158125506758156,0.356445557916305,13,1,1,0.890655711179516,1.19484094111519,1,1,1.2516813857384,1.60019459609597,1,1,0.255073080338962,0.449804551568039,1,0,-0.0701041096655735,0.487815569494583,1,1
"67",0.235473738158617,0.381151023430271,11,1,1,0.102474613002486,0.633164623364266,1,1,-0.0938220370575124,0.398267129717991,1,1,-0.120274800535426,0.398263545211183,1,1,-0.0564504376233973,0.426584027449811,1,1
"68",-0.281336846716774,0.439267206797251,11,1,1,0.446418864390909,0.527113234306628,1,1,0.25433732052487,0.615088969041502,1,1,1.12856273995583,0.864122752273584,1,1,-0.00898200051280094,0.917659300021392,1,1
"69",-0.294324542052978,0.384483398582168,13,1,1,-1.10326681650345,1.3032299661427,1,1,-1.09635277362513,0.863063825180458,1,1,-1.26535002828493,0.569467980899763,1,1,-0.221856864068341,0.561591122713618,1,1
"70",0.515169991442451,0.537656127148436,11,1,1,0.184823104636495,0.289822423079882,1,1,0.383884885171133,0.457118669679761,1,1,-0.391526272885612,0.928283413532651,1,1,0.287666119550985,0.772095681786421,1,1
"71",0.0179864535688353,0.336959142290307,11,1,1,0.178471114215161,0.224004991765654,1,1,-0.063933592423533,0.2669336032472,1,1,0.703994873531219,0.455917777461338,1,1,0.00637006009619196,0.35435187269826,1,1
"72",-0.0929462312077527,0.421016376032765,13,1,1,0.119372732663146,0.314339557853858,1,1,0.026665294516668,0.346286887311503,1,1,0.150703308224981,0.405788755383619,1,1,-0.269073857062904,0.567571029337587,1,1
"73",-0.446960195972956,0.373409327514443,19,1,1,0.078989288032399,0.296798895938679,1,1,-0.452047634024631,0.310140508576629,1,1,-0.79434620888241,0.800220805942469,1,1,-0.393358954620269,0.854732626895596,1,1
"74",-0.118313829817425,0.425513357600957,13,1,1,0.173601162535494,0.328367718542551,1,1,0.0331340534891828,0.332312341137006,1,1,0.3210342008886,0.617930274175203,1,1,0.0902767051000665,0.700447243607551,1,1
"75",0.718875680362355,0.369797439882957,15,0,1,0.800811609731815,0.251761429376695,0,0,0.516033900340663,0.3092618501912,0,1,0.454591257541502,0.48453071337283,0,1,0.0812335959547858,0.545507192106861,1,1
"76",-0.32199288503769,0.282614596961335,17,1,1,0.631402839175378,1.0981082552665,1,1,0.757878856681673,1.26840939600407,1,1,-0.426717561748189,0.422089942315401,1,1,-0.229897462124809,0.482802405194245,1,1
"77",-1.30906909286199,0.771647980408721,3,1,1,-0.133139887451312,0.307024074579583,1,1,-0.440763144648329,0.358764865690306,1,1,0.082070336794003,1.0169460818831,1,1,-0.143562218751941,1.1082994179588,1,1
"78",-0.474923917018049,0.399834626825716,11,1,1,0.209494158263069,0.217651714870358,1,1,-0.341523379318694,0.294997723587539,1,1,0.130681048405948,0.605800473636482,1,1,-0.329512547368936,0.664315802838692,1,1
"79",0.370033528664049,0.341857071924166,15,1,1,0.376777633720637,0.257983769243623,1,1,0.27593383714658,0.2381047987745,1,1,0.290098386839485,0.302039722292152,1,1,0.346530196176506,0.299260842326128,1,1
"80",0.105980755175803,0.436520173257691,17,1,1,0.169590294546244,0.407243779199186,1,1,-0.156735994439415,0.42350127152036,1,1,-0.366973680394573,0.687461458391172,1,1,-0.335391186550017,0.608670533627181,1,1
"81",0.107526421631955,0.393889555672415,5,1,1,-0.114555739513113,0.279485033695034,1,1,0.158278017400008,0.533427689452213,1,1,-0.0313007255447552,0.308945462444174,1,1,-0.170869494041528,0.453727726478078,1,1
"82",-0.214245203267709,0.415365250111859,19,1,1,-0.982076370590964,1.37290638126652,1,1,-1.08436945814546,0.967829860246891,1,1,-0.699357563929743,0.586631083244036,1,1,-0.0886104703580715,0.607142869780062,1,1
"83",0.307804835389929,0.348278003283541,15,1,1,0.286108100031964,0.402288130569497,1,1,0.391160759196622,0.243679803818371,1,1,0.688749004003103,0.385058238110231,0,1,0.176338411621683,0.408848133552444,0,1
"84",-0.0893742964231122,0.353869528060817,11,1,1,0.184167177270845,0.332800196952148,1,1,-0.0720414742584403,0.351842768776735,1,1,0.325485503979456,0.560050643651417,1,1,-0.154765434380564,0.637054666549721,1,1
"85",-0.0638071529982383,0.337873730885182,13,1,1,0.0765287476542988,0.258996638378281,1,1,-0.212576299728178,0.349917964438007,1,1,0.287327317452861,0.513153533537105,1,1,-0.225914758172807,0.692813635165431,1,1
"86",-0.236243802942436,0.307246442022249,17,1,1,-0.22595573188248,0.395873327020413,1,1,-0.40472177527947,0.32943712501371,1,1,-0.145466299815976,0.437854388496814,1,1,-0.184378574552825,0.480518734611935,1,1
"87",0.0276454852415203,0.387497371844739,15,1,1,0.658428793826205,0.22579338821308,0,0,0.315647439515215,0.295986280588939,1,1,2.2535772920726,0.978673439537051,1,1,0.236585911756536,0.952546317146679,1,1
"88",-0.451658979720271,0.419264887064581,7,1,1,0.263135335998715,0.209047087447745,1,1,-0.212069129246086,0.304650466038559,1,1,-0.560148668650786,0.485807269388777,1,1,-0.255933368573709,0.435525683908072,1,1
"89",-0.0653582277624053,0.46054944501959,9,1,1,0.225326119442558,0.254085670033038,1,1,0.000678808021268285,0.302137509469656,1,1,0.724977207833472,0.85435606153793,1,1,0.150545699547004,0.804352847949766,1,1
"90",-0.0449953163585485,0.532768436074445,15,1,1,-0.088626209046514,0.406215245068736,1,1,-0.341522545809909,0.435408858617198,1,1,-0.0818733919677597,0.53885947306566,1,1,-0.14842808257575,0.706287924488782,1,1
"91",-0.363278762738134,0.477248470910864,13,1,1,0.310922634304128,0.348548886609276,1,1,-0.0850186598746458,0.375661769694373,1,1,1.22543827399084,0.550554432146006,1,1,-0.306943301377171,0.525041424208208,1,1
"92",0.204145620508747,0.344608311373115,19,1,1,0.281375272711991,0.514905837080037,1,1,0.111297081624502,0.532361982288154,1,1,0.697976581339946,0.478832140254578,1,1,0.21292319298042,0.562743936859491,1,1
"93",-0.412471281072256,0.419494616097916,13,1,1,1.29438417113351,2.20407589241886,1,1,2.1124950918826,2.98471724715983,1,1,0.254713231646584,0.666515165126996,1,0,-0.333997726181699,0.676941290910717,1,1
"94",0.275480580515074,0.367498023079628,7,1,1,-0.61742743991384,1.24925370142347,1,1,-0.25243001952528,0.641039337016044,1,1,0.352987380460014,0.48282629735798,1,1,-0.0259522823568754,0.418454859548664,1,1
"95",0.0444489330949398,0.472201335923672,13,1,1,0.172965278915746,0.447796644159235,1,1,-0.188665992377814,0.554691330530671,1,1,-0.82132805654681,1.02553498957285,1,1,-0.0102266380216623,0.990280455318651,1,1
"96",-0.172981997732191,0.506574767881312,11,1,1,0.210480917870662,0.390970692371957,1,1,0.128414460297284,0.378502603291157,1,1,0.35225411715466,0.924604232716573,1,1,0.205764017128556,0.89856188062604,1,1
"97",1.32885620856386,0.514703323393347,1,1,0,0.903438973222989,0.389397620490506,0,0,0.572285057341827,0.517340365373902,1,1,1.47946084466091,0.443976466745098,0,1,1.32885620856386,0.497048742527391,1,0
"98",-0.0639766972553402,0.367009642827866,17,1,1,-0.46030989112586,0.584563167967107,1,1,-0.69293718599856,0.515792336553691,1,1,-0.408530372495569,0.486534883810094,1,1,0.139893684280206,0.563668341903688,1,1
"99",-0.217127933871789,0.471440791920903,9,1,1,0.175506419739798,0.37957836799249,1,1,-0.213543334352624,0.4283599561233,1,1,0.446620307355209,0.691646008872243,1,1,-0.375099296874537,0.569603644878387,1,1
"100",-0.223000366035723,0.403737612950197,11,1,1,-0.019073560029067,0.329237726280738,1,1,-0.28589843124057,0.372700522099081,1,1,0.0249351235759555,0.493757226389015,1,1,-0.204947956862134,0.490684281386035,1,1
