"","V1","V2","V3","V4","V5","V6","V7","V8","V9","V10","V11","V12","V13","V14","V15","V16","V17","V18","V19","V20","V21"
"1",0.284141878701059,0.29807608638209,1,1,1,0.741532204297362,0.17904744804585,0,0,-0.0605686301464003,0.217148008012202,1,1,1.06926313168019,0.283676502557755,0,1,0.284141878701059,0.311220075012974,1,1
"2",0.0719043092487716,0.305190085916504,15,1,1,0.74870043517207,0.230208981683048,0,0,0.130332505791399,0.312568472068584,1,1,0.681659465063427,0.267593268728595,0,1,0.154512589075506,0.325648836679452,1,1
"3",-0.148002927657071,0.267772567920963,11,1,1,0.572174320964379,0.175610977335544,0,0,-0.0952337795578443,0.272259153419883,1,1,0.509463639865702,0.228169707435774,0,1,-0.068492050144832,0.266558838625465,1,1
"4",-0.406158191453342,0.275756640724429,3,1,1,0.619247043922816,0.227367096205744,0,0,-0.376522686277237,0.262735088107491,1,1,0.338543042591264,0.304631745102578,0,1,-0.46022112324422,0.326088808057968,1,1
"5",-0.519639857069044,0.375379475121102,13,1,1,0.074167392363363,0.207543572837985,1,1,-0.673567447020764,0.309611448761593,0,0,-0.00476818650665733,0.262596294142158,1,0,-0.66824669240172,0.334685579734557,0,0
"6",-0.297758649936619,0.297487487126603,9,1,1,0.420557787927025,0.236345901740171,0,1,-0.288362915523005,0.266588661445445,1,1,0.466978390537863,0.270982027146645,1,1,-0.0759253539456361,0.281769410459888,1,1
"7",0.152087323912792,0.320362964148389,15,1,1,1.08744968351793,0.261428016162298,0,0,0.239778520917097,0.300208707156501,1,1,1.23542711254192,0.28867661404831,0,1,0.14612825353544,0.322619752966532,1,1
"8",0.35663615434465,0.294379962686615,19,1,1,0.88180002334004,0.194733971986241,0,0,0.30865745253205,0.270934123374128,1,1,0.892933089366048,0.237542829937081,0,1,0.198638605631787,0.305199016414312,1,1
"9",-0.520977905849858,0.308564146966752,15,0,1,0.459051652594488,0.266077686120587,1,1,-0.442581229682536,0.311076275769041,1,1,0.510296472238742,0.275626540463726,1,1,-0.516789772385207,0.320964474066292,1,1
"10",-0.0690507998217816,0.313237872845687,15,1,1,0.443915700088711,0.280411173109305,1,1,-0.0540342220334321,0.308203258795301,1,1,0.496360734397119,0.261806597713297,1,1,-0.0799575707634451,0.312924879591596,1,1
"11",-0.448024517869436,0.298408991626071,19,1,1,0.564351543880833,0.246865638693412,0,0,-0.391815497748766,0.337974224698784,1,1,0.510495061728229,0.326810078965485,0,1,-0.463277829764031,0.421302317831552,1,1
"12",0.1004034895861,0.357579619383352,17,1,1,0.800586357183603,0.199174301620747,0,0,0.112773458473064,0.261070052482713,1,1,0.52287779895897,0.444482447833775,0,1,0.138751757834434,0.489230904775007,1,1
"13",-0.299843916731818,0.303496924186395,17,1,1,0.606727392269716,0.220159480232742,0,0,-0.289848952171278,0.251341843675763,1,1,0.834136643654747,0.293809642083191,0,1,-0.342471676858906,0.327736047999616,1,1
"14",0.571226138406797,0.360829936403647,7,1,1,0.961720163873533,0.2297830574495,0,0,0.452571441342915,0.344307882165483,1,1,1.22880011948173,0.266478414505785,0,1,0.564032331071228,0.338838095702043,1,1
"15",-0.222056155359358,0.325813000406006,5,1,1,0.459427110608723,0.217661256014532,1,0,-0.020681111770954,0.237014947929412,1,1,0.202313291403152,0.288912389277743,1,1,-0.0126248632933603,0.303664902488543,1,1
"16",-0.263612686850987,0.273182746194001,19,1,1,0.450243522320894,0.267918425209703,1,1,-0.293057832481676,0.308893854150268,1,1,1.1044286044725,0.395714265852906,1,1,-0.139405578351687,0.364255323154434,1,1
"17",-0.444375164686622,0.315227033149668,3,1,1,0.169937460147799,0.23466745167668,1,1,-0.457255226765786,0.263621856984274,0,1,0.230887839895849,0.2530811957651,1,1,-0.440465390641317,0.317480127179223,1,1
"18",0.513430021762357,0.250957148419146,15,1,0,0.989802054136506,0.203010127997563,0,0,0.44180333236009,0.287808198142816,1,1,1.15796798400763,0.285560472598451,0,1,0.295819498334744,0.317817037250594,1,1
"19",-0.202415722549041,0.30189579716973,11,1,1,0.626800599657535,0.20016532524149,0,0,-0.195307508152626,0.306328447070551,1,1,0.596213345502085,0.332775344488483,0,1,-0.235951504398502,0.374349749076522,1,1
"20",-0.0295360647678608,0.285342784964259,11,1,1,0.605055233525273,0.232802401855278,0,0,-0.0996618346700598,0.279756574520176,1,1,0.63181063301976,0.223576992360284,0,1,0.0336045747885778,0.261330399311675,1,1
"21",0.107105876907802,0.387627520044384,19,1,1,0.738693510440593,0.255573884700439,0,0,0.0587942098322176,0.326030338659392,1,1,0.86154506497938,0.445525743228354,1,1,0.0319063681965866,0.456737087845611,1,1
"22",-0.106647468419073,0.296593869712306,11,1,1,0.667867911352661,0.220009140803783,0,0,-0.099285849086905,0.258796993799412,1,1,0.771087600549112,0.288746907711799,0,1,-0.105631806916229,0.321658285356159,1,1
"23",-0.0536154461384921,0.251618823401887,15,1,1,0.808842366061079,0.19987983437642,0,0,0.025718634344435,0.290598146303658,1,1,0.892027277320464,0.239548787269986,0,1,-0.0818562496131085,0.304841164812769,1,1
"24",-0.262876782615136,0.313599712192157,7,1,1,0.392800161820471,0.281090227941792,1,1,-0.229311710130287,0.277947972690939,1,1,0.534771621729597,0.296678619657443,1,1,-0.309752845559717,0.357675770832513,1,1
"25",-0.0280926260042533,0.32821077374533,11,1,1,0.450614171084932,0.315003748912636,1,1,-0.212503864699042,0.372795493695659,1,1,0.779917466896177,0.314091682879869,0,1,0.0390643516751391,0.362500864911668,1,1
"26",0.0965728759862125,0.372379218413014,19,1,1,0.9914845209306,0.215656916398008,0,0,0.189576552197362,0.293742059805444,1,1,1.06747612289005,0.345366229913805,0,1,0.207638132658793,0.401069431002055,1,1
"27",-0.272789273942481,0.343571711820832,3,1,1,0.367432440885837,0.229813874889611,1,1,-0.499299827802535,0.286023917015707,1,1,0.714137445259188,0.274262189286832,1,1,-0.310429026094905,0.318909190959666,1,1
"28",0.161583464937252,0.294555041771547,7,1,1,0.788775033757253,0.203117783200818,0,0,0.184824088625287,0.257980995148895,1,1,0.633724729439411,0.261611148588092,0,1,0.0925172940023018,0.318870972911392,1,1
"29",0.294604695757603,0.321883569768137,9,1,1,0.812973749444573,0.259383552860259,0,0,0.248757351170251,0.298369250413241,1,1,0.695683215299128,0.305814446695134,0,1,0.278289573410985,0.294316757728708,1,1
"30",-0.101755857041288,0.344468023862403,11,1,1,0.720069763642205,0.216243218052771,0,0,0.106932072872765,0.320075845043587,1,1,0.673061681886437,0.282745115904147,0,1,0.107241006433887,0.316839200939384,1,1
"31",-0.541674709730589,0.384013746968496,5,1,1,0.493377310655544,0.301651823733556,1,1,-0.270195143908985,0.328180541142108,1,1,0.402663409311149,0.261171664451261,1,1,-0.432592666878174,0.287114566393822,0,1
"32",0.114624478658287,0.345555609667466,3,1,1,0.412406195808958,0.226732288947074,0,1,0.100118841087136,0.331211888449851,1,1,0.576578529855358,0.267935501407657,1,1,0.234049108401707,0.325685932990038,1,1
"33",-0.211533213031533,0.245841498021503,17,1,1,0.44316174582173,0.204595449132782,0,0,-0.185532871755536,0.243575275779416,1,1,0.578151420078281,0.292275335407668,1,1,-0.131286714305869,0.347832569774314,1,1
"34",0.187067710161759,0.29954629398172,5,1,1,0.742242900268301,0.208558398016556,0,0,0.047752289847534,0.331693438567158,1,1,0.84736488009732,0.315951024293813,0,1,0.0203415731809562,0.319344435075954,1,1
"35",-0.147183633053494,0.292417569388415,11,1,1,0.496256861359754,0.213652613529307,0,0,-0.000673080259999335,0.275003225273421,1,1,0.332291705199627,0.237135685191527,0,1,-0.0731468027120405,0.276575697009868,1,1
"36",0.6202336911467,0.362466023062858,7,1,1,1.14101636124676,0.257037901287364,0,0,0.612514903616263,0.313156081987159,1,1,1.29145986440688,0.293501437172436,0,0,0.555513695005779,0.359416149570312,1,1
"37",-0.186717735911399,0.270610820749921,3,1,1,0.496014608094733,0.233305207749558,0,0,-0.0887513173527356,0.272049437250484,1,1,0.368938373916328,0.235548451174948,0,1,-0.142218403229964,0.300108869514987,1,1
"38",0.0474739973853067,0.368883659531814,11,1,1,0.529067455951291,0.223429633332431,0,0,0.00870171068043966,0.290952551367329,1,1,0.518968221572019,0.298703522449137,1,1,0.0457633575199604,0.40292784260035,1,1
"39",0.00253501962687479,0.324394529429251,11,1,1,0.90055134003908,0.266136871477034,0,0,0.143767040576266,0.312982876912105,1,1,0.857617609359995,0.327607441355757,0,1,0.0403777208286926,0.387452621559915,1,1
"40",0.165125010067187,0.279411694097956,17,1,1,0.782266255916666,0.206072711493178,0,0,0.128065912606682,0.267335775346419,1,1,0.894568100151378,0.260247721600711,0,1,0.0527168908781651,0.278706929270558,1,1
"41",-0.079271740298523,0.330458493249769,11,1,1,1.08335611214383,0.500190313377891,0,0,0.246922571406036,0.473956012169293,1,1,0.659919058675224,0.251440646481494,0,1,-0.103166727270164,0.336237173062585,1,1
"42",0.224291187090445,0.299601620636974,19,1,1,0.670561250616704,0.250382543275842,0,0,0.258657202712945,0.30607634987063,1,1,1.11282414714245,0.446318202878298,0,1,0.322333638972179,0.469070812299166,1,1
"43",-0.03385080128642,0.347715034006415,17,1,1,0.593738761786735,0.283539449125926,0,0,-0.0174975239021661,0.342637805791687,1,1,0.767051512363494,0.315811899500294,1,1,-0.0646559454285679,0.364544105419191,1,1
"44",0.307994699471562,0.352492290348444,15,1,1,0.481572275591028,0.246216569892242,0,1,0.193711031921499,0.326494070618002,1,1,0.670360961578701,0.298320026141303,0,1,0.388542107450425,0.320550307592561,1,1
"45",0.252075975880825,0.296966467993042,11,1,1,0.816978761347218,0.218866549337587,0,0,0.172898393565201,0.261810727444061,1,1,0.602260787574103,0.22919195788087,0,1,0.254872116772217,0.307977804106348,1,1
"46",-0.408069017363293,0.261718827271071,17,1,1,0.650528709665768,0.222046037381967,0,0,-0.292938627990458,0.301057930533678,1,1,0.630279153976397,0.297934928882497,1,1,-0.212685770724948,0.312274798562816,1,1
"47",0.288688987420196,0.335062613808151,3,1,1,0.907247212818123,0.210117208162281,0,0,0.288305425098878,0.276887208251471,1,1,0.899092287702888,0.276152682530343,0,1,0.25028769335497,0.313838497746529,1,1
"48",0.125398698686966,0.269710208137949,7,1,1,0.585551124681851,0.186646261554398,0,0,0.181232446439655,0.224824766299457,1,1,0.597648163174481,0.24587053621082,0,1,0.155303911630202,0.330148065003635,1,1
"49",0.0430205408700255,0.307968214153806,5,1,1,0.643610263701917,0.243698292740246,0,0,0.0211792761470222,0.314891443588488,1,1,0.499375679701451,0.242031513032258,0,1,0.0886074984084508,0.305787853488771,1,1
"50",0.212544251883387,0.339453067884389,19,1,1,1.06268671737993,0.243087235001525,0,0,0.290693730221652,0.33189526846206,1,1,1.21941479021598,0.277924634143743,0,1,0.293570425493471,0.336816514168463,1,1
"51",-0.0700237388757287,0.351177625820699,7,1,1,0.696166537116336,0.266631590247788,0,0,-0.0572364834626224,0.334239730727518,1,1,0.357765921000999,0.309738869835606,1,1,-0.150334901019937,0.39157096482534,1,1
"52",0.075719182474296,0.330710124091222,11,1,1,0.764229773949192,0.232477318378404,0,0,0.0447993719068939,0.305241107806434,1,1,0.543104991129699,0.316145383524033,0,1,-0.0648274029880039,0.381738459966207,1,1
"53",-0.538485881343982,0.302237790333944,1,1,1,0.489452703462012,0.267636304540671,1,1,-0.227287638311672,0.281953578519132,1,1,0.129097707031768,0.28993183530133,1,1,-0.538485881343982,0.26924038335995,1,0
"54",-0.185253424355498,0.30929826245812,17,1,1,0.626416359694894,0.232914828204553,0,0,0.100443404639746,0.355422162345772,1,1,0.960886874854627,0.392935881479435,1,1,0.326503902677524,0.510027455520867,1,1
"55",0.222124589891396,0.278406411824508,13,1,1,0.911093218287132,0.23328650484185,0,0,0.232817947696084,0.271487034787058,1,1,0.936658719892422,0.239210601263914,0,1,0.285690150356962,0.254596835179685,1,1
"56",0.0804818160270035,0.332203156299832,15,1,1,0.805003558768546,0.219693390434112,0,0,0.161370654622968,0.255160687565915,1,1,0.626913822757593,0.283384337764282,0,1,0.0673903707832889,0.411850894485902,1,1
"57",0.329302943495471,0.271986869979763,7,1,1,1.11452886157,0.230346687205676,0,0,0.315187869382835,0.302228759595243,1,1,1.3048099742207,0.304040640658542,0,1,0.161318090859788,0.299705581891838,1,1
"58",0.0666979284088332,0.340723584768756,15,1,1,0.748836699528674,0.23750881143198,0,0,0.248520214270306,0.331911247039347,1,1,0.516307093801123,0.323830985153336,0,1,0.193661599452589,0.357353907399052,1,1
"59",0.324435356665622,0.330989086745306,7,1,1,0.840023350473612,0.234015713294885,0,0,0.298973990919827,0.311220434760567,1,1,0.59445832797311,0.306744123348885,0,1,0.298603711179937,0.310916464000008,1,1
"60",0.229207929878381,0.295972423518397,17,1,1,0.938951312301077,0.238471550423175,0,0,0.386246111133281,0.299457721384926,1,1,1.15342235730671,0.286870195914773,0,1,0.376166805003308,0.363661899973325,1,1
"61",-0.321567030452918,0.333638240583577,13,1,1,0.642034920495843,0.255986135222536,0,0,-0.177225847444005,0.336740360762295,1,1,0.718308670353369,0.250543470861861,0,1,-0.00607208055631383,0.38278431394105,1,1
"62",0.290014270604558,0.266210483532843,15,1,1,0.885367165377651,0.206886157348323,0,0,0.308623882918254,0.286091091752589,1,1,0.71288987380371,0.225113152932506,0,1,0.301183108816112,0.302699515984711,1,1
"63",0.514155053828938,0.279901180150695,5,1,1,0.955882317709567,0.230131892945087,0,0,0.425864838532302,0.284095755005291,1,1,0.982825312953308,0.284989280965095,0,1,0.522038279908816,0.328710915242238,1,1
"64",0.261092324176949,0.304417572406338,15,1,1,0.886694561663389,0.214701203102098,0,0,0.269282222026167,0.298686627445446,1,1,1.05783370408107,0.283663843828177,0,1,0.333205289946956,0.296459631882012,1,1
"65",0.0247627743897843,0.294620297912525,11,1,1,0.669325477950514,0.228789513714439,0,0,-0.0783940628197664,0.281676433157724,1,1,0.474831521767547,0.282565343561189,0,1,0.0164344586515537,0.331774893551306,1,1
"66",0.334768889522535,0.336024650557697,3,1,1,0.822021424124409,0.207707864174155,0,0,0.322050472216067,0.261109048260115,1,1,0.694880096010575,0.253677496951589,0,1,0.240110847417674,0.29257807912984,1,1
"67",-0.185707728767248,0.315799997068596,17,1,1,0.73802271288061,0.194881464937017,0,0,-0.170889327941173,0.289818235779527,1,1,0.473289323383458,0.391885731909124,0,1,-0.153237790585618,0.319225071698297,1,1
"68",0.0748971264317545,0.321754322778376,19,1,1,1.0586409640715,0.328778634994178,0,0,0.149137627782172,0.358886841321917,1,1,0.72397413054072,0.441633523487012,0,1,0.0407068764392512,0.392249333543394,1,1
"69",-0.507294595411608,0.297106307039232,11,1,1,0.390702676209047,0.224044908967472,0,1,-0.512212501948693,0.288733462054063,1,1,0.614219346673511,0.267222928933862,1,1,-0.430697295382039,0.337386158286436,1,1
"70",-0.151899983510814,0.351197751114274,3,1,1,0.454785316612797,0.231075432031327,0,0,-0.212806711357117,0.315585329996454,1,1,0.691823377857624,0.279668940807301,1,1,-0.10853697451976,0.318154949322419,1,1
"71",-0.128104625773634,0.298735081933555,11,1,1,0.528782719711595,0.242646857522231,0,0,-0.139587794137431,0.299899086983848,1,1,0.650710026327255,0.219159601721892,0,1,0.035743326398542,0.279370423514119,1,1
"72",0.097372624194042,0.291476764235061,7,1,1,0.722701407267866,0.205824474172568,0,0,0.162710368582136,0.282978325421385,1,1,0.46290414030024,0.320895805298954,0,1,0.120252695306599,0.339306775273345,1,1
"73",-0.574902277252435,0.306109301413747,3,1,1,0.489491573344718,0.238423305198334,0,0,-0.423140916268307,0.297667043523133,1,1,0.236515382672963,0.27727185617357,1,1,-0.396694832496847,0.347544463529806,1,1
"74",-0.190375557343888,0.294010822422885,15,1,1,0.367594914949938,0.251873224721345,1,1,-0.161258497500653,0.332442865173576,1,1,0.439865133266672,0.350697787567168,1,1,-0.0981071925059697,0.400316134525244,1,1
"75",-0.054398566779473,0.315519473914222,7,1,1,0.608246946549751,0.23060378679382,0,0,-0.0615909122356004,0.27794716957285,1,1,0.693308404302903,0.287418201794757,0,1,-0.124948409978041,0.353370181309267,1,1
"76",-0.34332028797654,0.27175670972937,19,1,1,0.468241451026395,0.326199351144183,1,1,-0.347614565271717,0.388436717380561,1,1,0.567309717072421,0.329261532054512,1,1,-0.23349235362874,0.369013116973641,1,1
"77",-0.141154191535791,0.31063615536982,13,1,1,0.517899007286822,0.23439294407046,0,0,-0.187817907521925,0.306779983052555,1,1,0.597600929557617,0.30201335016609,1,1,-0.104114185656628,0.285081870512038,1,1
"78",-0.345205352621027,0.369892538694009,19,1,1,0.27605080815458,0.235881592193289,1,1,-0.379077719191138,0.305969189017389,1,1,0.485854102682658,0.462161594806065,1,1,-0.344490451710032,0.48410863493777,1,1
"79",-0.769014170161036,0.278753631659041,13,0,0,0.274925023161829,0.186595404821771,1,1,-0.740205209863318,0.269779079289209,0,0,0.31119198732272,0.265201978562479,1,0,-0.859646484252863,0.341253162976309,0,0
"80",0.713606563334776,0.28743401268677,1,1,0,1.11644151219623,0.196588266235598,0,0,0.386471829006643,0.277168489707588,1,1,1.47345894720112,0.242689698356836,0,1,0.713606563334776,0.263846234165558,0,0
"81",-0.00347380927036612,0.259561249183393,7,1,1,0.606065494471259,0.197956610761432,0,0,0.0553893570547479,0.280407785605945,1,1,0.437613666338222,0.251532427434478,0,1,-0.0922990661298531,0.284915422693858,1,1
"82",0.0257595011208966,0.289230928743043,7,1,1,0.596282729453492,0.238886741051228,0,0,0.0458455920320002,0.317257515916118,1,1,1.00200937252941,0.316307117541514,0,1,0.199436946750551,0.382631734694163,1,1
"83",0.131125371834651,0.282550912134007,9,1,1,0.456041973019332,0.270477050152339,1,1,-0.0619861391971065,0.346995895785574,1,1,0.575603570643316,0.308900846292285,0,1,0.21610974703136,0.320050615438583,1,1
"84",0.156327497163839,0.353101818349312,19,1,1,1.07795744302048,0.259321149038653,0,0,0.174918170871246,0.340057287720709,1,1,0.942485261791429,0.300735230661136,0,1,0.0855178423536194,0.385837819317865,1,1
"85",0.586357908103437,0.279797456539149,13,0,0,0.92755357271363,0.221860243053112,0,0,0.53942425418032,0.283341158874624,0,1,0.879114170796802,0.281010754100276,0,1,0.499765528725063,0.292202097910911,0,1
"86",-0.0993389509406101,0.34679507940707,17,1,1,0.437207230132131,0.2621102831452,1,1,-0.145675096101808,0.301477286778313,1,1,0.39984080960381,0.376442360419552,1,1,-0.0378946900183638,0.444671899198858,1,1
"87",0.0936648636506929,0.402616721427004,5,1,1,0.800046410351882,0.227790597313281,0,0,0.0316774061449978,0.348322462620232,1,1,0.87025591875454,0.355806086425712,0,1,0.0337992463201456,0.346339787720237,1,1
"88",0.384279845963316,0.285328288573635,7,1,1,0.849353576164552,0.183966915696306,0,0,0.340737397766084,0.244325470035101,1,1,0.873094798350754,0.206721012375717,0,1,0.202987739082622,0.267366237417692,1,1
"89",0.130989004986188,0.266158646095616,17,1,1,0.660209145913699,0.192286845912666,0,0,0.164413697963045,0.259554656218095,1,1,0.408541928917341,0.240677385998566,0,1,0.0588957863031482,0.273609310242007,1,1
"90",-0.00201542132626136,0.292211649128059,11,1,1,0.746200532053299,0.218847474478096,0,0,0.0403022516275757,0.287355993177359,1,1,0.910368390522591,0.272303397902985,0,1,0.0103949219937984,0.324465053514242,1,1
"91",-0.193850136657847,0.309095476221978,13,1,1,0.752044340948615,0.259319110530283,0,0,-0.110647167584151,0.276403774891604,1,1,0.845064097984018,0.372427433261717,0,1,-0.16245253941847,0.357315059406452,1,1
"92",-0.116746238613544,0.30103714898531,3,1,1,0.51314161152864,0.202552254361602,0,0,-0.040372916696749,0.249354070926616,1,1,0.423286228295433,0.250339354424103,1,1,-0.0505012583029207,0.30753813773665,1,1
"93",0.50808838210708,0.335761263361763,13,1,1,0.721915657742238,0.261412405001557,0,0,0.358425425455523,0.339146878928883,1,1,0.516796986286701,0.306539447873282,0,1,0.42582396017653,0.26796819646722,1,1
"94",-0.109208514547739,0.316007246250641,13,1,1,0.654920302141418,0.219480569130598,0,0,-0.0296743513981076,0.277261792541851,1,1,0.555753449875425,0.309884586220813,0,1,-0.103156530226145,0.297674109915352,1,1
"95",0.303116557219472,0.387133594117248,5,1,1,0.839658379723176,0.209362742327283,0,0,0.15685201574476,0.365995267831512,1,1,0.349338624353115,0.495027689526228,0,1,-0.0288585207768837,0.658119048617957,1,1
"96",-0.0675172562216709,0.341529285329887,1,1,1,0.740200015572177,0.210729336714563,0,0,0.00280527668432051,0.291561825105061,1,1,0.647918177352106,0.271112530222572,0,1,-0.0675172562216709,0.31940797382019,1,1
"97",-0.041312101511112,0.300976308790741,17,1,1,0.808964462287002,0.238599861870477,0,0,-0.0925070064116072,0.275745994965395,1,1,0.843441843004377,0.264249026077699,0,1,-0.239196703051172,0.286238754227096,1,1
"98",0.572061363501011,0.298426433388,19,0,1,1.24025844473393,0.251726298224161,0,0,0.690052958042342,0.279741964249211,0,0,1.22069071972619,0.275325936279327,0,0,0.595979830563122,0.327961169045117,0,1
"99",-0.219457339054622,0.302830273879422,19,1,1,0.480812665437957,0.23217378364471,0,0,-0.354942549039311,0.293126402084266,1,1,0.604890795819863,0.375677566583079,1,1,-0.252429223960667,0.32677341842392,1,1
"100",-0.380330100092727,0.30613355487263,9,1,1,0.286936862787326,0.222161418992669,1,1,-0.320165042785731,0.299080615407424,1,1,0.483307714713203,0.398644931053434,1,1,-0.295707233818276,0.400837865775931,1,1
