"","V1","V2","V3","V4","V5","V6","V7","V8","V9","V10","V11","V12","V13","V14","V15","V16","V17","V18","V19","V20","V21"
"1",0.493495605263905,0.19966463314711,17,0,0,0.451910248628082,0.170633279774022,0,0,0.469155041513933,0.195297040172955,0,0,0.504550876111711,0.229706878740272,0,0,1,1,1,1
"2",0.407225712689024,0.202874075365799,19,0,0,0.456449052725802,0.16874141376825,0,0,0.441542770072528,0.191326620304325,0,0,0.382448651234564,0.221641039487511,0,0,1,1,1,1
"3",0.113747743854624,0.200603116711428,15,1,1,0.117480679987992,0.189887709954706,1,1,0.120110139167451,0.176639506982552,1,1,-0.138757361065104,0.208304234964921,1,1,1,1,1,1
"4",0.554724336725356,0.216838661824188,7,0,0,0.496687968901599,0.177011065336357,0,0,0.51474690712153,0.191444622892613,0,0,0.534729968503644,0.214244284202565,0,0,1,1,1,1
"5",-0.168439483068657,0.25923797616867,15,1,1,-0.115780617573168,0.20205727786594,1,1,-0.117476849376678,0.219692324042818,1,1,-0.315625087084651,0.265834455524228,1,1,1,1,1,1
"6",0.948898667066634,0.20543302242727,7,0,0,0.937775713307641,0.21433131216819,0,0,0.926871042408181,0.188968915788088,0,0,1.08262320985,0.236323383541918,0,0,1,1,1,1
"7",0.0093034462813212,0.209492674864822,7,1,1,-0.0198951046954422,0.21099170245445,1,1,-0.00560358617780633,0.208006849219567,1,1,-0.136985260399837,0.238012691723201,1,1,1,1,1,1
"8",0.533780710554827,0.238296404625673,17,1,0,0.487509876207397,0.21202026120782,0,0,0.496116709738419,0.201919039316201,0,0,0.703675774825477,0.224851300185872,0,0,1,1,1,1
"9",0.0619420521814216,0.211913837133911,13,1,1,0.120323182102978,0.200246058162386,1,1,0.116746764237003,0.194168916521942,1,1,0.0610553987597629,0.230336202103118,1,1,1,1,1,1
"10",0.366191421091243,0.202586108759639,19,1,1,0.4385446322891,0.206849256911656,1,0,0.460176455983974,0.205793017808723,0,0,0.394953584596278,0.255072849292791,1,1,1,1,1,1
"11",-0.200550965828693,0.215642885744233,19,1,1,-0.192387378911719,0.165201224154709,1,1,-0.188717687569642,0.196889280442442,1,1,-0.338833345624943,0.224588247322186,1,1,1,1,1,1
"12",0.794360852591505,0.195558808670589,11,0,0,0.849319939663864,0.201445892687257,0,0,0.833733806938214,0.197852709327398,0,0,0.923020951186119,0.222940861104798,0,0,1,1,1,1
"13",0.791244757033601,0.228802738608815,9,0,0,0.723245832704753,0.204994101737526,0,0,0.749658694023414,0.208361764626569,0,0,0.865334420633204,0.248948990729809,0,0,1,1,1,1
"14",0.580023230977858,0.230928729329321,13,0,0,0.569820892211881,0.20339446792881,0,0,0.571660467305322,0.211322064488376,0,0,0.468399777248479,0.258980887875334,0,0,1,1,1,1
"15",0.0572093705113265,0.219995108386941,9,1,1,0.111480242387194,0.215831056227818,1,1,0.114625383253494,0.226752023814693,1,1,-0.0379960376156783,0.259483049110467,1,1,1,1,1,1
"16",0.432616224815608,0.200622114503631,17,0,0,0.463566850291141,0.20794938833722,0,0,0.457785087883745,0.169337267828641,0,0,0.298623207495198,0.235848577783916,0,1,1,1,1,1
"17",0.352500027492625,0.213789406131619,15,1,1,0.330663791402212,0.185586521951942,1,1,0.351002548524977,0.190491992273186,1,1,0.447953514844351,0.254048127127242,1,1,1,1,1,1
"18",0.149227824892646,0.213716269360471,15,1,1,0.0692570845382693,0.229267404760063,1,1,0.0882905096087707,0.218826600167546,1,1,0.100353927834931,0.246634772820731,1,1,1,1,1,1
"19",0.150730176304761,0.19727760790778,19,1,1,0.148749068009722,0.170894134967506,1,1,0.168650851447558,0.190002960695876,1,1,0.194244394548008,0.238457925190723,1,1,1,1,1,1
"20",0.185261873383475,0.2273968701956,7,1,1,0.222594376560861,0.192746913072607,1,1,0.227448324912868,0.18640791421597,1,1,0.285715339383072,0.224242153949899,1,1,1,1,1,1
"21",0.0581295501691661,0.184607977947063,17,1,1,0.031722362460826,0.196623497703737,1,1,0.0317367445615099,0.172010069973383,1,1,0.262911299957818,0.193342028090338,1,1,1,1,1,1
"22",0.245475825642579,0.219352057087011,19,1,1,0.229333049599801,0.197692243787074,1,1,0.21686352186499,0.20621416742084,1,1,0.157515784433883,0.25851604343467,1,1,1,1,1,1
"23",0.416593355985077,0.194771924415191,13,1,0,0.4425202974213,0.189746306461774,0,0,0.475567234495541,0.162670057236469,0,0,0.514826520907044,0.215077019828636,1,0,1,1,1,1
"24",-0.145079241147363,0.264145069244354,9,1,1,-0.130323432424939,0.236056578522626,1,1,-0.144016403982019,0.229406688685078,1,1,-0.0662080436809799,0.252216225811648,1,1,1,1,1,1
"25",0.444491372563856,0.208427935491702,11,1,0,0.440564124628909,0.197975325564867,0,0,0.448320639740545,0.184925930464266,0,0,0.442055588985942,0.22935462459696,1,1,1,1,1,1
"26",0.160216615457091,0.212807949132932,15,1,1,0.140249318082013,0.179371424458218,1,1,0.148187634600878,0.210672872887705,1,1,0.290928703371046,0.199714809169771,1,1,1,1,1,1
"27",0.434958999601607,0.20144208616647,7,0,0,0.405979054682313,0.201502465255672,0,0,0.421535877998898,0.199468599310054,0,0,0.67299029588918,0.224437296030775,1,1,1,1,1,1
"28",0.174656358256371,0.216239400140268,9,1,1,0.148504350635845,0.218254828358431,1,1,0.157569568932946,0.224620844540343,1,1,-0.014300793055556,0.25750361925036,1,1,1,1,1,1
"29",0.473698331866279,0.230406624441883,7,1,0,0.387965641344584,0.204197621729753,0,1,0.390703712108425,0.192484818162731,0,0,0.316947243094424,0.236808597196568,0,1,1,1,1,1
"30",0.0888875235185892,0.196642858314828,13,1,1,0.0886042422002521,0.206012844229928,1,1,0.0798452014500945,0.206684658125462,1,1,0.262861737277294,0.234478807366164,1,1,1,1,1,1
"31",-0.171523762011299,0.222219435002487,11,1,1,-0.149346837818478,0.190517306122447,1,1,-0.121911170432977,0.225023277341471,1,1,-0.127863334018971,0.267926169957403,1,1,1,1,1,1
"32",0.329657831894866,0.177210241558638,17,0,1,0.331205456772138,0.17896438283955,1,1,0.343400915146754,0.180258879354357,0,1,0.475704828651516,0.210238941715703,0,1,1,1,1,1
"33",0.288664183982219,0.205009313922552,17,1,1,0.305823623354477,0.18096815355812,1,1,0.317970632640816,0.187340788981907,1,1,0.272419451033315,0.212284162396124,1,1,1,1,1,1
"34",0.329920810574627,0.222076798234575,11,0,1,0.441894027023352,0.208164491943431,1,0,0.45240835142367,0.213839333904294,0,0,0.331615613573498,0.219635740903196,1,0,1,1,1,1
"35",0.619130257940776,0.220741926965892,11,0,0,0.686055571697026,0.201153547545889,0,0,0.685277748452883,0.21069163235049,0,0,0.414563836828277,0.245601112024848,0,0,1,1,1,1
"36",0.687877164316867,0.24837417216122,7,0,0,0.627948961769393,0.217208404738918,0,0,0.632586115194256,0.213780369894982,0,0,0.871662355471301,0.271861486119452,0,0,1,1,1,1
"37",0.588404043690435,0.217910719285642,7,0,0,0.682082380093133,0.197389350581789,0,0,0.70635697783509,0.183157080321777,0,0,0.501644404335823,0.253193559425387,0,0,1,1,1,1
"38",-0.0994786801600476,0.200673159672021,7,1,1,-0.0431007352505594,0.159042940548203,1,1,-0.0790511737277312,0.179120705874023,1,1,-0.211556421474947,0.217016745828165,1,1,1,1,1,1
"39",0.26509406561938,0.223046965534328,9,1,1,0.265785361808696,0.210447623851193,1,1,0.297569191275993,0.189089942417756,1,1,0.126640243078049,0.231634529534534,1,1,1,1,1,1
"40",0.460333413711167,0.219713901763842,1,0,0,0.422984154093763,0.180899639384606,0,0,0.430067107680829,0.172940612570596,0,0,0.443520383101373,0.237743927715501,1,1,1,1,1,1
"41",0.310994816968571,0.204398439172297,15,1,1,0.320707717010866,0.180895400919371,1,1,0.332646643285908,0.189540080402514,1,1,0.203982099271891,0.257423631009363,1,1,1,1,1,1
"42",0.573049238762766,0.217547699626349,3,0,0,0.589912162478157,0.169672006955137,0,0,0.597914107812518,0.233550414733259,0,0,0.714089592131424,0.209445043081101,0,0,1,1,1,1
"43",0.15875954869185,0.231651024146367,1,1,1,0.2005298927735,0.206296926468072,1,1,0.20506217722712,0.216905699675486,1,1,0.198365554887783,0.237315396515391,1,1,1,1,1,1
"44",0.326660128368318,0.194087312673862,13,1,1,0.313141986020982,0.170130918295117,1,1,0.337154622274805,0.177005303000301,0,1,0.280860638166561,0.235770434112073,1,1,1,1,1,1
"45",0.0919832507663053,0.206192352900163,17,1,1,0.124375925591826,0.183647537146019,1,1,0.133198799241439,0.209432289947577,1,1,0.163451682991964,0.187111853994092,1,1,1,1,1,1
"46",0.193883041793506,0.207551846243204,13,1,1,0.140315249111997,0.192545461054412,1,1,0.164088770687776,0.207179363391725,1,1,0.204551180182513,0.253279183601676,1,1,1,1,1,1
"47",0.558819915708208,0.251345808963465,3,0,0,0.555856741157049,0.191898928401699,0,0,0.560599796333286,0.212350809721989,0,0,0.541329609122983,0.224412014784754,0,0,1,1,1,1
"48",0.106498347269077,0.202028195762743,7,1,1,0.141611685527573,0.179811443315401,1,1,0.165902316024305,0.195506833119189,1,1,0.163920709352451,0.257748241667914,1,1,1,1,1,1
"49",0.155871256012747,0.228301317957638,13,1,1,0.211470537452217,0.151299062974409,1,1,0.206218858469084,0.205458490720295,1,1,0.15926636625863,0.236345476384205,1,1,1,1,1,1
"50",0.112028111251264,0.193215384403584,15,1,1,0.0759033679122669,0.182742616535154,1,1,0.0829534767326338,0.195231945487518,1,1,0.0635812101209092,0.210400039783906,1,1,1,1,1,1
"51",0.668743030315203,0.222155925552166,13,0,0,0.692654098154323,0.191891039366906,0,0,0.659846696009823,0.175765320645167,0,0,0.611342429780135,0.222035139298747,0,0,1,1,1,1
"52",0.58839319322542,0.194544523076916,5,0,0,0.552603765588237,0.183623264859198,0,0,0.563649834476569,0.199215427995388,0,0,0.579749820607275,0.230958411952995,0,0,1,1,1,1
"53",0.135120315367963,0.217343797336864,9,1,1,0.161675139067885,0.187353005469041,1,1,0.172878610641838,0.193512158981271,1,1,0.0115384162290745,0.216389847322388,1,1,1,1,1,1
"54",0.0795063059666243,0.193431025101306,9,1,1,0.110318132698118,0.172769680231256,1,1,0.108733248420006,0.219274118821562,1,1,-0.0466527422788457,0.232227712367503,1,1,1,1,1,1
"55",0.0655044577356806,0.221585836195423,7,1,1,0.00762538882744879,0.191102113034438,1,1,0.0134764302952752,0.185519144378149,1,1,0.0633357310122988,0.231642325804528,1,1,1,1,1,1
"56",0.439066817084371,0.234399595563891,19,0,1,0.498671612742296,0.192467696451505,0,0,0.516146401013166,0.226160175600464,0,0,0.573421830538995,0.259832530420608,1,0,1,1,1,1
"57",0.679909863610455,0.203804518084689,19,0,0,0.647424412272949,0.229656559100884,0,0,0.613874061816066,0.208940317486338,0,0,0.673741775008223,0.24545873128394,0,0,1,1,1,1
"58",-0.152641798704378,0.222146274575652,13,1,1,-0.120406098989184,0.190637700074421,1,1,-0.128272146785355,0.211320009701657,1,1,-0.314431823618385,0.257537716604695,1,1,1,1,1,1
"59",0.0750907031881955,0.193536914692191,5,1,1,0.052744654435969,0.169241589580612,1,1,0.0394591619175328,0.180116559829568,1,1,0.0936766698760265,0.238344066091646,1,1,1,1,1,1
"60",0.447339695211325,0.207564810310422,5,0,0,0.458513840672944,0.203493545499455,0,0,0.458210833016249,0.187409493432322,0,0,0.370802065939851,0.194549216277292,0,0,1,1,1,1
"61",0.629926567543655,0.204008232800342,19,0,0,0.632926867888874,0.193514047326524,0,0,0.661149573616986,0.231024919458894,0,0,0.562051313081581,0.243763828591866,0,0,1,1,1,1
"62",0.137642082231434,0.222471921154008,15,1,1,0.144069820365315,0.200166358633574,1,1,0.1345591848103,0.194518999308817,1,1,0.11778336152636,0.219100322842455,1,1,1,1,1,1
"63",0.268573641412341,0.2346659340476,13,1,1,0.22714598583502,0.186458545408474,1,1,0.250507306896513,0.171804413715911,1,1,0.220380450971203,0.222878575935235,1,1,1,1,1,1
"64",0.344471322046362,0.207227547402559,11,0,1,0.347230571090378,0.196139080438807,1,1,0.359798896638273,0.22152399006485,1,1,0.479149352947488,0.21654848805298,1,1,1,1,1,1
"65",0.389696212815342,0.216518323739177,11,1,1,0.37650589454962,0.194083794094937,0,1,0.378160243964374,0.206466448682373,0,1,0.23409164914889,0.220143354067651,1,1,1,1,1,1
"66",0.310580122962861,0.225683794752767,7,1,1,0.275014316151282,0.200827953046822,1,1,0.301024578349318,0.202974565339144,1,1,0.323812799383645,0.227927914244523,1,1,1,1,1,1
"67",0.330276057045094,0.248093545376079,15,1,1,0.29460312408278,0.180273038191248,1,1,0.29721039682315,0.192387636697917,1,1,0.255184287134578,0.232246896677967,1,1,1,1,1,1
"68",0.587291622517985,0.202817015147036,1,0,0,0.522348263210442,0.203411826393175,0,0,0.541419011353919,0.19301413219326,0,0,0.576071339805737,0.236576791542067,0,0,1,1,1,1
"69",0.276917131716451,0.199821769183733,5,1,1,0.325980585285225,0.192126788450799,1,1,0.324834575451117,0.192686502686201,1,1,0.276627932445933,0.213436906282072,1,1,1,1,1,1
"70",0.328850035271183,0.245795210959903,9,1,1,0.334091704138447,0.201534133965375,0,1,0.331297438657243,0.196119748996775,1,1,0.496970598802139,0.26169451083629,1,1,1,1,1,1
"71",-0.101455880922627,0.172279416960111,11,1,1,-0.00382298675193558,0.195661735626799,1,1,-0.01052407976113,0.182439057990938,1,1,-0.159440871241862,0.255637857576252,1,1,1,1,1,1
"72",-0.0122413358440893,0.222801204408226,15,1,1,0.0157975551667904,0.192865241537378,1,1,0.0219296129125682,0.189060840372053,1,1,0.0316046931231923,0.253076089545379,1,1,1,1,1,1
"73",0.24049414512217,0.232199529276482,19,1,1,0.224112310283303,0.221463936620284,1,1,0.23764948880289,0.21689892321928,1,1,0.152910703227497,0.279205465753483,1,1,1,1,1,1
"74",0.327108482456274,0.206652250400871,7,1,1,0.287239444446443,0.194451597249833,1,1,0.295915207770543,0.20715615472083,1,1,0.215696119120704,0.23521482314587,1,1,1,1,1,1
"75",0.089025434317395,0.232560352541062,1,1,1,0.313500716303632,0.18207376297883,0,1,0.328455719224187,0.192202765075072,0,1,0.0634090198256081,0.240187309476241,1,1,1,1,1,1
"76",0.35574435087941,0.206388314763609,13,1,1,0.378649497853592,0.196560403832472,0,1,0.389239155458275,0.185915730927824,0,0,0.26621369885878,0.244443855835084,1,1,1,1,1,1
"77",0.343660611351206,0.21288254028396,11,1,1,0.365088109591345,0.192037068157697,1,1,0.374322678168061,0.214019919681698,0,1,0.305298606895118,0.191940098964103,0,1,1,1,1,1
"78",0.588432662045358,0.226089878923374,5,0,0,0.598679474138816,0.186279049006661,0,0,0.593466524870395,0.188458285678383,0,0,0.494123125647025,0.247824176015762,0,0,1,1,1,1
"79",0.480578688639296,0.173360817542344,15,0,0,0.564931734093998,0.20040017753875,0,0,0.566133591541461,0.192388563742561,0,0,0.564845177109863,0.19714203160862,0,0,1,1,1,1
"80",0.183760037072778,0.197866374218206,15,1,1,0.199527759093237,0.188911207493315,1,1,0.196980296088386,0.206644968012087,1,1,-0.1884481031098,0.248494642674371,1,1,1,1,1,1
"81",-0.209654935625944,0.229272491335233,3,1,1,-0.191417065924938,0.200765410532008,1,1,-0.181787858640411,0.181427428288724,1,1,-0.0534631681625478,0.228792729504001,1,1,1,1,1,1
"82",0.183044142806201,0.194314264688678,17,1,1,0.199556230914535,0.167928886997975,1,1,0.206920122206521,0.201010592936599,1,1,0.28968833314763,0.220930184697747,1,1,1,1,1,1
"83",0.00974243079610031,0.249583768223547,3,1,1,-0.0101186704398616,0.192719553176018,1,1,0.0153367855753682,0.226924731691164,1,1,0.0779251922567318,0.246095304698797,1,1,1,1,1,1
"84",0.548905277704482,0.214036392941798,17,0,0,0.517732397916646,0.19147965404527,0,0,0.523803563709618,0.200087592217092,0,0,0.721330811504108,0.211713563983288,0,0,1,1,1,1
"85",0.38741494048694,0.202953419197056,15,0,1,0.476007103515466,0.196458242361526,0,0,0.486646154982592,0.18629803280438,0,0,0.558099480710394,0.234381323313381,0,0,1,1,1,1
"86",-0.0128282347386685,0.219054280077243,17,1,1,0.00530098449712868,0.20861233086708,1,1,-0.0109936356194,0.200648465779727,1,1,-0.0601031698986407,0.250109579680164,1,1,1,1,1,1
"87",0.364654850381275,0.191128014486325,17,0,1,0.383879744019849,0.201181351856251,0,1,0.379654915806706,0.21219762420148,1,1,0.165301315773628,0.234258795576167,1,1,1,1,1,1
"88",0.27765071783326,0.230151102658687,11,1,1,0.181374309764374,0.184933094462281,1,1,0.181277317774026,0.208417081131622,1,1,0.358208839908818,0.237687116791702,1,1,1,1,1,1
"89",0.0375399600847097,0.209838629984372,11,1,1,0.0948004799506496,0.185880108329092,1,1,0.0714023834057769,0.187389272089576,1,1,-0.0503296056573006,0.226252067819708,1,1,1,1,1,1
"90",0.306665636521235,0.227974326110425,3,1,1,0.335885374557677,0.172132981651922,1,1,0.342536717960482,0.190382907889995,1,1,0.209341955164282,0.219491709271118,1,1,1,1,1,1
"91",0.288084687036307,0.23321810167722,15,1,1,0.282923369686298,0.240935309129178,1,1,0.300077330234304,0.200134164248038,1,1,0.340371467787935,0.27348420751139,1,1,1,1,1,1
"92",0.280765903529936,0.230044680823913,5,1,1,0.271724339799889,0.225976311286539,1,1,0.267137544005921,0.206519107403982,1,1,0.274909640696463,0.240585740968956,1,1,1,1,1,1
"93",0.142996714027485,0.200419144259945,13,1,1,0.0984157492631418,0.193999158958387,1,1,0.110253118439415,0.181049014991857,1,1,0.268681521265974,0.216711811361777,1,1,1,1,1,1
"94",0.420034451443908,0.203538939754096,5,1,0,0.385409598257112,0.198756723551298,0,1,0.401640834798929,0.20378221624397,0,0,0.416190144099841,0.240056692484875,1,1,1,1,1,1
"95",0.176559579739246,0.214350164861265,3,1,1,0.191712314585607,0.180656600664084,1,1,0.177045749432208,0.150204429192994,1,1,0.192320799536874,0.240203174256161,1,1,1,1,1,1
"96",0.382693086144368,0.209534167522796,7,0,1,0.361328904664737,0.167175615031974,1,0,0.359614388515062,0.198078295655449,1,1,0.365030061550412,0.214228146792539,1,1,1,1,1,1
"97",-0.00374904076457207,0.251082302393496,9,1,1,0.217884228799801,0.219724735193511,1,1,0.178019279162302,0.177806504732466,1,1,0.285635378124185,0.226191549647077,1,1,1,1,1,1
"98",0.319653804269236,0.261597466254563,3,1,1,0.274283022624654,0.209319237721251,1,1,0.282044644398717,0.192673724278853,1,1,0.320178980467302,0.25202183674983,1,1,1,1,1,1
"99",0.0156958296734723,0.198997427450803,15,1,1,-0.0195267567322467,0.214074578414674,1,1,-0.0149659302633524,0.18529275675256,1,1,-0.0921006513955876,0.228861208021335,1,1,1,1,1,1
"100",0.164896884586748,0.207159315758694,17,1,1,0.163816492530796,0.190379532447623,1,1,0.189109608876037,0.190371728298563,1,1,0.268034796971426,0.199523295635836,1,1,1,1,1,1
