"","V1","V2","V3","V4","V5","V6","V7","V8","V9","V10","V11","V12","V13","V14","V15","V16","V17","V18","V19","V20","V21"
"1",0.0281715388847686,0.232728254043545,11,1,1,0.0516822830919212,0.20916105608053,1,1,0.0338830233499972,0.213684697236977,1,1,0.347898990521703,0.275786534025461,1,1,0.43257214697747,0.25063916863431,1,1
"2",-0.0557717569816399,0.23515641525437,7,1,1,-0.0411160261493108,0.211436761112978,1,1,-0.0280371365042574,0.214591570166123,1,1,-0.111466236207166,0.248436918256628,1,1,0.233755676091411,0.251609056298927,1,1
"3",0.168564349173141,0.222232735618301,13,1,1,0.230873663130963,0.20297384391117,1,1,0.242244564435962,0.199338476404052,1,1,0.115350521423039,0.242137565193265,1,1,0.482163664538419,0.24173657840682,1,0
"4",0.264531368688091,0.20346181796395,7,1,1,0.215726476344775,0.197285090121724,1,1,0.208919170726713,0.210056277844077,1,1,0.0839407540195705,0.219274165499463,1,1,0.456156180263175,0.231257490795296,1,0
"5",0.41647811112128,0.229256409081053,7,1,1,0.353613368163621,0.195856758268892,1,1,0.37376785518173,0.215301963111218,1,1,0.481193003445732,0.254292545025875,1,1,0.579040731757148,0.253306749771419,1,0
"6",0.217432466110816,0.264152643798277,9,1,1,0.290370537371812,0.260322093603645,1,1,0.292175298979065,0.260534629464161,1,1,0.401628056481948,0.32672332372797,1,1,0.470491878263154,0.328735107169751,1,1
"7",0.27339698587147,0.236770081150472,11,1,1,0.242048845025931,0.220365685437246,1,1,0.255011821308187,0.215798369363298,1,1,0.191885198794069,0.265895814025388,1,1,0.495328330185024,0.265296030452715,1,1
"8",0.111213785391861,0.237753625421802,7,1,1,0.0458454560689797,0.232186930597287,1,1,0.0535675207853602,0.24685822210007,1,1,-0.0376830729068704,0.268347135779956,1,1,0.32489941733055,0.269374378651092,1,1
"9",-0.145160366408064,0.210977499504989,13,1,1,-0.185125721707175,0.205205248145691,1,1,-0.180074286855944,0.205255515290899,1,1,-0.429940350100785,0.238184003772495,1,1,0.0532457364150278,0.229504842193676,1,1
"10",-0.0733570222561666,0.244335295432162,7,1,1,-0.132846453342285,0.27417579892048,1,1,-0.169463073105997,0.236436467380477,1,1,-0.267412632129164,0.328900670785243,1,1,0.188319033068088,0.322291857113838,1,1
"11",-0.0564574076250835,0.203851010417025,9,1,1,-0.120100049334083,0.192201327485577,1,1,-0.11775994089232,0.196537011977725,1,1,-0.0218984669125795,0.243324875364198,1,1,0.131719079624058,0.225988964555191,1,1
"12",0.304428884496078,0.233342281475911,17,1,1,0.243375925708079,0.21437192241392,1,1,0.293726496461431,0.211266380491353,1,1,0.299976275264942,0.238130313607609,1,1,0.637093410832088,0.247353291601662,1,0
"13",-0.19029590011851,0.205233865928312,15,1,1,-0.137009319939077,0.189317227462909,1,1,-0.144539149271251,0.205922746895205,1,1,-0.0330964098806788,0.249884808874432,1,1,0.172843021363708,0.249150351693628,1,1
"14",0.303582689058755,0.212048824494479,17,1,1,0.0990943903099371,0.292323996653642,1,1,0.134206436215782,0.23977112970446,1,1,0.282936651197788,0.246117668427292,1,1,0.452395723439146,0.238773647625052,1,1
"15",-0.243652462257431,0.200664437885558,17,1,1,-0.299425864758696,0.219980759601961,1,1,-0.24868511562138,0.204549932158745,1,1,-0.323133992754281,0.229953345138221,1,1,-0.00718969947051335,0.214948616475772,1,1
"16",0.271860458445483,0.255925463835672,13,1,1,0.138106249962267,0.252826816878539,1,1,0.191732662535646,0.245114631762272,1,1,0.381651259002906,0.325407728240189,1,1,0.670106961680889,0.312557605330939,1,0
"17",0.457789014480204,0.245405341190218,13,1,1,0.369644295506293,0.211787801220603,1,1,0.387837585910171,0.222331593132006,1,1,0.487601661692446,0.285862656152355,1,1,0.696072964695181,0.302953240197991,1,0
"18",0.135556148355375,0.241061499688199,7,1,1,-0.0585432571202828,0.307505939217656,1,1,-0.118351397895363,0.29347508165937,1,1,0.153324409403317,0.253738638700964,1,1,0.484670549624939,0.263572517017873,1,1
"19",-0.188368797922181,0.240489449215748,3,1,1,-0.220851119168915,0.241293269912517,1,1,-0.20675779585357,0.255664540736421,1,1,-0.0201511520757276,0.254709238422117,1,1,0.066134740826774,0.245290990603799,1,1
"20",-0.315649358805752,0.220496695213461,15,1,1,-0.26914929742209,0.193757415716615,1,1,-0.272258243408646,0.198177215338772,1,1,-0.164806170009953,0.233022701789111,1,1,0.207206732711571,0.223692401949618,1,1
"21",-0.00714763985991942,0.224332260540891,9,1,1,0.12995795916718,0.202690635206261,1,1,0.0751199180590327,0.21213741855357,1,1,0.129946831646549,0.255404554945231,1,1,0.276206319763475,0.252962409034199,1,1
"22",-0.138786528241215,0.22598297113899,19,1,1,-0.293479491568005,0.232423150234384,1,1,-0.248607473083305,0.217628569417256,1,1,-0.352954756501249,0.249221274552741,1,1,0.276704203335254,0.263831555052702,1,1
"23",-0.283431491686198,0.236532913532053,13,1,1,-0.226540945018222,0.233716693193521,1,1,-0.215980084745917,0.248882198360768,1,1,-0.26922480632601,0.239911500354019,1,1,0.206079236331653,0.265664945301286,1,1
"24",-0.0330932714409363,0.203261246068791,13,1,1,-0.125289697604944,0.202782480352171,1,1,-0.0866744228304913,0.205595052533642,1,1,-0.0473776213178197,0.252909055992355,1,1,0.171635842085688,0.241791626322561,1,1
"25",0.186400543077585,0.227321915490165,7,1,1,-0.00427161122950178,0.204759499281716,1,1,0.0231916891167122,0.207149184965293,1,1,0.190766661933959,0.275076975518384,1,1,0.220711142690076,0.284396013585951,1,1
"26",0.0183309915896855,0.210959956245855,15,1,1,-0.0843886385701904,0.202446457150958,1,1,-0.0383294730794646,0.202618681616673,1,1,-0.201011625847554,0.231763649069369,1,1,0.167304947863318,0.231882797302764,1,1
"27",0.247237922618834,0.21037043976338,9,1,1,0.17813633311221,0.198827926885261,1,1,0.200910086586603,0.194736619374111,1,1,0.0961872095961553,0.27479763292354,1,1,0.462535343829146,0.253224592556905,1,1
"28",-0.00490775014853753,0.235551943860867,11,1,1,0.0140810794020156,0.227065105842882,1,1,0.0217486056240573,0.226480650407324,1,1,0.0986739307012684,0.266879930521809,1,1,0.266709739010464,0.245041784025736,1,1
"29",-0.15591845449263,0.204190831706145,15,1,1,-0.240171451867423,0.201234273035059,1,1,-0.229876288252931,0.194573685905167,1,1,-0.0458182160125704,0.271188199588452,1,1,0.0293918539512657,0.238070247364229,1,1
"30",-0.0472778050258246,0.218343737488049,15,1,1,0.0139469609335215,0.172330738496054,1,1,-0.0291697998922531,0.201039020198962,1,1,-0.296232351841047,0.28747802567105,1,1,0.320261610211518,0.275074933179789,1,1
"31",-0.411898809179324,0.207785373187664,19,1,0,-0.337089031373208,0.206410236460086,1,1,-0.337977324820801,0.202689141254813,1,1,-0.371604196398942,0.245487824308855,1,1,-0.18063458137652,0.233395409219848,1,1
"32",-0.258423103187714,0.219548375425571,15,1,1,-0.0178599827290422,0.283706145711093,1,1,0.0591605692337544,0.283741257417121,1,1,-0.147775708854407,0.243039674280083,1,1,0.262814565331866,0.255614826942887,1,1
"33",0.0392490874478583,0.24952113620528,15,1,1,0.00959029657905402,0.246906161548082,1,1,-0.00848900207551541,0.250974754921676,1,1,0.0614607987701827,0.310445583622911,1,1,0.390235547080359,0.328307677405484,1,1
"34",-0.358232507990282,0.220847433962359,19,1,1,-0.46453990561615,0.256715942252477,1,1,-0.44403436469223,0.266021554917379,1,1,-0.556002240485836,0.23837273445296,1,1,-0.00577100523415612,0.272938165337328,1,1
"35",-0.0312631360680435,0.229951852065436,19,1,1,0.00112089757988957,0.222223528211462,1,1,0.0249022375808128,0.223770846258943,1,1,0.30951206188627,0.282696402237521,1,1,0.316086615310225,0.274823261526934,1,1
"36",-0.330253921310627,0.245201069166489,5,1,1,-0.245493193488361,0.203022055229066,1,1,-0.22853126794885,0.203424916815819,1,1,-0.0789868006004854,0.23355284342274,1,1,0.0585595979064975,0.247672425001062,1,1
"37",0.31264567008479,0.237506561646626,11,1,1,0.355015862610235,0.231092962611503,1,1,0.372313620066862,0.217419019924147,1,1,0.268369373964996,0.253596504551612,1,1,0.588010841094809,0.262343906665525,1,0
"38",0.0796820421801419,0.24653400411366,5,1,1,0.0792099547485435,0.218866183564482,1,1,0.0840157121008275,0.228830151244829,1,1,0.158737096019303,0.249853480062315,1,1,0.424755930228895,0.241021057575278,1,1
"39",-0.228964211669827,0.224632819201995,3,1,1,-0.143809191363468,0.226163926587636,1,1,-0.118387789006062,0.225221022847271,1,1,-0.36367167054018,0.232023086622468,1,1,-0.00110959682329859,0.235077835506426,1,1
"40",-0.045365278135021,0.211093317466737,9,1,1,-0.0715504513267973,0.221109268241663,1,1,-0.0859357730398465,0.222103101183027,1,1,0.0588957552067257,0.240021959863379,1,1,0.418068444626585,0.238934713235728,1,1
"41",-0.187187427083984,0.232826635000926,7,1,1,-0.0839023660818259,0.198778375892128,1,1,-0.106314501445365,0.203597475937785,1,1,0.109650455306032,0.267442001867089,1,1,0.245271153385519,0.25732802611817,1,1
"42",-0.20161463071761,0.221573881353964,7,1,1,-0.140966634941136,0.207516490848484,1,1,-0.171849718367184,0.207042570277116,1,1,-0.256483112839378,0.224820611225017,1,1,0.156056223072183,0.230827749252112,1,1
"43",0.116747542390544,0.210357700263319,15,1,1,0.142495540103711,0.187795916241726,1,1,0.0984037533881176,0.20854329024024,1,1,0.194896357749952,0.25694973923139,1,1,0.513094745488741,0.248335200223285,1,0
"44",-0.0654160290291217,0.233335322011264,7,1,1,-0.0868805965886972,0.212387939630564,1,1,-0.0527377943175988,0.226003393930458,1,1,0.0562758576236703,0.281152786614251,1,1,0.204506849408102,0.287674023319072,1,1
"45",-0.186085411917007,0.252621130987618,15,1,1,-0.204964803854999,0.285794657216512,1,1,-0.219544010775964,0.265517300870111,1,1,-0.0816652805986301,0.315325918271588,1,1,0.180833175164604,0.298698444477244,1,1
"46",-0.122400359191926,0.231676363822754,9,1,1,-0.122157553093108,0.228463450070611,1,1,-0.108367952985209,0.220565917736166,1,1,-0.190774657015945,0.255212261599581,1,1,0.150177206224201,0.251401313644499,1,1
"47",-0.0728837784649453,0.219782575613461,11,1,1,0.0780021432256721,0.212341611384496,1,1,0.093924908952671,0.213446519488101,1,1,-0.0994715093067396,0.255539311001305,1,1,0.277079161521983,0.257242821275759,1,1
"48",-0.0233352908007319,0.197794470216653,19,1,1,-0.0214214792480901,0.201536332143953,1,1,-0.00971947185487063,0.200835608476475,1,1,0.0761043530198365,0.222569230386596,1,1,0.261714352410202,0.225846896033231,1,1
"49",0.0230780981357797,0.193713257760491,11,1,1,-0.000903281749961494,0.195002082433833,1,1,-0.00802629506711822,0.199631081475757,1,1,-0.193445697421406,0.224756869551337,1,1,0.252588610248353,0.230547422711989,1,1
"50",0.140793773092673,0.250382289407701,9,1,1,0.0624764128007765,0.219533119754072,1,1,0.141023375341075,0.220456921145286,1,1,0.130283760160676,0.285662155393531,1,1,0.491942138249386,0.278857501328632,1,1
"51",-0.0700865942379333,0.230977597364062,15,1,1,-0.092916697159381,0.221074942518458,1,1,-0.102739117340346,0.225658978806205,1,1,0.0988890660783456,0.264527844429515,1,1,0.313361250498859,0.257428893539596,1,1
"52",0.128347705274529,0.210905964087968,11,1,1,0.071376711648844,0.205696775507976,1,1,0.123700686650972,0.202822120399181,1,1,0.000206453265763185,0.217202973014864,1,1,0.404074756551392,0.24301791482364,1,1
"53",-0.359119614258163,0.226580901850479,11,1,1,-0.410484720829456,0.213766547188372,1,1,-0.399690176172322,0.208739377044404,1,1,-0.522041242142865,0.239480435427774,1,1,-0.0379783497045382,0.260646413987953,1,1
"54",-0.214521257611034,0.208985223430068,17,1,1,-0.262646160742618,0.194145762428345,1,1,-0.245911099365378,0.196199098664106,1,1,-0.356158986389071,0.25240894402726,1,1,-0.0365386847245222,0.237097348599975,1,1
"55",0.377807670005286,0.244284587682703,13,1,1,0.23507961569704,0.213900710313658,1,1,0.329804268064976,0.224440883991505,1,1,0.32716836237039,0.285410058655102,1,1,0.434019336737349,0.273581154145897,1,1
"56",-0.185854991554878,0.222369574101562,7,1,1,-0.179430996641604,0.218361097148787,1,1,-0.231891544101514,0.208218596255771,1,1,-0.125086097219302,0.233501753021929,1,1,0.0566335801719409,0.243170563585145,1,1
"57",0.180629254812369,0.240365929784472,5,1,1,0.127232517556214,0.202405741534405,1,1,0.115217287169286,0.215488893881678,1,1,-0.00169331791336395,0.28328097910115,1,1,0.266948478905756,0.285347203016581,1,1
"58",0.315602595652025,0.205101057178346,11,1,1,0.369450234840596,0.202051441396275,1,1,0.326233727893266,0.187672589445628,1,1,0.334532359561399,0.241681298455162,1,1,0.577053980888913,0.215888041625731,1,0
"59",0.165220840541719,0.253989705168755,1,1,1,0.357224569696172,0.216338220510993,1,1,0.363341532840673,0.220565407144638,1,1,0.160530230675183,0.255214739275631,1,1,0.165220840541719,0.261334356717134,1,1
"60",0.104249970248945,0.264513013896724,9,1,1,0.0896506866258658,0.200922899189586,1,1,0.0689220333417869,0.216715044074307,1,1,-0.046835509870822,0.290465464906871,1,1,0.378817634655651,0.274267120306661,1,1
"61",-0.321948704933345,0.231158558187185,15,1,1,-0.317158468133775,0.245106023543132,1,1,-0.247572060044108,0.253005903337731,1,1,-0.325881580662127,0.246795346672041,1,1,0.00308852448595384,0.257570215445311,1,1
"62",0.0242978803554935,0.233549417585081,15,1,1,-0.198776966853079,0.229139903176254,1,1,-0.111064914093714,0.234617217503634,1,1,-0.134227716231148,0.237769008122611,1,1,0.392022443327516,0.264054664597666,1,1
"63",-0.0298538459620013,0.208368957780936,15,1,1,0.0168192655728021,0.199350119164646,1,1,0.00744168692138623,0.200140375375535,1,1,-0.113338316538722,0.236347571648404,1,1,0.357689452643324,0.245930592825038,1,1
"64",0.161341704290968,0.234326157742908,5,1,1,0.138675304400904,0.200469813762861,1,1,0.157041915205394,0.203574267790879,1,1,0.175270505268589,0.254813614516432,1,1,0.453067867630336,0.242665599971631,1,1
"65",0.376029341265839,0.246947362683393,9,1,1,0.338140122743386,0.231165538387889,1,1,0.382019859028435,0.223250761161753,1,1,0.410315505008031,0.26093301781104,1,1,0.60825920731666,0.233748823202668,1,0
"66",-0.0241479245249283,0.237519170399837,3,1,1,0.153409514077657,0.198296213716093,1,1,0.159868814747275,0.194130637396468,1,1,0.0463241888231644,0.245726700341719,1,1,0.236633969681277,0.237329939266761,1,1
"67",0.311024203046204,0.251153822973031,15,1,1,0.285252831772292,0.215637483679705,1,1,0.276360806294403,0.213960574616781,1,1,0.276366380180077,0.240779300411223,1,1,0.456130130253193,0.249071911754455,1,1
"68",0.113031838551363,0.214445318261121,19,1,1,0.105098222136218,0.193663312661685,1,1,0.124790252619462,0.193257885574625,1,1,0.215119819044276,0.242061138457062,1,1,0.333698292345756,0.23932342921104,1,1
"69",-0.109943388436571,0.270651112250922,3,1,1,-0.145858468882956,0.240633343921469,1,1,-0.184072491161701,0.235386821111537,1,1,-0.223973178950532,0.265693225470639,1,1,-0.0301125933392548,0.26801117787018,1,1
"70",-0.171058206728247,0.222185448162889,13,1,1,-0.187492549952178,0.217646499597614,1,1,-0.158963614675387,0.208886593388856,1,1,-0.280153299559109,0.250772357544326,1,1,0.222329900538463,0.256671158210051,1,1
"71",0.247496793717346,0.236018181987357,15,1,1,0.115280544752108,0.237257402696021,1,1,0.127027115700063,0.24944597578289,1,1,-0.0484672742083734,0.280399772565023,1,1,0.408884187671377,0.258340867838835,1,1
"72",-0.0770466167185397,0.213536208464252,17,1,1,-0.103884559835574,0.207023243121523,1,1,-0.107029562007466,0.198162538561173,1,1,0.0167285525412275,0.232982418897548,1,1,0.215220095802642,0.238473749704922,1,1
"73",-0.00826347019596977,0.23218331815971,13,1,1,0.0527137026972124,0.210777560315193,1,1,0.0411214087631649,0.21477178532951,1,1,-0.00578482570224923,0.274046871246393,1,1,0.271607097117935,0.258974272393341,1,1
"74",-0.200294269603584,0.217111879308976,9,1,1,-0.307947117786014,0.217627719345922,1,1,-0.296610935085059,0.208422641988567,1,1,-0.258078774396242,0.251917294989237,1,1,0.0814900393034097,0.248867211112194,1,1
"75",-0.27122252194138,0.232370598169261,13,1,1,-0.316588833750284,0.222621926902421,1,1,-0.277244013767353,0.225639720750178,1,1,-0.422202137195129,0.253780066306177,1,1,0.115448977470106,0.253796356127808,1,1
"76",-0.0999229434909157,0.210807250850064,15,1,1,-0.179600749824164,0.198318740510729,1,1,-0.187340715733551,0.210198665971387,1,1,-0.0698300829103169,0.215931639317325,1,1,0.282521358082518,0.224259688876429,1,1
"77",-0.408327139213585,0.257030983717334,7,1,1,-0.201371904333614,0.210326181766269,1,1,-0.236886607556591,0.216951583009547,1,1,-0.15213117771815,0.281907847119874,1,1,0.0958079678033687,0.287975436978843,1,1
"78",0.162304535799493,0.224581039568036,19,1,1,0.0821054363699049,0.196335422773609,1,1,0.123593629967975,0.20900638574395,1,1,0.247748316453703,0.272425478422632,1,1,0.402980312168451,0.294696195340334,1,1
"79",-0.284303669167308,0.214717218274285,19,1,1,-0.425712686101428,0.224999184140478,1,1,-0.362397070610309,0.198998589277466,1,1,-0.192517456701578,0.220817135977638,1,1,0.0302102513253868,0.237140069003795,1,1
"80",0.212177834424222,0.241998216114518,5,1,1,0.175706260739656,0.262567915482074,1,1,0.106804383689107,0.261767045327408,1,1,0.130186754610035,0.2442283964243,1,1,0.46181218238543,0.266227606792697,1,1
"81",-0.212227790864839,0.223925513622973,11,1,1,-0.195876098755682,0.220449680503345,1,1,-0.171348851194411,0.213363839067099,1,1,-0.465312141968367,0.255468123688233,1,1,0.163469949694292,0.243409486907605,1,1
"82",-0.26068837268278,0.218443760154194,7,1,1,-0.182307342950556,0.204344461505465,1,1,-0.166774684970378,0.210280461473871,1,1,-0.0706830000868035,0.236384103696104,1,1,0.0701560093701917,0.234727624169138,1,1
"83",-0.128035657346103,0.23607903211889,13,1,1,-0.100510336439604,0.223004064811294,1,1,-0.0803790211697788,0.218098460206401,1,1,-0.154173491690867,0.287574282719824,1,1,0.338967213886887,0.281843593164381,1,1
"84",0.133986224236912,0.227076164214733,15,1,1,0.242557044110101,0.21217970747333,1,1,0.214013193538447,0.21804084139725,1,1,0.430547157204066,0.249480104184779,1,1,0.429228459621739,0.275443096939185,1,1
"85",-0.106086474429846,0.227873972187799,11,1,1,-0.0357291390137103,0.203700753978704,1,1,-0.0881912721499956,0.200178234255301,1,1,0.0186076517946154,0.252292343640034,1,1,0.297886663812903,0.243748338503895,1,1
"86",0.254189617102075,0.230562361578823,9,1,1,0.191403177741931,0.229184156443305,1,1,0.165869202844167,0.220544005737973,1,1,0.112169723475349,0.249577432569915,1,1,0.690354816971184,0.25100774138872,1,0
"87",0.22205656587858,0.214560474549837,11,1,1,0.13156739842375,0.211015949034741,1,1,0.170145882741635,0.213606422059977,1,1,0.236259028780364,0.242669897047503,1,1,0.491988418959868,0.247540224376907,1,0
"88",0.239539479897104,0.219086097756946,13,1,1,0.257341722988765,0.20794375482489,1,1,0.239602022150982,0.208642923518146,1,1,0.458866545451434,0.251888937618201,1,1,0.356106940403793,0.272069366350643,1,1
"89",0.0690622258633437,0.23810553535502,15,1,1,0.00174621435432866,0.314230136029303,1,1,0.0596741432839014,0.302884577226327,1,1,-0.175867377550215,0.296835442627918,1,1,0.376748386286816,0.300445552577902,1,1
"90",0.47202913834958,0.232721904704397,15,0,0,0.31950543202443,0.233982867669915,1,1,0.356882145375184,0.23395641026001,1,1,0.0974834961366367,0.245146754512822,1,1,0.802600081243057,0.250221013180383,1,0
"91",0.113036266922428,0.218988275044729,3,1,1,-0.0478383624613778,0.195728276004041,1,1,-0.0539892289051804,0.197792946320783,1,1,0.164889453873843,0.233832305229776,1,1,0.193372312429365,0.25595725476653,1,1
"92",0.184449799761905,0.221342347610283,19,1,1,0.215434645721088,0.201956464787633,1,1,0.220286530915224,0.216308211054392,1,1,0.153678016687832,0.278724882135228,1,1,0.414660041085651,0.263798539373347,1,1
"93",0.0826555523441231,0.212945970572478,11,1,1,0.0559319607269201,0.193192938882191,1,1,0.0690753340096917,0.1955861532771,1,1,0.07852240795039,0.240683665465274,1,1,0.337846571428939,0.234561453549879,1,1
"94",-0.152613165454046,0.198070995755082,11,1,1,-0.0827431074262892,0.186011669345355,1,1,-0.0971594669284812,0.190834323446592,1,1,0.101001101176339,0.238149637131806,1,1,0.200910862467671,0.235476551990349,1,1
"95",0.0605165515716434,0.236232183166592,13,1,1,0.0568393472008322,0.196567805980566,1,1,0.0941139997644401,0.213356089913837,1,1,-0.067272438574416,0.23483089109419,1,1,0.387003981645699,0.245999037785487,1,1
"96",-0.206515112149709,0.217988933022431,13,1,1,-0.0956286226891489,0.209524938107749,1,1,-0.157000483319809,0.21025143016016,1,1,-0.0301044309755147,0.238547288182452,1,1,0.117749431008272,0.237280372566798,1,1
"97",-0.00855561647254559,0.228765144495081,17,1,1,-0.102539145305133,0.23206149948146,1,1,-0.127533741638102,0.239563647281596,1,1,-0.0928644879592293,0.250964641267876,1,1,0.172246523458672,0.266857401884154,1,1
"98",0.0646277681199706,0.242205081941655,11,1,1,-0.0392940136370465,0.219185244715282,1,1,-0.0792274196332325,0.223099570038934,1,1,-0.00872633594649037,0.252989595908286,1,1,0.165917497936225,0.251583619865219,1,1
"99",0.0254961366680495,0.228634207009394,9,1,1,0.0133348937577364,0.212931620987757,1,1,-0.0269631555583928,0.20434265091271,1,1,0.024991417572718,0.266721680630735,1,1,0.267905797262701,0.265178349839883,1,1
"100",0.185574544871207,0.225507006377013,5,1,1,0.289820388478434,0.228245773598287,1,1,0.33222886785916,0.236716945311237,1,1,0.126260222158686,0.245885767233673,1,1,0.476421651720138,0.255698520009233,1,1
