"","V1","V2","V3","V4","V5","V6","V7","V8","V9","V10","V11","V12","V13","V14","V15","V16","V17","V18","V19","V20","V21"
"1",-0.174112518644016,0.260777962529647,13,1,1,-0.187012862062752,0.23871214253966,1,1,-0.162403822434793,0.258623925838945,1,1,-0.125526956838373,0.239594401269064,1,1,-0.136144821282994,0.286096217183609,1,1
"2",0.162794850069799,0.199004912855329,15,1,1,0.0363356409847109,0.236109211415052,1,1,0.0466221678022236,0.200243051249209,1,1,0.194988046122514,0.2562233285364,1,1,0.1901189152674,0.29305658078782,1,1
"3",0.267073841132414,0.240777916394459,7,1,1,0.373890385770332,0.23617056366581,1,1,0.37038119803236,0.204799608486729,0,1,0.291173987283001,0.290000122705618,1,1,0.284025928239277,0.240063058834652,1,1
"4",-0.264568255446825,0.218239243581382,11,1,1,-0.364813036187412,0.248707709686772,1,1,-0.346618515351903,0.20359205913935,1,1,-0.477329782986027,0.223258725661328,1,1,-0.2565990995575,0.242850582371873,1,1
"5",-0.124299559649735,0.23013373170809,15,1,1,-0.162358741629515,0.189828368679666,1,1,-0.144811621254639,0.221549206300161,1,1,-0.251860815790311,0.220804982318043,1,1,-0.218714161976256,0.240303296688171,1,1
"6",0.11888555452164,0.233144897252358,7,1,1,0.140528813511102,0.209250397250378,1,1,0.130098420901925,0.203229356876647,1,1,-0.131952331586032,0.239795555884865,1,1,0.0835549444961916,0.25888898434295,1,1
"7",0.0463413172709718,0.221410911286402,9,1,1,0.194409581942019,0.255922830937201,1,1,0.215387683029121,0.248959959126566,1,1,0.023441703855172,0.263914985142016,1,1,0.099742198004958,0.29822970078717,1,1
"8",0.253447126785958,0.195288260706999,7,1,1,0.00927026663857141,0.243402670127954,1,1,0.0676451967536876,0.180026785005366,1,1,0.134098254821703,0.1863246784391,1,1,0.202600323208333,0.194504474065044,1,1
"9",-0.411032823667424,0.26042996751838,9,1,1,-0.301454014503517,0.240454596918667,1,1,-0.337040192833872,0.260341844972896,1,1,-0.595171344528478,0.304279855852292,1,1,-0.366370022863304,0.310162771434404,1,1
"10",-0.214411935802575,0.229075740880859,19,1,1,-0.175850068132336,0.274218733196809,1,1,-0.199179787278158,0.255594859149304,1,1,-0.416221745502509,0.254164503058967,1,1,-0.183530182081867,0.310620541483847,1,1
"11",0.269575058014415,0.255770242316228,3,1,1,0.10867669008945,0.219103887375657,1,1,0.132573148590208,0.195800356660785,1,1,0.153866392663379,0.260622610783965,1,1,0.182233960159135,0.259299449151394,1,1
"12",0.0766508534028386,0.239126724666557,17,1,1,0.0333908743058343,0.238430689333891,1,1,0.0557024985578867,0.262170836884365,1,1,0.0423073248813797,0.343303651969444,1,1,0.0362945390598522,0.338514264325872,1,1
"13",0.351173935212835,0.193229731317939,17,0,1,0.351048496064686,0.184412453364119,1,1,0.343792953202495,0.1794965097066,0,1,0.281297937928011,0.225191886220505,1,1,0.338260040951259,0.22913222623029,1,1
"14",-0.36002871540142,0.202963756463132,17,1,1,-0.24536922679403,0.191305567002661,1,1,-0.244135106429754,0.213129989242846,1,1,-0.18910164335996,0.239789258897327,1,1,-0.277403547916918,0.222666212088829,1,1
"15",0.430569583481202,0.273029758226198,11,1,1,0.405618394358643,0.201410496478821,0,0,0.393645346532368,0.226215312787279,1,1,0.664485119511191,0.299397276178926,1,1,0.377117590669509,0.295928884820619,1,1
"16",0.438750655058397,0.242948255469755,13,1,1,0.46194015358564,0.20065979837624,0,0,0.436566967755213,0.217323439084083,0,0,0.327001009508644,0.285242799776224,1,1,0.459087238454907,0.287277718712653,1,1
"17",-0.353267271924478,0.25488160552062,5,1,1,-0.249174351506392,0.200155768432132,1,1,-0.31604956713242,0.241849943526486,1,1,-0.301491108263537,0.246287364745217,1,1,-0.303167419093327,0.27250568222439,1,1
"18",0.376433699480515,0.239901288020237,17,1,1,0.420499283128844,0.251709246245699,1,1,0.391959017851896,0.236431456755587,1,1,0.647170799754513,0.302042011771619,1,1,0.378310338097341,0.294739479036415,1,1
"19",-0.0467747521542245,0.266560722919761,3,1,1,0.0163296772814586,0.210888129384521,1,1,-0.0204797236530092,0.237777714471582,1,1,0.186464111037948,0.254680781284724,1,1,0.0404175749853178,0.295440297914852,1,1
"20",0.208613375739327,0.223248999037064,13,1,1,0.156454066865947,0.209692693238778,1,1,0.125666881897897,0.188390830653836,1,1,0.188565207724218,0.2241173691371,1,1,0.167218690353126,0.223715116462272,1,1
"21",-0.0491843133989616,0.208595073941259,15,1,1,-0.0179855453630505,0.218362806609572,1,1,-0.0671301914299483,0.193484207161959,1,1,-0.0522607983727367,0.242030552062188,1,1,0.0193473436723167,0.241396511338065,1,1
"22",-0.092450541853682,0.199833813117137,19,1,1,-0.0836231188630493,0.241815696859712,1,1,-0.124959405472224,0.212416701220965,1,1,-0.0156980002315227,0.271146487453535,1,1,-0.125361973480828,0.286025324260052,1,1
"23",-0.116039632502762,0.293084980066708,3,1,1,-0.0368487253034906,0.192690368730357,1,1,-0.0496163012018148,0.2150428383509,1,1,-0.247517287637039,0.243955647177361,1,1,-0.143295673197856,0.226276811617511,1,1
"24",0.191417296889719,0.219791234912187,11,1,1,0.219463104689649,0.213844905527667,1,1,0.223816091472745,0.218132383847364,1,1,0.0755896752673464,0.236360509602164,1,1,0.226988719031072,0.260393397032793,1,1
"25",-0.292548073675345,0.250157709569681,3,1,1,-0.452531159052908,0.24964351953347,1,1,-0.362239408263667,0.20387183688471,1,1,-0.392077738564941,0.294168363672731,1,1,-0.37528529340622,0.269295186692619,1,1
"26",0.474024728494339,0.18730398829565,7,0,0,0.394504798052648,0.187270797522869,0,0,0.39483063976546,0.184567112734562,0,0,0.501942333005447,0.227548052087767,0,1,0.442649014566991,0.19826258922777,0,0
"27",-0.214651339815793,0.265902965348621,3,1,1,-0.167083710817733,0.216622175754308,1,1,-0.194229592540165,0.216151092640363,1,1,-0.227875354191149,0.258871496708536,1,1,-0.186690047936864,0.304699376828427,1,1
"28",0.134238715776287,0.269874649433108,1,1,1,0.240941459089466,0.228898782805599,1,1,0.235567340440023,0.236113666758586,1,1,0.115681340610563,0.29421457089013,1,1,0.134238715776287,0.20934025291955,1,1
"29",0.0707647765414268,0.239792700031544,7,1,1,0.0866009792185738,0.19457675981469,1,1,0.0346649012261779,0.205224738084097,1,1,-0.013994448437756,0.265428976625212,1,1,0.0422784541609358,0.250253459572109,1,1
"30",0.056283125107708,0.235470429004429,19,1,1,-0.112234132114138,0.269801366580713,1,1,-0.109776974602659,0.214313767027199,1,1,-0.222680188713988,0.224874535055386,1,1,-0.0503607935875674,0.263418687256044,1,1
"31",0.181471305829234,0.232880013911328,7,1,1,0.0985132879575069,0.227506231953626,1,1,0.128848430201536,0.208845918536258,1,1,0.298864235699148,0.211088011569821,1,1,0.106709278419597,0.236914092150509,1,1
"32",-0.132547930722525,0.246084392032932,17,1,1,-0.288526455000309,0.319470745951184,1,1,-0.201067039017852,0.248339561388389,1,1,-0.085523716975337,0.262640652755901,1,1,-0.108469687307244,0.290303534488555,1,1
"33",-0.626631807921244,0.282733583090335,7,0,0,-0.711003777357286,0.334844376264366,0,0,-0.724871278797258,0.311963897498516,0,0,-0.621647960410313,0.294567692367466,0,0,-0.635712280029769,0.327148240047261,0,1
"34",-0.103637253691756,0.22594146048746,15,1,1,-0.113368247582004,0.202019443683628,1,1,-0.0630170809060784,0.201173878730268,1,1,-0.22283609556345,0.271653904083596,1,1,-0.071153734487395,0.231722789165095,1,1
"35",-0.156366733090905,0.217960953376347,19,1,1,-0.269130011203584,0.212808049824325,1,1,-0.21422155385948,0.185557280837459,1,1,0.123966186166125,0.244410298265862,1,1,-0.15401391394076,0.221786460222415,1,1
"36",-0.0611381184315932,0.208580892324414,15,1,1,0.0374912810434234,0.228255028703658,1,1,0.0275731071888484,0.225203362363411,1,1,0.0321177849760377,0.272962655071776,1,1,0.0462796459897815,0.250548276316108,1,1
"37",0.100352526003946,0.243437255064141,7,1,1,0.165350526566185,0.213038797430914,1,1,0.152007400237515,0.220661996075654,1,1,0.163455847532583,0.260434415649178,1,1,0.133875490217861,0.272364697206537,1,1
"38",0.185402458275773,0.232450581932752,17,1,1,0.232318962390981,0.19510227624551,1,1,0.215087908033175,0.241489856764877,1,1,0.478808974886761,0.283468545207052,1,1,0.133495187221239,0.253034682222033,1,1
"39",0.265915962845794,0.270510987483323,3,1,1,0.345019942137718,0.224447309241698,1,1,0.309395658898547,0.224138277293911,1,1,0.130619714689634,0.276877986769251,1,1,0.277585828324492,0.280991219535358,1,1
"40",0.0597219624519307,0.249856275164667,9,1,1,0.0528594288473761,0.195986812905501,1,1,-0.00323307971517067,0.211415596261426,1,1,0.0037489775956204,0.252204995984476,1,1,-0.048116275918893,0.240827350363686,1,1
"41",0.194930925701589,0.217747978274094,3,1,1,0.203747003673654,0.184748535622123,1,1,0.181714337204439,0.194045656612467,1,1,0.138808538639408,0.21783773986747,1,1,0.142006676755223,0.212775702121224,1,1
"42",0.0556170678129613,0.236743044482819,13,1,1,0.119297770611842,0.226363506296157,1,1,0.158477045300776,0.204184445458741,1,1,-0.0819464229327404,0.246403227859601,1,1,0.109644998641958,0.262951731587531,1,1
"43",0.210729174444699,0.221874340147242,11,1,1,0.215925944062928,0.19814696446485,1,1,0.234018725639408,0.193389821143861,1,1,0.0604776110199297,0.263915583955755,1,1,0.142835716357865,0.273701237229328,1,1
"44",0.400066498716466,0.225368374454074,11,1,1,0.443525255730767,0.245541995082028,1,1,0.418171894666158,0.233629936690846,1,1,0.421551500761243,0.255666033772098,1,1,0.389624747021445,0.267961819679039,1,1
"45",-0.100643856447397,0.242729212225068,5,1,1,-0.163683145517664,0.19510724477644,1,1,-0.134818153320232,0.19971299083576,1,1,-0.307026598752955,0.248067895760815,1,1,-0.182497593342629,0.276252583530829,1,1
"46",-0.000307094241105852,0.219016885063211,17,1,1,-0.0628341301599997,0.232828727335379,1,1,-0.0552054835338006,0.225193812689265,1,1,0.00355124583188323,0.23851171174114,1,1,-0.054041959564627,0.218441140163682,1,1
"47",0.306877037084964,0.205225219639284,15,1,1,0.33791920785167,0.201590609167046,1,1,0.28764262952171,0.200431868036407,1,1,0.216096920789445,0.260037381867303,1,1,0.192873963741793,0.271443872148452,1,1
"48",-0.414535367910758,0.230080900053881,11,1,1,-0.493558594308658,0.267260190448099,0,1,-0.446283984447594,0.223246421436146,0,0,-0.655892668904733,0.257458438991252,1,1,-0.404378520288922,0.241931764660871,1,1
"49",-0.063204631516768,0.276981211997052,5,1,1,0.0534027166208702,0.263574466650099,1,1,0.0940899643540427,0.187920663063125,1,1,0.0463331553911936,0.268106305904536,1,1,0.00887038978643013,0.305384238601893,1,1
"50",0.278340268006808,0.211101161855838,15,1,1,0.271612995765764,0.18626938237559,1,1,0.259898463908327,0.213558420585222,1,1,0.223304317639051,0.250700202565666,1,1,0.219943897164682,0.215517133786677,1,1
"51",-0.210119629180298,0.262598652214535,13,1,1,-0.302630401024352,0.259938205098547,1,1,-0.294979771926198,0.270880970804673,1,1,-0.297863845604281,0.267638194976043,1,1,-0.264675897908409,0.253511252451388,1,1
"52",0.0864968470381146,0.22321542763982,11,1,1,-0.149413239449582,0.257263340780511,1,1,-0.0326933354038244,0.208062033362859,1,1,0.162153900372054,0.229690407888394,1,1,0.019465987564919,0.25256155927889,1,1
"53",0.311491479675294,0.265151952281662,1,1,1,0.129610554906892,0.200400185652575,1,1,0.138171888707223,0.255234786943158,1,1,0.315540459715361,0.25588970342107,1,1,0.311491479675294,0.297092696016746,1,1
"54",-0.0933683327167432,0.270158846417723,3,1,1,-0.0860632137407334,0.212358247436384,1,1,-0.0999865195921345,0.234885373687381,1,1,-0.327141442271653,0.282695992231954,1,1,-0.204460095330684,0.267920627015403,1,1
"55",0.113789054723792,0.29131207942001,3,1,1,-0.0720054863394834,0.199765939017987,1,1,-0.0812722291321113,0.226516369474739,1,1,0.104090098082784,0.263044842904213,1,1,-0.00787874352915664,0.273002270397497,1,1
"56",0.268841672613134,0.22396184164574,17,1,1,0.275459025437324,0.219558498100676,1,1,0.243813067762536,0.235255113180229,1,1,0.0138685458136738,0.278908878333676,1,1,0.33005871764804,0.317612133807115,1,1
"57",-0.0794267127911241,0.195896998572142,17,1,1,-0.0113687447008137,0.242608856462793,1,1,0.00915541414269755,0.239968757774629,1,1,0.0442920818197723,0.257040689726838,1,1,-0.0709904430723661,0.249069129169488,1,1
"58",-0.161159492599135,0.227593262055466,7,1,1,-0.105260792793032,0.239699777833187,1,1,-0.128009972410704,0.204057770973778,1,1,-0.227647978817158,0.266712745667283,1,1,-0.163346974413019,0.28558360736923,1,1
"59",0.280297609556334,0.215198643104011,11,1,1,0.281791825162513,0.204092029630722,1,1,0.280002039915919,0.186972728054606,1,1,0.339164700956298,0.211906710729078,1,1,0.306377620365998,0.219994414097792,1,1
"60",0.387389674767699,0.202239466004298,13,1,1,0.320415451080511,0.204960223663753,1,1,0.325038097156925,0.216902059662646,1,1,0.3971233911114,0.226326522487591,1,1,0.346160343462382,0.221385962950812,1,1
"61",-0.205083408813713,0.239827243019073,9,1,1,-0.118925464784928,0.238049002988633,1,1,-0.134090486860422,0.23867647049976,1,1,-0.212569876863983,0.29005266207537,1,1,-0.0519024481491883,0.28427116379536,1,1
"62",0.312899567888322,0.216584800723947,19,1,1,0.485233322153394,0.251034187034181,0,1,0.49679216168675,0.226256044970997,0,0,0.173456110677479,0.24961093642788,1,0,0.335321625425834,0.277934146737192,1,1
"63",0.242892290337999,0.255543330457845,11,1,1,0.187564717763164,0.212593789162429,1,1,0.137465910413659,0.206872377597463,1,1,0.48119454962033,0.254488304023563,1,1,0.121717660786225,0.300800439942555,1,1
"64",0.149793109877668,0.241003487888637,11,1,1,0.0718688760132246,0.260317218983597,1,1,0.0814790561296812,0.26301996784026,1,1,0.093478717453015,0.268396658611309,1,1,0.0609736507554854,0.27807783570921,1,1
"65",-0.100269425027393,0.237589669438239,17,1,1,-0.0233377659026489,0.175671504148886,1,1,-0.0392928730648536,0.207016156476444,1,1,0.128369338782125,0.235975081886918,1,1,-0.00646991651101213,0.24343020810988,1,1
"66",-0.331141544540406,0.225668683419386,11,1,1,-0.420331857398351,0.242885107138104,1,1,-0.373833123357147,0.205387346905427,1,1,-0.241382291384072,0.250291096560931,1,1,-0.366973807181413,0.254932591137537,1,1
"67",-0.328650329846634,0.263584273503936,15,1,1,-0.363457893824121,0.23075855673004,1,1,-0.353715572083709,0.205982372669621,0,1,-0.504660212947666,0.255855038990681,1,1,-0.350997580968696,0.222749592473593,1,1
"68",-0.0323547673285621,0.242392571568108,7,1,1,0.0174636670596435,0.223906788692888,1,1,-9.25934615960966e-07,0.203107964641158,1,1,-0.0965814285971624,0.259505642099451,1,1,-0.0671467401396395,0.23784100729906,1,1
"69",0.092663621339548,0.208755250735841,13,1,1,0.277599812693589,0.252611875577469,1,1,0.296594612263846,0.18190912718676,1,1,0.222267519084902,0.278664278468862,1,1,0.227211307666513,0.283372664545304,1,1
"70",-0.0338142279007011,0.211446370448131,7,1,1,-0.00533885535263771,0.21957353320329,1,1,0.0168223481933979,0.231250289635172,1,1,-0.102470414352329,0.261927239229144,1,1,0.0467336982458172,0.264069105669626,1,1
"71",-0.048688349172837,0.23640019962018,9,1,1,-0.0171326040850045,0.194830469456267,1,1,-0.0330126088233381,0.199631171757987,1,1,-0.0384630123006088,0.264382617250531,1,1,-0.0401430742653884,0.251658364727729,1,1
"72",-0.143048393421764,0.221078947042725,9,1,1,-0.161059607823566,0.209263875687118,1,1,-0.155071930405279,0.191813331762468,1,1,-0.0628753756609506,0.22154214980027,1,1,-0.22506585832684,0.249273056862845,1,1
"73",-0.573593290430783,0.287464199660205,3,1,0,-0.451985813766718,0.236035547957031,0,1,-0.497128008541425,0.236546618369642,0,0,-0.320766361067813,0.288252715628258,0,1,-0.433269174684066,0.310011304721665,1,1
"74",-0.119066886654156,0.235665438941395,11,1,1,-0.0391924802246837,0.223648541256997,1,1,-0.03188597269474,0.188399859386644,1,1,0.0327553645992862,0.248422438560064,1,1,-0.0513216353670683,0.249295934936578,1,1
"75",-0.431439419546132,0.211669270440739,15,0,0,-0.485057510937195,0.168599554616586,0,0,-0.507125224512481,0.19218995336957,0,0,-0.47155755927536,0.255523533474789,0,0,-0.440487761341238,0.200429092273142,0,0
"76",0.11531394040976,0.200806863578312,19,1,1,0.0984457689335669,0.213979505122851,1,1,0.103599634709529,0.221452012134767,1,1,0.224612229096266,0.255277349998914,1,1,0.10574743835699,0.232805689319112,1,1
"77",0.0885995254957735,0.215331986279992,19,1,1,0.135686190684362,0.202675585545811,1,1,0.114167520123787,0.202835674554095,1,1,0.17298808452299,0.245692553091078,1,1,0.0902581833665724,0.222357905413019,1,1
"78",-0.0917105204055542,0.214561636045202,13,1,1,-0.188938186483904,0.255216029853345,1,1,-0.214683099005884,0.250286374778749,1,1,-0.0971567482451076,0.296081175521551,1,1,-0.232546257808277,0.256899881384764,1,1
"79",0.200749036424424,0.203115739515452,7,1,1,0.208614198288693,0.204601686989764,1,1,0.215609260566056,0.178678192998478,1,1,0.190967032147855,0.248791892419192,1,1,0.238304526282082,0.249769275110834,1,1
"80",-0.471702300102407,0.240342143880364,11,1,0,-0.526982487754591,0.262348346928969,0,0,-0.568625828027541,0.247164903108684,0,0,-0.456033565311414,0.268065937535809,1,0,-0.452840158795208,0.259350899816163,1,1
"81",0.0857161886631186,0.230197122577843,11,1,1,0.0765392511776728,0.20793752474561,1,1,0.0608446242390008,0.197674499035011,1,1,0.0981981826296338,0.226520664790632,1,1,0.0853708690087067,0.24159134632774,1,1
"82",-0.152852956666108,0.209022269498756,15,1,1,-0.12373374376949,0.179021963865329,1,1,-0.121687611434339,0.209452412782912,1,1,-0.0613578035058632,0.224584975890619,1,1,-0.155481102939875,0.213580277289995,1,1
"83",-0.17845773721414,0.221210512032193,11,1,1,-0.270467128588137,0.23378900744719,1,1,-0.295926756791109,0.226113882812822,1,1,-0.241222681934988,0.262435383644429,1,1,-0.278140357207427,0.267769650051082,1,1
"84",0.00764015567974186,0.21180669318177,19,1,1,0.0204371865189461,0.219702402789733,1,1,0.0234572607171691,0.197824255602566,1,1,0.167147334695773,0.270274723051814,1,1,0.00344911665697854,0.25104205187434,1,1
"85",-0.183188026327886,0.259613352950987,17,1,1,-0.0406478595899253,0.257394296412745,1,1,-0.069496292016687,0.198042364125799,1,1,0.0562974378125715,0.261094517699322,1,1,-0.138889492633109,0.309254088674989,1,1
"86",0.295831559148829,0.224497393960334,5,1,1,0.227100535461652,0.193791832099493,1,1,0.191505309725887,0.195404559780487,1,1,0.172658698964872,0.246486976855688,1,1,0.180268189545092,0.264701226943691,1,1
"87",0.104319197395151,0.217711778863853,19,1,1,0.109100942108827,0.261823714952671,1,1,0.0997254374206166,0.195609574534381,1,1,0.273953824967894,0.229187820716875,1,1,0.0990400616159872,0.237879937636219,1,1
"88",-0.0886864500940091,0.243104266174602,19,1,1,-0.195870936774953,0.228019322569784,1,1,-0.177077292712053,0.208684276907119,1,1,-0.152441477779725,0.241795699869781,1,1,-0.0352385695827226,0.235750205340208,1,1
"89",0.209537234283459,0.200176332303436,11,1,1,0.105581219293818,0.246186236140402,1,1,0.139301358157098,0.218329392163933,1,1,0.0216955351089346,0.260517903319808,1,1,0.145595970395362,0.218849286136506,1,1
"90",0.122927415315748,0.243538122696958,9,1,1,-0.289975561275712,0.468640337395375,1,1,-0.184255074043504,0.35692990168566,1,1,-0.0582216251868573,0.252388080621343,1,1,0.0332481167903781,0.269398279519121,1,1
"91",-0.152400498397675,0.202449966690169,13,1,1,-0.220448391400783,0.240930380003818,1,1,-0.15731594374815,0.23374848000756,1,1,-0.547039443018253,0.234434677803805,1,1,-0.231592881029299,0.237216780802684,1,1
"92",-0.0280229984546375,0.236444231513444,17,1,1,-0.143786564416206,0.239099332796744,1,1,-0.0940801131115133,0.266396625055064,1,1,0.0205677893218416,0.359545030209824,1,1,-0.0123575421007078,0.348268534727841,1,1
"93",0.0914241920264648,0.255910954007503,3,1,1,0.108484844021452,0.177482298445503,1,1,0.119096774447218,0.214082242028803,1,1,-0.0243585514711602,0.231742571091292,1,1,0.102049965779166,0.251683302290426,1,1
"94",0.0388748077428561,0.240015300935072,13,1,1,0.0406263334733702,0.198781333547362,1,1,-0.013761490714519,0.215860074179314,1,1,-0.0736250209057113,0.249752574110747,1,1,-0.0228542067261104,0.254414592181917,1,1
"95",-0.370797611776465,0.205301648364776,9,1,1,-0.318870534520048,0.193108730278309,1,1,-0.344034068581692,0.207909192710088,1,1,-0.384068483582267,0.226737542947582,1,1,-0.318814925499943,0.238686145176867,1,1
"96",-0.179994256608777,0.230531312647866,7,1,1,-0.163525806158505,0.232739290965781,1,1,-0.213136264799009,0.214586064452475,1,1,0.180488849326499,0.281853033963172,1,1,-0.147402441969396,0.29124601776148,1,1
"97",-0.0250061627084774,0.211954810141226,13,1,1,-0.0178764488490379,0.216985511348887,1,1,-0.0338017080954809,0.185711769622917,1,1,0.0366375620340506,0.261684488353152,1,1,-0.0350438009738383,0.2276438436941,1,1
"98",-0.128548780145679,0.224204370720257,13,1,1,-0.108412226120441,0.225109958996882,1,1,-0.089816275368544,0.211066995700049,1,1,-0.0804660603042221,0.260911487977158,1,1,-0.069207725600167,0.215450630150863,1,1
"99",0.371948141988906,0.262845919213866,9,1,1,0.310026049558421,0.239476220733541,1,1,0.295451217719094,0.190850797399074,1,1,0.342930480022527,0.277122727511146,1,1,0.274848181480436,0.299395389074441,1,1
"100",-0.116816963845657,0.198938388961373,13,1,1,-0.127856003738267,0.22005429952514,1,1,-0.119450932016548,0.223781538240266,1,1,-0.389224658992821,0.236004555570815,1,1,-0.143594135215531,0.222696511334305,1,1
