"","V1","V2","V3","V4","V5","V6","V7","V8","V9","V10","V11","V12","V13","V14","V15","V16","V17","V18","V19","V20","V21"
"1",-0.0782961494575917,0.201933977677557,17,1,1,0.191942803776826,0.214831382826952,1,1,-0.0804605370807607,0.201564798522154,1,1,-0.016622125011661,0.209624945614234,1,1,-0.120720889045221,0.223258879060812,1,1
"2",-0.248028162287611,0.207661490295647,5,1,1,0.131473714238278,0.211117761003664,1,1,-0.25425700493663,0.181451388044736,1,1,0.0808627421744448,0.221648240200905,1,1,-0.276286387747645,0.236521455634557,1,1
"3",0.0578877278700619,0.21212579830553,19,1,1,0.367479787009749,0.187038215522526,1,0,0.0425397119250998,0.2161259267305,1,1,0.350771472737725,0.255253708433708,1,1,-0.0390701799569068,0.254221506831994,1,1
"4",0.258873525806935,0.235239849122133,17,1,1,0.466688277200449,0.205195094081204,0,0,0.242531812050421,0.252209797662357,1,1,0.476799929418955,0.261426994792492,0,1,0.230539046687715,0.270400841927795,1,1
"5",-0.557399641512048,0.211909203221803,11,0,0,-0.0741230463959977,0.183330228181733,1,1,-0.530667665966541,0.199172306921098,0,0,-0.0353490043360386,0.239634562771291,1,0,-0.51907916145332,0.214777960754043,0,0
"6",0.0585331293348854,0.218086124578796,15,1,1,0.348678251132866,0.222722305324584,1,1,0.0809660543333217,0.203785213614497,1,1,0.333352757261133,0.288936646141387,1,1,0.0834665250597174,0.231071991887896,1,1
"7",0.186128569670834,0.216379963340937,11,1,1,0.557234267034278,0.195944295382701,0,0,0.152728835956741,0.194313478609241,1,1,0.607814764670909,0.215388566396614,0,1,0.154376694162363,0.244844751753575,1,1
"8",0.0176808727667919,0.2146071651584,11,1,1,0.316628517218305,0.208017004601641,1,1,0.00924618286620256,0.211341455099731,1,1,0.320959330209002,0.229198800073022,1,1,0.0154434998089366,0.238067676894078,1,1
"9",0.16260928417031,0.212171739125342,15,1,1,0.466864536662134,0.1878096093764,0,0,0.18709713789822,0.220318780458105,1,1,0.604155666183128,0.205907750923987,0,1,0.180998093293012,0.290740640523463,1,1
"10",0.212328688718764,0.226033205622259,9,1,1,0.506868882150118,0.176062221907225,0,0,0.206823309438359,0.20982654357429,1,1,0.490597230085265,0.241449859807307,0,1,0.262647844655292,0.204291731050224,1,1
"11",0.0036093156019584,0.184669929462347,17,1,1,0.195192998087227,0.210828427671707,1,1,-0.00804197640712008,0.189573065917193,1,1,0.0726882859503247,0.273835875971944,1,1,-0.028078687332013,0.234756218223926,1,1
"12",-0.27865837022826,0.258574276973123,11,1,1,0.16644856573379,0.221633444407889,1,1,-0.329797908774998,0.252516801436025,1,1,0.16253925892695,0.250424797228138,1,1,-0.328903315954224,0.228487108079488,1,1
"13",-0.0690493346682517,0.243107166458724,13,1,1,0.250726785883393,0.191788295285058,1,1,-0.0971572480244145,0.200554549104478,1,1,0.173081432869297,0.218163533423793,1,1,-0.134017215941612,0.26756945993021,1,1
"14",0.0448390124863816,0.225863095767098,19,1,1,0.324493292987173,0.211951743240377,1,1,0.0864062178859706,0.198501231632053,1,1,0.434117413628323,0.254124086875141,1,1,0.0575693718547,0.230235926476567,1,1
"15",0.509863590728485,0.19739485701487,17,0,0,0.70334226675009,0.190376848556978,0,0,0.486190662643886,0.188588330602305,0,0,0.69004389229208,0.233826345266772,0,0,0.504614348559577,0.222296263155675,0,0
"16",0.0533322973985373,0.242847672175716,17,1,1,0.317388628732326,0.234292918798946,1,1,-0.000783601710851568,0.222126404587615,1,1,0.331953931601717,0.224681868126552,1,1,-0.0712275055248022,0.227843727113686,1,1
"17",0.000467681738382886,0.247181946758805,13,1,1,0.252104549670256,0.209489408866531,1,1,-0.0314952434425121,0.188593817571357,1,1,0.481841532952143,0.251899819509946,1,1,-0.00805853153307365,0.260508457228664,1,1
"18",0.174080255211789,0.247308781349089,1,1,1,0.561862200071947,0.187739619802987,0,0,0.171044704381579,0.23693751045081,1,1,0.551208316991047,0.216480557698057,0,1,0.174080255211789,0.251253026023452,1,1
"19",-0.0902607269904585,0.214946596918384,5,1,1,0.260631430825913,0.186323561881411,1,1,-0.0592023442654045,0.2065383731152,1,1,-0.0288581965281,0.226769461746437,1,1,-0.0880307129542443,0.259409844221731,1,1
"20",0.154875423250546,0.234720138527856,15,1,1,0.286765967545829,0.1885020318209,1,1,0.108010709259036,0.212635945310094,1,1,0.45333880128256,0.229645076123514,1,1,0.173551941849638,0.260843158078558,1,1
"21",0.639490252382784,0.227756608372306,3,0,0,0.926598890718659,0.200940919642116,0,0,0.660438420613482,0.181837425931347,0,0,1.00043034207306,0.26710529230146,0,0,0.672994021708171,0.222407081257232,0,0
"22",0.138111781267572,0.209791236946805,9,1,1,0.503217064527143,0.182121375121626,0,0,0.18834079569268,0.208179169456296,1,1,0.65975906757764,0.22728500983903,0,1,0.225344334607212,0.241280102854501,1,1
"23",0.186981564419626,0.239111552539023,9,1,1,0.497174010223184,0.191411591608702,0,0,0.250630395056118,0.220218593435708,1,1,0.461827027528525,0.226495927371066,0,1,0.243722118537001,0.235753145004826,1,1
"24",0.291173737813082,0.219863946794016,11,1,1,0.504621352666018,0.203500351596134,0,0,0.301271725447139,0.206976148495599,1,1,0.649819422590971,0.216248788365411,0,1,0.241909290389402,0.224317113588468,1,1
"25",0.210349144903347,0.194688739701691,13,1,1,0.386076579283714,0.186470020439369,0,0,0.244302140891787,0.20467833294716,1,1,0.399262573318954,0.221389358788521,1,1,0.216621748177233,0.223145276996018,1,1
"26",-0.0371847313400835,0.22298408600865,13,1,1,0.226664471584918,0.180607542823633,1,1,-0.0878298175657652,0.181999423199821,1,1,0.166500915039264,0.221781247484702,1,1,-0.10192808708445,0.257202260574364,1,1
"27",0.194687126997778,0.213180119624331,5,1,1,0.535761097409426,0.21066368049362,0,0,0.241730154991797,0.192111686041932,1,1,0.466645689082027,0.234509650394864,0,1,0.165345460321744,0.262071248659352,1,1
"28",-0.219072198209985,0.2344194462526,11,1,1,0.301442211674991,0.230278218460165,1,1,-0.215386294551255,0.190469143892205,1,1,0.395353892287933,0.272445318273515,1,1,-0.0411854532481,0.281471600451823,1,1
"29",-0.104089120278387,0.26322006569926,5,1,1,0.109247849700913,0.206413971249714,1,1,-0.118073272966121,0.212358197193525,1,1,-0.0724407143484732,0.238987574718071,1,1,-0.150872669750796,0.241838164628298,1,1
"30",-0.422932357647844,0.234914056973605,11,1,1,-0.160128319948791,0.198533048841321,1,1,-0.378620648346309,0.215447038058467,1,1,-0.317056913896495,0.225727952096076,1,1,-0.318403189942206,0.244092557437331,1,1
"31",0.34825995368012,0.233444980732163,5,1,1,0.546235565220736,0.197414170178552,0,0,0.410460774034033,0.20668508494813,0,0,0.473923839178728,0.210340179329796,0,1,0.347357744452085,0.25892310421959,1,1
"32",0.126356503069439,0.214259533365487,7,1,1,0.255559360674006,0.189543754720252,1,1,0.0601171416477904,0.192342798386377,1,1,0.368992881328079,0.228863375886273,1,1,0.0987695729021185,0.225865439746723,1,1
"33",0.44588599724115,0.2309534768961,13,1,1,0.766419508065468,0.18404274285676,0,0,0.435561785118158,0.172998208028953,0,0,1.10373229757561,0.266277541171263,0,1,0.469120822189245,0.242002034651461,0,1
"34",0.0870061603230178,0.205312915411313,19,1,1,0.474190455310989,0.195737924767094,0,0,0.131325902107626,0.19726493151218,1,1,0.339014584719635,0.250945966471861,1,1,0.121126322856367,0.237850553922974,1,1
"35",-0.12895858099899,0.248092271633428,3,1,1,0.214949153498449,0.188800703869746,1,1,-0.112436523916567,0.210881244348035,1,1,0.0761302360794752,0.22347963542979,1,1,-0.113823033278147,0.239700736302024,1,1
"36",0.238143835946182,0.25112075552028,15,1,1,0.548089976954376,0.199603275539002,0,0,0.249248566333925,0.201177455425994,1,1,0.587265983361932,0.245760689689601,0,1,0.251586638226982,0.232455782997162,1,1
"37",0.131802482692192,0.221094284532783,17,1,1,0.420180514826168,0.192100259060985,0,0,0.149730068825122,0.234585922552448,1,1,0.277299016376619,0.226174789122553,0,1,0.169545374095423,0.241942146867535,1,1
"38",0.183368344019109,0.230936099376411,5,1,1,0.356719583078105,0.192698247770729,0,1,0.112811087049103,0.226826389249969,1,1,0.498911665187148,0.222783646327822,1,1,0.175437473915089,0.279923461758112,1,1
"39",-0.130097055846765,0.212814781299541,5,1,1,0.175800720937338,0.196786460972356,1,1,-0.187222374543815,0.22632388174177,1,1,0.396476628314244,0.232262687310521,1,1,-0.0775049225510199,0.28710262200407,1,1
"40",0.20720180266912,0.188285978008926,19,1,1,0.458470727359138,0.175082307953624,0,0,0.15726643425582,0.225874399931524,1,1,0.551264945162726,0.206529490731417,0,1,0.236537734835829,0.245242475199813,1,1
"41",-0.225454875035363,0.226709890693272,17,1,1,0.158660328473238,0.191621797235492,1,1,-0.194723392908878,0.1847877206322,1,1,0.262134966395097,0.250859129513246,1,1,-0.165183891621446,0.227665197726281,1,1
"42",-0.045406539221614,0.229793249384998,7,1,1,0.228943986024264,0.200090327249652,1,1,-0.115677577536619,0.212462108345151,1,1,0.250792946974107,0.21799429699086,1,1,-0.0559203332663761,0.275076703802144,1,1
"43",0.128086076557731,0.215403396279022,5,1,1,0.523684717273068,0.190619145681471,0,0,0.184339225542304,0.196010860902934,1,1,0.412488679245375,0.232076041074759,0,1,0.146740881383168,0.249886083929557,1,1
"44",-0.409286712547413,0.219847654881206,13,0,1,-0.0285476543956972,0.225048203183566,1,1,-0.394431327657236,0.227827801909329,1,1,0.103515689225761,0.260679793161356,1,1,-0.30254313779404,0.266177545388473,1,1
"45",0.0319007154690349,0.244939771101059,9,1,1,0.417008808116869,0.204238274781324,0,0,0.0651794042819427,0.233361182484644,1,1,0.412282503941193,0.200750879054502,1,1,0.0239052901155713,0.248575040358045,1,1
"46",-0.24960205405458,0.209364250909347,19,1,1,0.132097707005979,0.201886446966525,1,1,-0.221125870014368,0.209728400559611,1,1,-0.0673653893314081,0.225710621022356,1,1,-0.168307557065593,0.222932075912205,1,1
"47",-0.0636227926990532,0.197152916469265,19,1,1,0.15352622897464,0.169944676444095,1,1,-0.0316341989550298,0.186785005969377,1,1,0.0669806686305499,0.214806851555945,1,1,-0.0451266306937703,0.21861571688799,1,1
"48",0.330756394876321,0.212166526241862,13,1,1,0.486182746298476,0.208341329849642,0,0,0.238641171492221,0.193056326120297,1,1,0.347396829976814,0.209500506781278,0,1,0.213248827918166,0.222874650211641,1,1
"49",0.109744224715748,0.213062255295877,17,1,1,0.309862739437831,0.175487369982886,1,1,0.0571180065961092,0.204281054969125,1,1,0.430342740364183,0.211960198607982,1,1,0.15614993243902,0.23275576294338,1,1
"50",-0.547386902879201,0.234490659434544,11,0,0,-0.159766411290175,0.203995119693246,1,1,-0.531499555884325,0.211558656618391,0,0,-0.119245282005313,0.2302085099714,1,0,-0.547178322468315,0.212319873824573,0,0
"51",0.045774566903219,0.232188511020533,11,1,1,0.262550928248564,0.210371238451933,1,1,-0.00764792724590362,0.212807542342375,1,1,0.231129085745485,0.220426673554407,1,1,-0.0879853698316848,0.226672699870719,1,1
"52",0.150099002223565,0.225575842339719,9,1,1,0.424758826692002,0.187543471149089,0,0,0.146157353774522,0.20710052088945,1,1,0.404026432022516,0.227614140423668,0,1,0.176739341922391,0.23824970751187,1,1
"53",-0.0332426320745968,0.221107207875236,19,1,1,0.300969188136979,0.194710755685519,1,1,-0.0363806543248689,0.210830278829308,1,1,0.280523296044027,0.224278003253382,1,1,0.000522709382695274,0.210935537666531,1,1
"54",0.189560047547661,0.257818553334187,7,1,1,0.437372762865861,0.196158466988005,0,0,0.178934796058881,0.206190053907058,1,1,0.47875769797389,0.2409838357674,0,1,0.165081226089273,0.243634455972946,1,1
"55",0.676655720706089,0.239978163747335,1,0,0,0.986216176969152,0.169385741072444,0,0,0.723966851047101,0.219815975539549,0,0,0.964077710895399,0.258886590399278,0,0,0.676655720706089,0.225370425708631,0,0
"56",-0.067770724576082,0.240637449145758,7,1,1,0.254556592654625,0.188052756741841,1,1,-0.0852499388189945,0.212394365351188,1,1,0.282879663535953,0.239510217785098,1,1,-0.0313218454629641,0.227308172303227,1,1
"57",-0.125233217367936,0.235232481873522,1,1,1,0.219855165516005,0.207829389741152,1,1,-0.0152775930460791,0.218724784997285,1,1,0.148650132178823,0.292451976935404,1,1,-0.125233217367936,0.228560177728371,1,1
"58",-0.275277662857128,0.215945457816646,19,1,1,0.137321530566101,0.208558966821982,1,1,-0.222162077088267,0.213298825967253,1,1,0.19526895085889,0.239186742526352,1,1,-0.248101351968742,0.284478437939286,1,1
"59",-0.437859491526368,0.266237011209671,9,1,1,-0.150837487038827,0.211143986452609,1,1,-0.458198639573588,0.230314364688748,0,0,-0.225488093193673,0.25838242512534,1,1,-0.472957108774986,0.28547766423436,1,1
"60",0.135149575603656,0.229291205897431,17,1,1,0.3809977722974,0.213357284730966,1,1,0.106007811288382,0.199560752672056,1,1,0.42326112301325,0.235375340345552,0,1,0.0733321662251292,0.231857657471102,1,1
"61",-0.0811847558156907,0.258714674322062,13,1,1,0.296575178758903,0.221040277743031,1,1,-0.0439909832190562,0.230988935153726,1,1,0.590591144393452,0.274139537833837,1,1,-0.0343487110483917,0.268668203596754,1,1
"62",-0.13777800341248,0.210145535254207,17,1,1,0.186493026757179,0.173824757904366,1,1,-0.125966176337555,0.2196645310744,1,1,0.296669447970909,0.212681836072709,1,1,-0.114640547445526,0.224966590925557,1,1
"63",0.196464486542781,0.221049604738739,11,1,1,0.424769581723323,0.177845780565964,0,0,0.187023193522816,0.183135100105093,1,1,0.259597710625198,0.233476694887812,0,1,0.204461864249442,0.245696402908666,1,1
"64",-0.00508529506444182,0.184116803576139,11,1,1,0.282000112705008,0.215323604339016,1,1,0.0222458763201174,0.203659606837082,1,1,0.101415212124667,0.242891735471566,1,1,0.045837369255176,0.204700556926279,1,1
"65",0.335888494726309,0.259163662725099,19,1,1,0.524943781855086,0.202492742009667,0,0,0.303963973757356,0.222055649595173,1,1,0.597448875019194,0.230327012735392,0,1,0.255999533577132,0.242101256056425,1,1
"66",0.581733697228465,0.225355252206135,9,0,0,0.776416404583604,0.248013342267492,0,0,0.59743421078558,0.241473517832205,0,0,0.735772656539956,0.228725117530903,0,0,0.60979521581441,0.241636426962706,0,0
"67",-0.00979312520105311,0.219292741260322,7,1,1,0.280924095494771,0.191424585469842,1,1,0.000975601963303496,0.173529856370622,1,1,0.227687706827861,0.216507977334548,1,1,-0.0739074328707426,0.239111273080645,1,1
"68",0.219244706384454,0.182517029063345,19,1,1,0.441181169298505,0.172411306954879,0,0,0.212381744712579,0.233460496984643,1,1,0.0870651971829896,0.255511705698119,1,1,0.240197812230898,0.263794317682248,1,1
"69",-0.211073137005713,0.235875487884166,17,1,1,0.152557024264432,0.192171929875139,1,1,-0.17512665232162,0.20039758979589,1,1,0.138618736934466,0.24481329462873,1,1,-0.151346856127575,0.271485098018925,1,1
"70",0.0236072469141927,0.243587103651168,3,1,1,0.334778339212718,0.194790116133045,0,1,0.0317023914482188,0.205554641336676,1,1,0.285322986327181,0.218088134285939,1,1,0.065498484339614,0.271941894736615,1,1
"71",-0.238387011079094,0.208391566913286,9,1,1,0.166567679413162,0.217473618901295,1,1,-0.290104576958697,0.206974072973394,1,1,0.12011687241705,0.241314312326914,1,1,-0.273617724791732,0.240962458892899,1,1
"72",-0.459907420069815,0.192163186210204,15,0,0,-0.153499225974144,0.189908486059434,1,1,-0.432451203295199,0.186474982027573,0,0,-0.264570792628219,0.26151838351781,1,1,-0.420047447217861,0.220389241345713,1,1
"73",-0.398591958129332,0.206481827791746,15,1,1,-0.03416920860568,0.192351317165837,1,1,-0.345081212454697,0.22232314984007,1,1,0.0294383047788058,0.224537313003787,1,1,-0.315512791444687,0.22483878949214,1,1
"74",0.164747491341673,0.213797965711636,17,1,1,0.457267399677707,0.200888803279777,0,0,0.175963454091919,0.206903982883467,1,1,0.557807479109566,0.215624412369167,0,1,0.212674487523783,0.226147983581265,1,1
"75",-0.0856919755447951,0.249047924646449,13,1,1,0.19870810338927,0.189177387184525,1,1,-0.14276641654423,0.202091971074955,1,1,0.247733684723712,0.255316353745666,1,1,-0.17112827059634,0.241327506132671,1,1
"76",-0.10546660865698,0.246891322863215,17,1,1,0.132645208443639,0.178812858983513,1,1,-0.116902014600242,0.195067654913828,1,1,0.113540005536154,0.223778013108958,1,1,-0.127061181720331,0.247672203582913,1,1
"77",0.343578658116677,0.224450486581277,11,1,1,0.786571030142037,0.208533394316688,0,0,0.331510351752644,0.2103290133188,0,1,0.722854481036633,0.26397966224291,0,1,0.302170458693623,0.291792681637487,1,1
"78",-0.464254967838416,0.242689492431945,9,0,1,-0.0543173199491063,0.229979789195626,1,1,-0.482268567694602,0.2017578526042,0,0,-0.0422532798638701,0.234273191254633,1,0,-0.469554655847468,0.237617426586406,0,0
"79",-0.307280961532773,0.213804513405024,13,0,1,-0.109955332089013,0.206022092907975,1,1,-0.380051149682609,0.227879012417096,1,1,0.0246821680736588,0.231144560688301,1,1,-0.332266046476849,0.237311706196563,1,1
"80",0.191823948650403,0.238925422422665,9,1,1,0.547690285153094,0.208370213914669,0,0,0.162461080700781,0.193046730760801,1,1,0.460124684595044,0.238520981689743,0,1,0.157827148330982,0.221874424993938,1,1
"81",0.27738145688767,0.228088996171321,5,1,1,0.694889571866077,0.190934390699541,0,0,0.276367056800365,0.198853344002662,1,1,0.634807033567227,0.224109200629287,0,1,0.258833765043013,0.236721360333112,1,1
"82",-0.0482309113723675,0.235387729209914,9,1,1,0.360669887769509,0.187356190525919,0,1,-0.0829329242866629,0.212322691312579,1,1,0.219193804330853,0.218380048254165,1,1,-0.0726297824784395,0.248217693542559,1,1
"83",0.147337033937054,0.231962656294418,15,1,1,0.384522248664281,0.193478760675642,0,0,0.118702625636211,0.216426211501494,1,1,0.572561126909934,0.240867413029101,0,1,0.12213722998449,0.255098019305972,1,1
"84",0.118805172002766,0.213099804736694,19,1,1,0.352442358867536,0.1785187683853,0,0,0.132103426634,0.215985821035521,1,1,0.215025202622066,0.266337178282316,1,1,0.144059317673676,0.245109135234523,1,1
"85",-0.121723127870125,0.245070382389925,19,1,1,0.199997728205537,0.218822427432677,1,1,-0.0561435930146593,0.204966517415471,1,1,0.0159023977929372,0.233253107492538,1,1,-0.109647953909946,0.232731364543168,1,1
"86",0.334707951948576,0.233278567397508,1,1,1,0.436477274824058,0.211928119564128,0,0,0.0649804696904175,0.208181921366066,1,1,0.730074420700952,0.22759423647467,0,1,0.334707951948576,0.271727452407012,1,1
"87",0.436573093375297,0.26394607213911,15,1,1,0.688122754822181,0.219995532369313,0,0,0.439737879881644,0.2411399322435,0,1,0.682664762690216,0.256649445745712,0,1,0.447279887678666,0.263248212433008,0,1
"88",-0.136016943292471,0.199290847510292,15,1,1,0.240063973676055,0.196744293890012,1,1,-0.122352324898474,0.217056678509813,1,1,0.281894880349937,0.221196302522929,1,1,-0.181675353552533,0.244539962229993,1,1
"89",-0.263527348508228,0.200480803217027,5,1,1,0.0567762406102575,0.216089145764886,1,1,-0.190634304785575,0.211051781101984,1,1,-0.0899991299209798,0.234944619220593,1,1,-0.208187890387799,0.230476938282749,1,1
"90",0.0818152312980355,0.247579336308627,13,1,1,0.569436473775247,0.206017741558623,0,0,0.175556222335261,0.206288606874045,1,1,0.529214706611449,0.219121248371593,0,1,0.100772431705617,0.260308642129382,1,1
"91",0.228528658330847,0.217563898814463,19,1,1,0.464711518109165,0.196969000164504,0,0,0.179672260223937,0.20756670714299,1,1,0.375001342784592,0.231728594476417,0,1,0.286221743341068,0.242771425042248,1,1
"92",0.458744732349467,0.23141358509551,9,0,0,0.642585257772928,0.211693337949998,0,0,0.403342610749763,0.20805521791458,0,1,0.570292077594744,0.237937233382575,0,1,0.390715885408997,0.272478914407657,1,1
"93",-0.148856293143912,0.249590567881654,3,1,1,0.168267896503032,0.214709518528013,1,1,-0.190743237585934,0.202587734385506,1,1,0.238499240804281,0.255300781321183,1,1,-0.137108311516196,0.272797889932282,1,1
"94",-0.21148325158931,0.244784899482919,7,1,1,0.223432495928564,0.177428135503891,1,1,-0.214430419329362,0.195608167718691,1,1,0.217639955077246,0.268733382395341,1,1,-0.238982144632886,0.246205535182017,1,1
"95",-0.151262031319685,0.214699105782495,11,1,1,0.314340993081381,0.20442564299331,1,1,-0.0213525822550983,0.203073161984821,1,1,0.0802225603054626,0.234652136796877,1,1,-0.0710797479606326,0.243021900593982,1,1
"96",-0.264059805896407,0.226814670969562,19,1,1,0.11204351345739,0.188322887493566,1,1,-0.241765391080074,0.199159638185504,1,1,-0.0887964291903675,0.24853105922064,1,1,-0.213472332181281,0.234305549869553,1,1
"97",-0.167594458115711,0.188174678376449,7,1,1,0.143229966843861,0.192240154720121,1,1,-0.165334529578118,0.203314523577226,1,1,0.0276381659383435,0.194086007584411,1,1,-0.241723320608391,0.222019425057347,1,1
"98",0.197055852983676,0.203932019786801,11,1,1,0.674354838340617,0.177098472819776,0,0,0.221799200988621,0.213009024297775,1,1,0.498416562026506,0.232718549232143,0,1,0.257165142601469,0.275808002835558,1,1
"99",-0.0916084164650977,0.249936230905044,15,1,1,0.212240929592326,0.209598704239002,1,1,-0.16890423909635,0.203715370376536,1,1,0.0504432367368902,0.257866312336295,1,1,-0.181764055864817,0.305328052118144,1,1
"100",0.168322501817394,0.210787450237707,7,1,1,0.459449615281889,0.207116534236032,0,0,0.166838239138963,0.204058365806001,1,1,0.313652053666817,0.217256250851828,0,1,0.190813156543321,0.23011288500109,1,1
