"","V1","V2","V3","V4","V5","V6","V7","V8","V9","V10","V11","V12","V13","V14","V15","V16","V17","V18","V19","V20","V21"
"1",0.825254176646806,0.205892826474312,13,0,0,0.708307211939763,0.254725375701232,0,0,0.675082570037719,0.25041991259193,0,0,0.594478860258749,0.286651260228396,0,0,0.69910467013204,0.275796923032055,0,0
"2",0.679420770851169,0.274936709984147,13,0,0,0.828780863280045,0.241132950011949,0,0,0.764918871695393,0.212763151203318,0,0,0.671394613639532,0.267594576666315,0,0,0.645754399866137,0.271045621334869,0,0
"3",0.63295040449768,0.248806693580345,13,0,0,0.587276455490729,0.275216799923026,0,0,0.727469818319668,0.322509594737327,0,0,0.612839406441452,0.29284578700641,0,0,0.632539757722674,0.272261198207719,0,0
"4",0.676946726253622,0.254597581684116,5,0,0,0.789281371558369,0.234176294094901,0,0,0.762759033917751,0.19342476962561,0,0,0.578540511354588,0.263167578249243,0,0,0.764597276701745,0.21131432054961,0,0
"5",0.552199695944845,0.246096566731863,9,0,0,0.709527144823232,0.19989934442789,0,0,0.649689977946692,0.204263324869665,0,0,0.413389226760536,0.292039732022116,0,0,0.589419414673174,0.329312882720606,0,1
"6",0.362878105632496,0.245001392692197,13,1,1,0.360452167866824,0.209197979014976,1,1,0.307758163403701,0.232085841906755,1,1,0.225678486929268,0.293711194050267,1,1,0.334597678724936,0.291566571720432,1,1
"7",0.994781747143786,0.272103937431058,19,0,0,0.953831782266963,0.226600516528801,0,0,1.01024946686695,0.233310042340916,0,0,0.647832929406553,0.424104302432854,0,0,0.900174366846947,0.43034111312908,0,0
"8",0.499866929992425,0.290040869300139,11,0,1,0.348398255727411,0.275482015025352,1,1,0.345499101862127,0.277828973518802,1,1,0.196279672256195,0.358073707519985,1,1,0.48516591140054,0.271080069567515,1,1
"9",0.834662365826868,0.240898017693676,13,0,0,0.768710828153282,0.236668660365319,0,0,0.734674568869972,0.226856707534509,0,0,0.526311121751816,0.316916477685945,1,0,0.735127496387763,0.282470210028385,0,0
"10",0.945958515254335,0.227531474275826,15,0,0,0.74595585979227,0.221087878259487,0,0,0.808392377767227,0.247832678045009,0,0,0.311257989133652,0.368333815369971,1,0,0.956414258410511,0.331844870733016,0,0
"11",0.449738671656702,0.368399938934463,3,1,1,0.506651760469994,0.246592311555422,0,0,0.55740942248902,0.271012711909316,0,0,0.427934014525283,0.311513665426458,1,1,0.466308954414913,0.284812912530656,1,1
"12",0.262368585031268,0.245766696628221,17,1,1,0.262637551671911,0.175409701375267,1,1,0.263717147862626,0.222331034409749,1,1,0.258588151218045,0.307476774407409,1,1,0.336147285215583,0.282454771568519,1,1
"13",0.555409584222326,0.23376205666199,13,0,0,0.558248415740117,0.230836398951313,0,0,0.615252638595257,0.243032221150977,0,0,0.60524664497828,0.283569290163964,0,0,0.495230066272374,0.34713364806872,1,1
"14",0.785897249407046,0.249665691930127,15,0,0,0.652703355066169,0.286141758970224,0,0,0.635798148045703,0.272978156786844,0,0,0.80573019704764,0.267783387444062,0,0,0.643230611758299,0.314675796092319,0,0
"15",0.586399416445646,0.300829492572188,15,1,1,0.635930691254878,0.204836502435811,0,0,0.599431359791528,0.26814265977244,0,0,0.818790320121287,0.294019320386486,0,0,0.542336571800466,0.311067581418043,1,1
"16",0.433136327231251,0.259591187490277,19,1,1,0.391739190398233,0.229961178139397,0,1,0.3638761692932,0.222283594946452,1,1,0.369734770043048,0.270176228321296,1,1,0.484952811887248,0.242097315334321,1,0
"17",0.295656930864762,0.218264269594235,15,1,1,0.41221512257274,0.231576210700826,0,1,0.379861441735323,0.209443439826844,1,1,0.402354105218279,0.243352271252879,1,1,0.358872744556597,0.269204921281423,1,1
"18",0.788867316726539,0.301264028428768,7,0,0,0.78314373681749,0.250000532867791,0,0,0.781172405362033,0.247379577357721,0,0,0.793944493495693,0.295559635478593,0,0,0.8136269269117,0.306670356882549,0,0
"19",0.355595310658001,0.242031853783042,13,1,1,0.404159141401954,0.211242911618361,0,1,0.431534670082374,0.209420101945525,0,0,0.457294306903103,0.235360311492691,0,1,0.422055430474151,0.257855444771573,1,1
"20",0.695828089158466,0.237874902211567,5,0,0,0.644986646533741,0.208364255094265,0,0,0.650347630635052,0.176604953431858,0,0,0.7314606349275,0.2327809874805,0,0,0.660415925409773,0.231864924887694,0,0
"21",0.569778397027904,0.292595993687616,3,0,1,0.658212845140001,0.241850394603176,0,0,0.648467640237849,0.266460483881339,0,0,0.665660913680253,0.28155818214393,0,0,0.680690417921357,0.302618989850068,0,0
"22",0.809190224730061,0.216178124274299,17,0,0,0.797336802227692,0.203949341279548,0,0,0.823032634690012,0.21220668733609,0,0,1.12799474455868,0.306870575027928,0,0,0.761345935374157,0.279604475923384,0,0
"23",0.920950477970749,0.283344832849924,7,0,0,0.877358111062342,0.245663833906422,0,0,0.909563856832413,0.25965495128765,0,0,1.08725774230054,0.249447108737662,0,0,0.793214508574423,0.284990957751939,0,0
"24",1.29256543086774,0.249020757660319,11,0,0,1.13903958223792,0.279580435580985,0,0,1.14791364733144,0.240123403158776,0,0,1.26925137222108,0.298141459146396,0,0,1.11406067034221,0.281729291360248,0,0
"25",0.812966875337117,0.245449815369042,9,0,0,0.826666966672199,0.202697814883718,0,0,0.820534012049532,0.267862912362261,0,0,0.60279058843623,0.307602464557365,0,0,0.872589885947927,0.312387918225376,0,0
"26",0.740344413508139,0.360914426938926,5,0,0,0.930257666629813,0.305538392113889,0,0,0.916065603425221,0.29869165791791,0,0,0.788697749973688,0.381589607036173,0,0,0.749276956935761,0.405056081802166,0,1
"27",0.935711289560109,0.249528167181718,9,0,0,1.05654061240827,0.221828548897071,0,0,1.04504038818168,0.235111422172526,0,0,1.17631087468972,0.337882626399553,0,0,0.925086953288934,0.307696805658091,0,0
"28",1.0367362363946,0.27568683288083,15,0,0,1.07637911437765,0.226549065714323,0,0,1.09320730442074,0.246076838039918,0,0,1.10457755153072,0.387738712861933,0,0,1.02089101570682,0.336760566960045,0,0
"29",0.727995882821019,0.195783017415411,15,0,0,0.657971633138094,0.182830342100839,0,0,0.66756875221656,0.17727353279726,0,0,0.646692974209573,0.225252276907132,0,0,0.678318968048269,0.268188531591193,0,0
"30",1.01976150906287,0.241830888475746,15,0,0,0.880790946133835,0.233830476883983,0,0,0.909528899466579,0.237289948067225,0,0,0.9809779578895,0.245401440574717,0,0,0.823772489802755,0.275198850004175,0,0
"31",0.692019080338579,0.276196618529175,17,0,0,0.631066721955247,0.221361587204777,0,0,0.612800466758393,0.285409237668637,1,0,0.616579515875698,0.305718060681258,0,0,0.652417750791337,0.316551256176554,0,0
"32",0.864197413940813,0.241747957097074,15,0,0,0.888329975470559,0.245506783933139,0,0,0.857528107467794,0.310826502979042,0,0,0.884733783730918,0.24764004281293,0,0,0.779686554269388,0.29128686441795,0,0
"33",0.613218382393392,0.264854210759588,7,1,0,0.596418936424886,0.199852595809768,0,0,0.543137910882904,0.214859180867576,0,0,0.284814422948992,0.28751068685192,0,1,0.445958733916883,0.28195289876823,1,1
"34",0.74227931230859,0.237788249239318,11,0,0,0.781989297131576,0.194166371917164,0,0,0.798184461887752,0.204058153433007,0,0,0.587544773309193,0.247373982504318,0,0,0.833495473332565,0.234491128295263,0,0
"35",0.517612055037944,0.27424765006576,15,0,1,0.602625667813918,0.261132227210666,0,0,0.618046772212548,0.271952760310312,0,0,0.673226121542615,0.288414937811549,0,0,0.648460749866844,0.298082016169436,0,0
"36",0.194050505492453,0.252336687149195,9,1,1,0.232142846906679,0.19508516785322,1,1,0.228902409130121,0.240529542130922,1,1,0.279501842532686,0.331475720291479,1,1,0.241674417801394,0.319834323751649,1,1
"37",1.01083202563821,0.248121963507427,17,0,0,1.07291581336269,0.221279647105173,0,0,1.07486482586967,0.220755058501807,0,0,0.904457221377888,0.30725146571413,0,0,1.00586257870252,0.294935640388705,0,0
"38",0.337818535212626,0.219615276557188,5,1,1,0.356400887982753,0.197196822453997,0,1,0.318989755802437,0.214828850455154,1,1,0.350562391670822,0.271428640336642,1,1,0.390677784486952,0.248291094459934,1,1
"39",0.532780027083589,0.206168830821076,19,0,0,0.581240048416058,0.185616179607943,0,0,0.601272489502655,0.203285404211626,0,0,0.472384228394156,0.224474293179228,0,0,0.662684840521316,0.226509114875623,0,0
"40",0.759411228826892,0.244250016585993,19,0,0,0.742627039394744,0.250001569953174,0,0,0.793510692297753,0.24100531478358,0,0,0.693277518821212,0.300518340161859,0,0,0.667966442725191,0.296155287992984,0,0
"41",0.587169416989445,0.261677720426565,15,0,0,0.582515267876944,0.23152725057723,0,0,0.592010655712615,0.286627382016476,0,0,0.273621794970652,0.418588649060494,1,1,0.629285696679818,0.334999283728376,1,1
"42",0.726642332883346,0.225346772032091,9,0,0,0.648147595628493,0.196597625424585,0,0,0.705205428989983,0.218843649286742,0,0,0.644406900634244,0.348033903812352,1,0,0.659384497415132,0.404442637972303,1,1
"43",0.531872678647297,0.225725129229125,19,0,0,0.570294560103739,0.212800902322585,0,0,0.529682343066017,0.254948819954079,0,0,0.468670468711148,0.311566710822943,1,1,0.595718459263019,0.296328649116305,1,0
"44",0.64025950769654,0.234667059710118,11,0,0,0.47187689653097,0.265178658759136,1,1,0.491752618382577,0.210646028414127,0,0,0.441697410065061,0.285843124136802,1,1,0.675299446442423,0.245882170311923,0,0
"45",0.572102862239997,0.244097608935395,15,0,0,0.569657089396773,0.316954159730427,0,1,0.642605097886891,0.327818085652616,0,0,0.368129416197609,0.284417768785871,0,0,0.437380872080629,0.325649192501508,0,1
"46",0.324565303057542,0.226496329688981,7,0,1,0.639332601088515,0.230373551752365,0,0,0.554594948673848,0.236336294706927,0,0,0.354736199565926,0.24694191738464,0,0,0.449428009945265,0.277472445208948,0,1
"47",0.576393198808987,0.225039803816071,7,0,0,0.627538300858986,0.226536509758565,0,0,0.624891645565313,0.23418365756206,0,0,0.315159466457164,0.243388477237167,0,0,0.569465110480653,0.312603875477517,0,1
"48",0.860790023656034,0.308268385002405,5,0,0,0.733796123979458,0.215863089164697,0,0,0.738255052593827,0.22477977523235,0,0,0.904911500202296,0.267864871999922,0,0,0.67425037762267,0.267655236290943,0,0
"49",0.768761235938151,0.283781178214806,9,0,0,0.750112313950594,0.224050682188299,0,0,0.825402429520627,0.222076175666541,0,0,0.874238325816033,0.288604520362524,0,0,0.778207603072914,0.295182738670451,0,0
"50",0.36245348597266,0.259568130704398,15,1,1,0.416952284069683,0.238500746116573,1,1,0.407254222528236,0.21724212658883,0,1,0.0979818623128269,0.365727696034687,1,1,0.422384321999113,0.348870989468562,1,1
"51",0.670728043252385,0.245756176517372,17,0,0,0.646818683412717,0.176817508765139,0,0,0.65764510788499,0.227367374994225,0,0,1.02382251306035,0.316025091832626,0,0,0.628466612748279,0.332676612066477,0,1
"52",0.636763680388252,0.257488381493152,9,0,0,0.765426294829615,0.2176398751894,0,0,0.7134066898152,0.224585401288482,0,0,0.837437415197847,0.38710914251286,1,1,0.636763845063383,0.338583119760382,1,1
"53",0.860653402541504,0.255962805510081,5,0,0,0.769417054429908,0.210900549725585,0,0,0.825767437509223,0.218926853062244,0,0,0.846691888881234,0.295423898503968,0,0,0.782982766690304,0.275373760990243,0,0
"54",0.736302773264946,0.292035112933403,19,0,0,0.944508218012944,0.225375239293686,0,0,1.0033513218267,0.232480788376588,0,0,0.856667648294362,0.29936343657529,0,0,0.904081940205784,0.274231260916259,0,0
"55",0.680310639566969,0.222987023072408,5,0,0,0.707434261405549,0.224415356692554,0,0,0.694037163708892,0.21947340831629,0,0,0.725612552417122,0.270261928995814,0,0,0.569508784835659,0.23103830440025,0,0
"56",0.310854425523646,0.269143827724692,13,1,1,0.255506281940882,0.23488567561013,1,1,0.256416769212204,0.216635547063104,1,1,0.218894622699113,0.299916851520139,1,1,0.375883302938737,0.280408924289443,1,1
"57",1.1009397118022,0.250990953387778,17,0,0,0.995373194653042,0.231534323809799,0,0,1.05044659552975,0.211604486489434,0,0,0.8644406345223,0.395335117309959,0,0,0.871580725211196,0.3653844895255,0,0
"58",0.546140467950095,0.247367753706193,15,0,0,0.664299441046152,0.225203419713055,0,0,0.685453900679732,0.215664465913837,0,0,0.545946406862944,0.290975361346933,0,0,0.548560881182071,0.26056711397531,0,0
"59",0.744073579526957,0.320372914507151,5,0,0,0.717700013577168,0.222346027148186,0,0,0.659978516126597,0.219716125185806,0,0,0.742156597011796,0.316526592404687,0,0,0.585458031266212,0.296198918021498,0,0
"60",0.948346591469968,0.237039975580355,3,0,0,0.942710377699282,0.217295226857376,0,0,0.93281031888798,0.23749563016227,0,0,1.06143027162067,0.268484508237217,0,0,1.05461430066998,0.254386458993244,0,0
"61",0.560123381041105,0.239865650730247,19,0,0,0.732274406165565,0.232118658882214,0,0,0.70628106847661,0.2517374652959,0,0,0.713951181257523,0.26552966995476,0,0,0.504977319302269,0.281654510073618,0,1
"62",0.802598019432668,0.239087537720121,11,0,0,0.838020255322544,0.206629353897108,0,0,0.801012390595192,0.217822919965445,0,0,0.812391378350072,0.26454358883133,0,0,0.800062013051801,0.243116945339063,0,0
"63",1.16291296587311,0.208823241765418,19,0,0,1.15262414265585,0.234751841369964,0,0,1.09828053329505,0.272288963708288,0,0,1.35051430937251,0.274642752233431,0,0,1.06467533329627,0.30358045264284,0,0
"64",0.525863557086397,0.311544152786229,13,1,1,0.608050624696778,0.239966711392981,0,0,0.580819875587769,0.276237220828295,0,0,0.300219235533706,0.38058018957394,1,1,0.682903209141223,0.380510259221995,1,1
"65",0.94277208420681,0.311547646097498,19,0,0,0.948989352978708,0.287952582860377,0,0,0.913858794464866,0.310727994664329,0,0,0.573506483805141,0.345170215062262,0,0,0.922669160028469,0.36029072250222,0,0
"66",0.773885175043275,0.294464531303479,9,0,0,0.789365451636048,0.206279028265428,0,0,0.816049308777276,0.239122851564628,0,0,0.470440518067334,0.270468953176748,0,0,0.84530804383442,0.320605566838214,0,0
"67",0.444751034641996,0.250012271168393,7,0,1,0.654601089438909,0.231997587814979,0,0,0.599201408603459,0.238467402686238,0,0,0.549087395172509,0.260306724028081,0,0,0.47584775893069,0.298675611442335,0,1
"68",0.494288806481807,0.279072445936494,5,1,1,0.506004320256922,0.199534893131998,0,0,0.437771180072207,0.241753528303559,1,1,0.492086664952411,0.265897826717607,0,1,0.43140694930565,0.276875684634075,1,1
"69",0.721108074219963,0.251031715690237,9,0,0,0.768511387403001,0.238118157324812,0,0,0.758380653936477,0.209773426216935,0,0,0.719525109489923,0.268674445118528,0,0,0.703183916865603,0.255900825668187,0,0
"70",0.411220084157851,0.21989700484084,13,0,1,0.439959445234646,0.219435623490503,1,0,0.450126025782259,0.201056990087776,0,0,0.472707570479286,0.282942020361764,1,1,0.51795784994854,0.267809809750968,1,1
"71",0.536629868019762,0.295787078254521,15,0,1,0.524666443421044,0.236680816947632,0,0,0.517119644686117,0.274685692748411,0,1,0.021258881061335,0.35079890589018,1,1,0.537081212379393,0.324307450651665,1,1
"72",0.371348932690223,0.259412268338546,19,1,1,0.282697178929061,0.221935379725612,1,1,0.341839058771597,0.270566460856867,1,1,0.11026624122463,0.284176279046091,1,1,0.403793787185075,0.2918308463355,1,1
"73",1.11294642458522,0.23992816885096,17,0,0,1.07331030618743,0.251473417170889,0,0,1.04229711141342,0.27151377263188,0,0,1.00052647253194,0.267614071797912,0,0,1.07907729357761,0.273877271859907,0,0
"74",0.640763084390102,0.27049346810139,5,0,0,0.644007706477546,0.276393116664603,0,0,0.686824872710495,0.220643030673833,0,0,1.01253032528869,0.265041388074837,0,0,0.629886684045146,0.326183601248111,0,1
"75",0.443166436556785,0.289599405327987,3,1,1,0.603585897351452,0.208953114377522,0,0,0.528100677559637,0.200509652435876,0,0,0.512794173485656,0.303422749587268,0,1,0.515354830084633,0.28604717100254,1,1
"76",0.82217430063046,0.262578196229697,3,0,0,0.933394847516771,0.237528123354082,0,0,0.902758159382651,0.241679083723182,0,0,0.819620301835754,0.297506914132925,0,0,0.875256287428869,0.333009323107465,0,0
"77",0.679672651884971,0.294372086171063,3,0,0,0.464096922401093,0.243156502273105,0,1,0.485907180666589,0.240004366302861,1,0,0.549389779000546,0.318179260227337,1,1,0.533446190151365,0.314161652387054,1,1
"78",0.973993102090587,0.226952388688491,17,0,0,0.826828825704768,0.213413215247354,0,0,0.856143183160268,0.255884309366624,0,0,0.840131422736324,0.266816441680244,0,0,0.700475197629207,0.276677292111343,0,0
"79",0.46680380667573,0.283638894120571,5,1,1,0.634643877051068,0.239464241753752,0,0,0.556208803844974,0.239628981158257,0,0,0.510784991524441,0.255921085452398,0,0,0.503260276457237,0.293533382249883,1,1
"80",0.576637241749291,0.336596480196014,19,1,1,0.644144912636786,0.227377441267453,0,0,0.56478191055549,0.252739797207876,0,0,0.679076592668678,0.368201929163699,1,1,0.471818175128514,0.364345331967609,1,1
"81",0.757043498508685,0.282789194117316,11,0,0,0.692327621931638,0.22434177373287,0,0,0.699891324949534,0.218581455147659,0,0,0.960309767503078,0.314578299383245,0,0,0.652802415175751,0.322043176730065,0,0
"82",0.613358188278295,0.241994331432866,17,0,0,0.635076445886649,0.195215419336459,0,0,0.640326346543473,0.222717693652624,0,0,0.545078366548976,0.244371761436555,0,0,0.608929298881192,0.245093782703772,0,0
"83",1.05685223958562,0.243035057813884,15,0,0,0.94661785246593,0.283951175297782,0,0,0.961321480106136,0.239136098206263,0,0,0.706555342902692,0.276565848898187,0,0,0.913638889022914,0.262368635774094,0,0
"84",1.1199915729871,0.284961811979233,7,0,0,1.14486409243717,0.236784133901568,0,0,1.15071206136169,0.244870153206019,0,0,0.931973877916551,0.284886193527997,0,0,0.928892879563528,0.279838181505212,0,0
"85",0.844500469430943,0.210000979538261,19,0,0,0.875620949098882,0.209114783418737,0,0,0.823269998469431,0.232191531436321,0,0,1.14471478691108,0.273843202497774,0,0,0.748865802285282,0.245205069805334,0,0
"86",0.693602051121628,0.242209267401456,13,0,0,0.425324407400873,0.280633438754285,1,1,0.53080734407636,0.295155312882688,1,1,0.60671705775626,0.315025632759889,0,1,0.496409646522416,0.273898665556792,0,1
"87",0.880267814474158,0.255868798086205,5,0,0,0.768468334258104,0.214744969707213,0,0,0.723913746556295,0.224147932590493,0,0,0.871767911112136,0.282834752597605,0,0,0.640351530653284,0.29454735964494,0,0
"88",0.57476921967985,0.227296583959935,1,1,0,0.473170107383031,0.20457625585046,0,0,0.472790092137077,0.190949529027195,0,0,0.597484796275724,0.212398349528578,0,0,0.57476921967985,0.23149726627538,1,0
"89",0.492185301185759,0.270930218083579,13,1,1,0.44782366635505,0.242391759735828,1,1,0.539570064326376,0.2705879889766,0,0,0.502636947563376,0.356451123511963,1,1,0.411947501976444,0.3326268800463,1,1
"90",0.8991907613351,0.287868375741111,9,0,0,0.771156677296301,0.235943486404336,0,0,0.73541498686771,0.226292327022232,0,0,1.19223814459192,0.319010555202312,0,0,0.625671438943869,0.307467556657435,0,0
"91",0.671687774358486,0.319325665668193,13,0,0,0.547426265451943,0.258665090870844,0,0,0.543723003126021,0.235074663127537,0,0,0.845384681685681,0.291626074754167,0,1,0.618163345692697,0.325444128738524,1,1
"92",0.813387184929183,0.269650140125533,9,0,0,0.592346758079107,0.192894884144097,0,0,0.548199117820917,0.230672686866261,0,0,0.81147676798792,0.274927613264834,0,0,0.506591162076976,0.286184302942199,0,1
"93",1.09458872237287,0.259318196408864,3,0,0,0.931333811524156,0.22591702667031,0,0,0.909333840622324,0.212124828252001,0,0,1.16198455912003,0.272795451308879,0,0,0.775702322192954,0.239183526231823,0,0
"94",0.67623623140052,0.268823193623241,11,0,0,0.738064851729204,0.225519480330879,0,0,0.714925074327983,0.238207209015499,0,0,0.672856154887964,0.368567564349006,0,1,0.47270985306767,0.366200355474495,1,1
"95",0.697069812259785,0.194285930139617,17,0,0,0.703592129210629,0.220019288935397,0,0,0.727122907353107,0.21737627204563,0,0,0.547175005589496,0.249496103791381,0,0,0.644173318296774,0.233127367342857,0,0
"96",0.898176933832823,0.262132324922967,15,0,0,0.745539650964406,0.259967695298799,0,0,0.750806230293108,0.257049138949159,0,0,0.715974294592204,0.361252961897172,1,0,0.68259232999802,0.3778668364073,0,1
"97",0.564853510856772,0.246118863215274,11,0,0,0.536250516575493,0.228318780991522,0,0,0.559884040954766,0.24482698867465,0,0,0.415451652575805,0.267858988527449,0,0,0.551807087950796,0.281308166725105,0,0
"98",0.719090989838811,0.257687187217976,15,0,0,0.650322348053905,0.248098143196074,0,0,0.64302448955311,0.209717355717799,0,0,0.685102296511081,0.30562374098482,1,0,0.626526454967825,0.255595027749481,0,0
"99",0.647179935313632,0.241493986018738,17,0,0,0.646349464271566,0.225009217408022,0,0,0.674925342990488,0.255599217195348,0,0,0.56491231631348,0.320177742442939,0,0,0.60384751334816,0.313795510950586,0,1
"100",0.389810048559904,0.247983610470285,9,0,1,0.463041309895616,0.220262141465264,1,0,0.423730023360093,0.222420409912383,0,1,0.574873118501052,0.270320695275918,0,1,0.389115221660799,0.243600030072838,0,1
