"","V1","V2","V3","V4","V5","V6","V7","V8","V9","V10","V11","V12","V13","V14","V15","V16","V17","V18","V19","V20","V21"
"1",-0.0387966441420733,0.225249806928955,17,1,1,0.0107652866212542,0.174455784751697,1,1,0.0217977794350829,0.198562902846514,1,1,-0.00490589795098342,0.246629782923189,1,1,0.0155387177109837,0.208754025025465,1,1
"2",0.712576931422959,0.223276172733669,7,0,0,0.787029723600003,0.175438474750971,0,0,0.80953120687762,0.178553757873819,0,0,0.471591283147397,0.20525838467902,0,0,0.742655479896651,0.266241185700099,0,0
"3",0.29652663562395,0.213300024601977,9,1,1,0.278055093894239,0.196963397579979,1,1,0.266937741788308,0.192506334955674,1,1,0.228160009659013,0.229097902152043,1,1,0.241343686146053,0.224050981200736,1,1
"4",0.187115326069819,0.180865080086709,15,1,1,0.143562090659736,0.188738892305587,1,1,0.143293576673113,0.177305579802735,1,1,0.330429956112492,0.243045278896081,1,1,0.0846212778595606,0.259542781980617,1,1
"5",0.471253999733876,0.204458641852718,11,0,0,0.4252141262313,0.199732030140065,0,0,0.425074423021966,0.179239957147836,0,0,0.348671614872101,0.239567219276225,0,1,0.482796888944849,0.198864683876103,0,0
"6",0.1838039460391,0.236631036945377,7,1,1,0.16731428784341,0.226531605684646,1,1,0.151338803086276,0.197042334901156,1,1,-0.0136165763277701,0.273120855310714,1,1,0.156897949814532,0.271242547653872,1,1
"7",0.279223674165018,0.213372514464086,15,1,1,0.264729451893155,0.209917149820408,1,1,0.278968707651648,0.234046878125825,1,1,0.171390966141422,0.21917376191042,1,1,0.277554296373085,0.226654292851307,1,1
"8",0.516413341808272,0.240252598021865,3,0,0,0.52795621565345,0.200800336848016,0,0,0.517283833026949,0.185944134549601,0,0,0.528320944049081,0.22861036967992,0,0,0.507356707984221,0.220529768310534,0,0
"9",0.470020548745736,0.224992391323721,5,0,0,0.424787320412823,0.181040387078329,0,0,0.448869503613287,0.188598553221226,0,0,0.416480753745653,0.257320817764697,1,1,0.412259101567503,0.193466318422525,0,0
"10",-0.0505557183476847,0.227447658279264,19,1,1,0.0806230398502581,0.193547303456877,1,1,0.0984913829817939,0.212710748061032,1,1,0.185142141249299,0.22912315602582,1,1,0.0619502782985081,0.234157695156696,1,1
"11",0.443318760952214,0.209007978715682,1,0,0,0.466376496254583,0.188403987800494,0,0,0.465559974061119,0.19371499665238,0,0,0.468715801397773,0.22425562787684,0,0,0.443318760952214,0.213143785744056,0,0
"12",0.243376722243022,0.201402385786946,19,1,1,0.285919474288175,0.206636567608766,1,1,0.286698994498216,0.213612367135623,1,1,0.365435647361145,0.219449751252996,1,1,0.290223136890054,0.208076949615734,1,1
"13",0.315452091177545,0.244259242639376,11,1,1,0.23713233323526,0.212867962200684,1,1,0.265520084968632,0.215079401302327,1,1,0.053236541478291,0.236507685217331,1,1,0.329942919973873,0.235896449628626,1,1
"14",0.404963207171652,0.219460299659613,17,0,1,0.431929689894795,0.230515944181593,0,1,0.442225440071346,0.221838742955604,0,0,0.569385923630476,0.225476282184415,0,0,0.44984042842084,0.260574347190882,1,1
"15",0.330740385285282,0.19230783201169,19,1,1,0.259853507851536,0.195419959945913,1,1,0.276642037277204,0.193231225095001,1,1,0.125691931746435,0.225319115036764,1,1,0.238267626820004,0.223995244636116,1,1
"16",0.348032270343223,0.228962375025533,9,1,1,0.37856636550438,0.188483399571553,0,0,0.371456823067361,0.219300430570913,1,1,0.413878717564604,0.194576547894513,1,1,0.421637727116747,0.24095611095624,1,1
"17",0.152861980589539,0.232406975747086,9,1,1,0.151995607999407,0.213120959114144,1,1,0.162893149844356,0.223137584001425,1,1,0.216642216469795,0.252682653816205,1,1,0.158974961891463,0.241457085712053,1,1
"18",0.478429044408766,0.176635284787963,9,0,0,0.494851300074537,0.188858801549258,0,0,0.493279634203371,0.201736674300154,0,0,0.417957493355543,0.207344604101945,0,0,0.52207196311358,0.245871193807884,0,0
"19",0.284857982643993,0.21271331727998,5,1,1,0.383975255468182,0.209510894101537,1,1,0.388725154469015,0.175232633078688,0,0,0.0829171393165445,0.212449064673868,1,1,0.288895441322777,0.255290329260358,1,1
"20",0.335206348532394,0.200911858671105,9,1,1,0.354442927025761,0.186400893916812,1,1,0.354190312772285,0.237341897118659,0,1,0.429088635557941,0.273733657253168,1,1,0.395250366972745,0.230421621229101,1,1
"21",0.4678002196302,0.222668049174573,1,0,0,0.386780354271622,0.19722458285271,1,0,0.387328323102136,0.189526657811412,0,0,0.480061900679878,0.212198023959615,1,1,0.4678002196302,0.234478527231918,1,0
"22",0.349611410778403,0.248535477704792,1,1,1,0.393565924102121,0.186843319265175,0,0,0.396641497583934,0.186657819406459,0,0,0.4092011746924,0.244590861793037,1,1,0.349611410778403,0.260701495894513,1,1
"23",0.184156639751163,0.216301019114264,17,1,1,0.206242849456689,0.247965212012191,1,1,0.212070203916506,0.191102838997116,1,1,0.208378314762866,0.265316238365345,1,1,0.238319575829602,0.246614317205512,1,1
"24",0.289238907984715,0.21318995335886,5,1,1,0.226318264237738,0.206040429481173,1,1,0.234066871141052,0.177194613474516,1,1,0.201536615828815,0.242939934294079,1,1,0.217311428230405,0.218773941957738,1,1
"25",0.566639050192894,0.229459839264689,9,0,0,0.534100923041457,0.215706763078384,0,0,0.548776176339421,0.223003156965604,0,0,0.674938805373557,0.216892936324601,0,0,0.573708773303285,0.232515434738732,0,0
"26",0.327358090158458,0.227735128103092,17,1,1,0.215416166140745,0.20982195532254,1,1,0.221933624171098,0.209727018693747,1,1,0.0261116842788755,0.272117528152854,1,1,0.200602005507756,0.261924378648905,1,1
"27",0.0299941722330956,0.234620407102068,11,1,1,0.0768533316906218,0.185715116495085,1,1,0.0767998679573832,0.187531868807537,1,1,-0.117776808128905,0.223206798181008,1,1,0.0650920298485161,0.251849839517778,1,1
"28",0.585672330486498,0.245490396419666,3,0,0,0.495264824095678,0.201055558608117,0,0,0.506134751491819,0.204469915474398,0,0,0.776229434380332,0.225321519732695,0,0,0.535867267745421,0.272833340194108,0,0
"29",0.263493356759939,0.238851529220063,11,1,1,0.304710603046933,0.231307481853144,1,1,0.294203715640503,0.215298591711422,1,1,0.199742300620294,0.295469390558074,1,1,0.251957393897842,0.236710337382799,1,1
"30",0.365442043084414,0.239522729265449,7,1,1,0.323923269733048,0.252047509601581,1,1,0.288197895322138,0.23887137127317,1,1,0.268305038054309,0.321978016703175,1,1,0.335983051973444,0.303295100101484,1,1
"31",0.312890720057133,0.202172467160728,11,0,1,0.355229417528029,0.199009671345019,0,1,0.360529855376829,0.190645176568802,1,1,0.406235783089434,0.25413459912025,1,1,0.41379951162154,0.20124140923625,1,0
"32",0.383422640874655,0.208906599643944,19,0,1,0.417296140241052,0.178750847210152,0,0,0.404054612755438,0.172410709899253,0,0,0.376146576719219,0.226656911214202,0,1,0.395467683130452,0.232160107916043,1,1
"33",0.278445987127402,0.213433894482456,15,0,1,0.372162900470579,0.181156172723327,0,0,0.361029611749352,0.185793231520967,1,1,0.358439807617155,0.214688182511393,1,1,0.29793785193731,0.234621084079048,1,1
"34",0.483459319048719,0.176690031893266,13,0,0,0.449224977141999,0.200055731540256,0,0,0.436630966779136,0.192412310552188,0,0,0.416117888500227,0.235160534673739,1,1,0.392513489381983,0.211138985910496,0,1
"35",0.330892757685034,0.217830569215132,11,1,1,0.338353134515671,0.168363893336233,0,0,0.339501286199751,0.205519455200169,1,1,0.218806922478763,0.257190888102853,1,1,0.329778089544648,0.23734910202899,1,1
"36",0.213788699664034,0.198291943763902,11,1,1,0.214445511973167,0.20351512126242,1,1,0.219861861745092,0.18870490486422,1,1,0.113804215620692,0.23815146616421,1,1,0.212647084274489,0.237961864020662,1,1
"37",0.399241200255371,0.218266138003431,11,0,1,0.298617438758023,0.206339622615353,1,1,0.302719912734888,0.197378299475596,1,1,0.298416661939071,0.207068410365226,1,1,0.329154747372464,0.243331413638526,1,1
"38",0.147361401311545,0.195134127447331,13,1,1,0.160565999154733,0.210501143574063,1,1,0.168514551494503,0.165834201247664,1,1,0.21836526487711,0.230019474349057,1,1,0.164817546322355,0.205244116487187,1,1
"39",0.432541595894591,0.209177215079952,17,1,0,0.421716905766601,0.189977699251773,0,0,0.421379696543003,0.203371491170164,1,0,0.504035485182573,0.246940987902934,1,1,0.388841610386333,0.235133993872303,1,1
"40",0.322802879297123,0.232720730218656,5,1,1,0.421529670864467,0.211957513956116,0,0,0.425330547329007,0.198441802542824,0,0,0.323640020339536,0.233374725129545,0,1,0.371879734848816,0.226867003161958,1,1
"41",0.329064426383494,0.193255469064845,15,1,1,0.336661193399008,0.204789518640347,1,1,0.346617907474945,0.211780297303395,1,1,0.306523131915564,0.214528486402146,1,1,0.345105387960774,0.238989277087486,1,1
"42",0.269967924610493,0.206350735077484,5,1,1,0.258758707526759,0.187000403837874,1,1,0.277459736530285,0.199647673383525,1,1,0.150236305012413,0.25499747324062,1,1,0.2213365406336,0.246541863993048,1,1
"43",0.328721557423597,0.251508979767791,3,1,1,0.339559626106503,0.23539726353971,1,1,0.341409687314494,0.198015435261202,1,1,0.396042823708628,0.261531056880858,1,1,0.336883713404317,0.254867117100174,1,1
"44",0.489076240857922,0.221201299641323,19,0,0,0.500305825805513,0.208083070269735,0,0,0.490715545115706,0.216399416543103,0,0,0.680489741159622,0.265234917053002,1,1,0.463400794388928,0.248010342579353,0,1
"45",0.348078828829426,0.211257656066935,17,1,1,0.366126571660281,0.186917401746315,0,1,0.363103499575821,0.2144767425149,1,1,0.561261092181459,0.217826107809616,1,1,0.343794457462869,0.23650256523797,1,1
"46",0.61726516032164,0.21409051141676,13,0,0,0.54766455839745,0.183532027734033,0,0,0.554442140198493,0.190048622470712,0,0,0.727667165623511,0.229675753530901,0,0,0.537556207944008,0.211895169225148,0,0
"47",-0.0915195290081021,0.255316350164751,13,1,1,-0.0724206945012049,0.209613410321016,1,1,-0.0805106790087399,0.220119632483986,1,1,0.0361792039102749,0.236831085561896,1,1,-0.102403736742593,0.23967160758459,1,1
"48",0.488485959378484,0.21318991570329,15,0,0,0.49506255977818,0.202279755979966,0,0,0.51014412673437,0.206467294183557,0,0,0.291145229261573,0.235869815561389,0,0,0.401293324133769,0.284247982598596,1,1
"49",0.231901422391733,0.202007653618034,17,1,1,0.266505660265505,0.179361045782576,1,1,0.272518035801817,0.190419408260991,1,1,0.0842860499124858,0.207997286811703,1,1,0.208741452288429,0.232452765279371,1,1
"50",0.354674003333015,0.239035667839899,15,1,1,0.358797091436788,0.199455478901155,1,1,0.36148080320784,0.205904106443896,0,1,0.343145324368711,0.233426803077682,1,1,0.355773123490462,0.248135169794333,1,1
"51",0.42351254221495,0.210114137450348,17,0,0,0.508606668129586,0.212605784219996,0,0,0.510377660347397,0.225217267335192,0,0,0.354813325270962,0.204137452033818,0,0,0.482641270800818,0.251193480635028,0,1
"52",0.183609081618041,0.236287989253772,9,1,1,0.187375296262705,0.192914357850971,1,1,0.173473174269282,0.198622321093698,1,1,-0.0713088407569107,0.258178714608092,1,1,0.126942765877095,0.28327517975399,1,1
"53",0.136972452565708,0.228733022055321,9,1,1,0.051657459646201,0.185185842591019,1,1,0.0473047793828533,0.194907603083064,1,1,0.150674816747598,0.240578948010764,1,1,0.0336564757561108,0.23191150659198,1,1
"54",0.520668296291747,0.253741318543059,11,0,0,0.576876711663757,0.173886034298269,0,0,0.567838302109234,0.199992865834368,0,0,0.401590271131916,0.267585237662172,0,0,0.520511364837599,0.292007153837738,0,1
"55",0.58519100235863,0.219027270315977,13,0,0,0.708336906904453,0.234946955233556,0,0,0.704314549965097,0.235408572146794,0,0,0.66389419987409,0.249346817577911,0,0,0.637949493235688,0.220203478794348,0,0
"56",0.167538591948321,0.236163492820234,11,1,1,0.167906955521389,0.201314385609777,1,1,0.169391768969786,0.209070920290358,1,1,0.191104879109548,0.24394468310657,1,1,0.153200767702698,0.253372940397891,1,1
"57",0.377960801678434,0.244882149312227,15,1,1,0.352265893073114,0.202237245323123,0,1,0.372772913356459,0.190047268295757,0,0,0.347625564909176,0.225013282875721,1,1,0.360880467084938,0.211030873831409,1,1
"58",0.403951302468658,0.198127873909201,11,1,0,0.364546048402211,0.191632329447242,1,1,0.368791610022556,0.151881382839393,0,0,0.276111905526434,0.251536795063814,1,1,0.354978330878628,0.210109516197872,1,1
"59",0.185773532947468,0.193014569748503,17,1,1,0.18523787479629,0.185585826426027,1,1,0.189556058377639,0.175212347742968,1,1,0.0794551626022477,0.247861934940585,1,1,0.193602271983773,0.246840784208659,1,1
"60",0.408700191230936,0.221369377704966,17,1,1,0.463795373020346,0.214358537961841,0,0,0.475165628742727,0.194740388963816,0,0,0.54898515706808,0.266551078078441,1,1,0.435110675133043,0.236773323237571,0,1
"61",0.980347015165508,0.200515395069291,11,0,0,0.942494665650366,0.201758295344816,0,0,0.942736798436768,0.203870858587379,0,0,0.967369432045908,0.240856798157404,0,0,0.987174333403551,0.213309277880935,0,0
"62",0.625634095980308,0.192900484812877,13,0,0,0.623701237137998,0.187528388543315,0,0,0.625456902289967,0.184315458905818,0,0,0.62413682815293,0.230384968245783,0,0,0.616653302127813,0.191615677797027,0,0
"63",0.141126160135519,0.24269113829513,19,1,1,0.253265500397262,0.211579768610976,1,1,0.286920924707057,0.220437622080178,1,1,0.212271703631729,0.240431411552396,1,1,0.274718503450771,0.270931839668991,1,1
"64",0.19936115085643,0.225683557779902,13,1,1,0.171010121044958,0.217626002735856,1,1,0.161536222927323,0.174770092124889,1,1,0.216270357577963,0.270547079072144,1,1,0.165394136909703,0.236905100185329,1,1
"65",0.448988091836231,0.237481588327493,11,1,1,0.42853315825671,0.213123829928767,0,0,0.430062464879426,0.209522076261587,0,0,0.273445049121914,0.222268391958602,1,1,0.376374217241958,0.25332948665767,0,1
"66",0.318418657313608,0.212600134584228,3,1,1,0.347935476889762,0.191819995487926,0,1,0.332621323364587,0.218120243325018,1,1,0.38223709843652,0.238304378053966,1,1,0.332341540528753,0.231525243743798,1,1
"67",0.0668403955024721,0.216602656020114,15,1,1,0.112254898710009,0.211642145014817,1,1,0.103711411648376,0.22206786219898,1,1,0.085925446403042,0.257775075236534,1,1,0.0782791726410793,0.24838852792643,1,1
"68",0.424711674531886,0.215799658418612,17,0,0,0.499441030370194,0.166213739953644,0,0,0.496619258468568,0.189248491205692,0,0,0.485011954698352,0.251701068497785,1,0,0.466194124166044,0.219903565954528,0,0
"69",0.223398182445137,0.194300219222023,5,1,1,0.307402973381098,0.186190157478205,1,1,0.321137150489443,0.172051459632126,0,1,0.272400673109878,0.249931346585772,1,1,0.329407993701452,0.225080036537761,1,1
"70",0.0750443839623439,0.231430875868176,15,1,1,0.195596057705208,0.195813186452358,1,1,0.182470281689185,0.215219231912895,1,1,0.0679273753938108,0.211512836809514,1,1,0.159641464748797,0.236308639168865,1,1
"71",0.747978791784337,0.177359686991809,15,0,0,0.71881559089868,0.180361986306404,0,0,0.720989071324085,0.181969942732477,0,0,0.661608742968812,0.23717942023655,0,0,0.726905146994275,0.213562526698484,0,0
"72",0.465923005820235,0.200815868539078,19,0,0,0.433741701265124,0.182997680157251,0,0,0.446228187688627,0.228352448563622,0,1,0.343897098356322,0.215741907845688,0,0,0.476374668459036,0.221008449563568,0,0
"73",-0.0630947672121329,0.189841647628493,15,1,1,-0.111696647157789,0.199116687837224,1,1,-0.105476167659592,0.186852013403392,1,1,-0.174965096888079,0.231562066862612,1,1,-0.0609634663798843,0.237316870985981,1,1
"74",0.237474388006578,0.206909158216925,19,1,1,0.261583925268157,0.200826652661933,1,1,0.260768546147817,0.194122767851951,1,1,0.254517950894282,0.188283811999675,1,1,0.24615559812167,0.227797129096092,1,1
"75",0.310082812934102,0.209012396358364,3,1,1,0.329321382899856,0.174604119764318,1,1,0.339888844318625,0.177958254071,1,1,0.166570162519959,0.218439649135485,1,1,0.223877673919471,0.219309469152858,1,1
"76",0.153322212045891,0.242758031669597,13,1,1,0.151421791926037,0.199787868580222,1,1,0.161149279808788,0.227315266440863,1,1,0.230061565972985,0.22965831812566,1,1,0.163191972638556,0.247165257589078,1,1
"77",0.407272090040606,0.189767825262709,11,0,0,0.477353477813639,0.188584832914536,0,0,0.454763470528495,0.184645292442797,0,0,0.481253612846693,0.242053064819858,0,1,0.415893624267219,0.215823327422256,0,1
"78",0.0192265282146782,0.227966518004536,15,1,1,0.0679292837427003,0.207573701898789,1,1,0.0442586631794394,0.201316462342254,1,1,0.0484836133211066,0.266865351878667,1,1,0.0220114342722191,0.217761052678228,1,1
"79",0.165091413425279,0.17802863151484,13,1,1,0.228014503025995,0.2125680863912,1,1,0.242402322534931,0.210452712392114,1,1,0.0260117147653396,0.226420725771275,1,1,0.212739289679747,0.223714730559587,1,1
"80",0.376120397960893,0.191032445194489,19,1,0,0.376321724584737,0.180812322046846,0,0,0.395463777583342,0.212359091618669,1,1,0.276340645122537,0.21017530179899,1,1,0.32602608061891,0.194080089756831,1,1
"81",0.322622768885637,0.195314498949451,9,1,1,0.25791686753825,0.157762891976412,1,1,0.274463367614401,0.18819789309217,1,1,0.202570073585329,0.203294547392058,1,1,0.234525939510667,0.251536471780906,1,1
"82",0.528458481038827,0.237323960158352,7,0,0,0.505421746486308,0.190994266957142,0,0,0.484957085624805,0.200835893484631,0,0,0.738617987060924,0.245133407878068,1,0,0.513324162195225,0.222056285239276,0,0
"83",0.265047850318413,0.233660062378774,5,1,1,0.204693641639478,0.206828783312644,1,1,0.216345120078823,0.20459533019706,1,1,0.147507648743147,0.214249497172248,1,1,0.173957749594493,0.237935691777807,1,1
"84",0.104785794440987,0.227614205444331,7,1,1,0.181953751252926,0.229110622664287,1,1,0.181087283964695,0.198334688033148,1,1,0.0287997277973458,0.251047602725455,1,1,0.223206544844557,0.240668740820909,1,1
"85",0.504902187472349,0.258685775497763,9,0,1,0.513558477562458,0.212502497550816,0,0,0.499710626012317,0.211885710641321,0,0,0.795743490081437,0.259799473855395,0,1,0.518952878791444,0.25456445928392,0,0
"86",0.500137073576419,0.1791636907969,3,0,0,0.374385955067958,0.172570673287216,1,0,0.389800200975437,0.188997097754134,0,0,0.654959247131957,0.236294686544788,1,1,0.507306284785262,0.217437871286774,0,0
"87",0.0860626041899339,0.232828844084576,7,1,1,0.233702766494823,0.219020911425669,1,1,0.252615971943574,0.199277896089916,1,1,0.115191915433011,0.23559969958501,1,1,0.2451380567804,0.229396938138076,1,1
"88",0.423247543090262,0.197683688349484,13,0,0,0.378107188333024,0.177311895149326,0,0,0.35857712603663,0.196776248615834,1,1,0.609650260862585,0.258273965647982,1,1,0.362422308228338,0.229459129376325,1,1
"89",0.422087537273481,0.218286714182492,15,1,1,0.433784208135658,0.213361049214346,0,0,0.431293744260358,0.215892556115267,1,0,0.061646009774417,0.211823722085861,0,0,0.379379461920418,0.198110605487924,0,1
"90",0.448318457753846,0.202878490056962,9,1,0,0.419510497859585,0.2111754149096,1,0,0.407743773926476,0.230549996785995,0,1,0.375668523531525,0.247411299933589,1,1,0.433569201135395,0.251878152149858,1,1
"91",0.26775519925751,0.231909074300309,17,1,1,0.231587918429815,0.225723733109611,1,1,0.237535836449418,0.255652011033468,1,1,0.181486944695474,0.279899532896906,1,1,0.265822647205038,0.260793661424132,1,1
"92",0.435700333009433,0.202092985090729,7,0,0,0.507823501320694,0.208396891770022,0,0,0.506313474182387,0.199508790675715,0,0,0.361918302939333,0.242144985931386,0,0,0.489505908203389,0.230434552991451,0,0
"93",0.331646726273954,0.213813149877575,11,1,1,0.291957445415649,0.201023009188237,1,1,0.297686994450583,0.230886788054597,1,1,0.370450222406806,0.231878630575574,1,1,0.305340456774121,0.253872773304119,1,1
"94",0.616373695127316,0.234861973601267,19,0,0,0.483143329416412,0.203572518741634,0,0,0.463359160751585,0.201306096890367,0,0,0.723750830610229,0.257714668271323,0,1,0.473245358244658,0.300816645620891,1,1
"95",0.575505532683895,0.200417932701959,15,0,0,0.59914417170156,0.183184002908989,0,0,0.617690303373547,0.176723233426127,0,0,0.501512693400938,0.218179464489231,0,0,0.598477300253328,0.208154352115359,0,0
"96",0.238623096674911,0.18099319164104,11,1,1,0.349290545536497,0.193177848576486,0,1,0.369313922578248,0.199768677724805,1,1,0.125640212562749,0.270466611275635,1,1,0.290922051731804,0.246133064429653,1,1
"97",0.281256319097299,0.212672862863915,13,1,1,0.214943593631991,0.217892304236018,1,1,0.218290082547871,0.214306079559268,1,1,0.165928512101151,0.217299216133298,1,1,0.202490173336528,0.253682818171074,1,1
"98",0.308376294003168,0.202468908583131,9,1,1,0.284452855067469,0.160654096480579,0,1,0.293091096979293,0.200451454930386,1,1,0.12597137943626,0.225978262188666,1,1,0.314091865405572,0.206832914537241,1,1
"99",0.280476981876519,0.220827822505275,7,1,1,0.270690639603804,0.197721582043856,1,1,0.285845391462402,0.184763999900771,1,1,0.462065350559496,0.191982899557804,1,1,0.309643106595709,0.205433153365082,1,1
"100",0.455261013356601,0.224694209025027,15,0,0,0.410858054658706,0.189442280756522,0,0,0.444371973760235,0.180205981499992,0,0,0.371880643600476,0.251150561809073,1,1,0.41197850983771,0.224225446193262,0,1
