"","V1","V2","V3","V4","V5","V6","V7","V8","V9","V10","V11","V12","V13","V14","V15","V16","V17","V18","V19","V20","V21"
"1",-0.0214011457856645,0.32065963563768,13,1,1,0.738489700189539,0.300547184082697,0,0,0.0608894471728377,0.29470363455346,1,1,0.421045630747361,0.305177027804432,0,1,-0.127468026871081,0.298819964045891,1,1
"2",0.353463332162679,0.237441535044155,5,1,1,0.875883183654411,0.217018228357254,0,0,0.26410441029566,0.256443912747563,1,1,1.01023559027032,0.236327317296529,0,1,0.182928555002481,0.28274700638469,1,1
"3",0.00890963386322002,0.324816199239481,13,1,1,0.664120111915712,0.213903797556788,0,0,0.0877339301861052,0.298261069145889,1,1,0.629915414725144,0.325614310403781,1,1,0.134199795507947,0.352711010745319,1,1
"4",-0.0893609233962568,0.319695635004509,13,1,1,0.602754760934412,0.226672371209056,0,0,-0.248804959404516,0.310672265021211,1,1,0.662208471878986,0.309296937823248,0,1,-0.204045849791507,0.424170036876024,1,1
"5",-0.677022155150287,0.309710136169464,3,0,0,0.3765981370479,0.200503268579173,1,1,-0.661712379263367,0.302877924945612,0,0,0.672207259790604,0.245203937866961,0,0,-0.597787425478053,0.356696059799279,0,1
"6",0.366625478283146,0.344094650097036,19,1,1,0.790813216728434,0.254137330940729,0,0,0.398896047956706,0.274750415908845,1,1,0.741477145859819,0.25953909130765,0,1,0.330806078899868,0.339940987872829,1,1
"7",0.184625958051554,0.381260785565463,7,1,1,0.710118695001763,0.2153809477841,0,0,0.24565468433135,0.327584670800219,1,1,0.390343063465761,0.354891967004569,0,1,0.275682800781117,0.380765692630011,1,1
"8",0.0761607184153589,0.269955675235157,15,1,1,0.721401571307926,0.187525995266863,0,0,-0.0260494810806514,0.311948387935481,1,1,0.703376489259901,0.334836459321932,0,1,0.025580502340256,0.37447289574175,1,1
"9",-0.278362547827778,0.3000189818102,13,1,1,0.399953871909924,0.26627816872494,1,1,-0.325440590923125,0.256646717817812,1,1,0.216030901177843,0.306104783465471,1,1,-0.441608706516266,0.389809944759553,1,1
"10",-0.506135296650928,0.307082603260891,3,1,1,0.409478866944741,0.240016579197299,1,1,-0.532555910601776,0.29900754329573,1,1,0.298540226845233,0.266984952375455,0,0,-0.564051977337634,0.323870751877551,1,1
"11",-0.311725014235348,0.332023528262985,9,1,1,0.497959104519525,0.248154559686563,0,0,-0.369092637879974,0.296767784200288,1,1,0.661655177481149,0.297325445584928,0,1,-0.345604227096728,0.3821416906279,1,1
"12",-0.520533880156004,0.273909478945911,17,1,1,0.328739477987807,0.224665488500484,1,1,-0.41594171161211,0.32975983807648,1,1,0.0889076752704758,0.27892966292382,1,1,-0.279772578994249,0.404124716150738,1,1
"13",0.239318769942104,0.341703217792223,7,1,1,0.887548909201904,0.225472913524322,0,0,0.235744124064522,0.317906910964303,1,1,0.858525888990145,0.312706043382101,0,1,0.227334322296158,0.415624617431741,1,1
"14",0.48460123052666,0.247055915175399,11,1,0,0.972398520891088,0.181660972171315,0,0,0.50484598030383,0.27325907816693,1,1,1.07780662748056,0.251645208880074,0,0,0.358150374150349,0.288847612775104,1,1
"15",-0.241606554322705,0.312921306249206,19,1,1,0.423709559457571,0.264338754619571,1,1,-0.289736797344614,0.281723837745496,1,1,0.375694829447354,0.293362177939466,1,1,-0.168419092105457,0.302291340904727,1,1
"16",-0.10565309217159,0.292396515847964,7,1,1,0.734816237788302,0.174964632384619,0,0,-0.0700665409238421,0.258079811113988,1,1,0.954493217332256,0.330938989052757,0,1,-0.00386671969843689,0.25514822916889,1,1
"17",0.368262788806638,0.359494324422095,17,1,1,0.743538428663275,0.423480105674321,1,1,0.144513648245984,0.436774546461369,1,1,0.649456747903338,0.442252416805998,1,1,0.160902133120505,0.479143142525893,1,1
"18",0.189324465861818,0.294973768051319,17,1,1,0.831519316492117,0.214125664172452,0,0,0.238721022498239,0.262914701308362,1,1,0.734450105258789,0.236640317228961,0,1,0.205669313502161,0.289235902499445,1,1
"19",-0.132902316985109,0.312544730322732,3,1,1,0.604404084990879,0.239130763657913,0,0,-0.0275811801881507,0.297288256000505,1,1,0.381374523873111,0.259640249470708,0,1,-0.0371112274663151,0.345321529870863,1,1
"20",-0.170012252479263,0.264914797213385,15,1,1,0.500670665153545,0.182984417599586,0,0,-0.154322425812865,0.254530747310708,1,1,0.718105178254845,0.286175565586771,1,1,-0.0703394745512826,0.301492833774511,1,1
"21",-0.0146168479810251,0.29097704554444,5,1,1,0.541565514485669,0.229244571588286,0,0,0.0924906996810772,0.243579648754794,1,1,0.47357149836897,0.265516814376624,0,1,0.116138135910001,0.294881628256895,1,1
"22",-0.0429388698636302,0.276062585968884,11,1,1,0.721775009274956,0.199744581861074,0,0,0.0570756924106616,0.272182153158501,1,1,0.879443410333279,0.354982792755877,0,1,-0.00562673986748976,0.330955715330035,1,1
"23",0.0572742036549078,0.281045209656879,3,1,1,0.743638905283963,0.229262036622164,0,0,0.150767612474951,0.250670824269808,1,1,0.887928934308122,0.342726801082281,0,1,0.164092468354219,0.310208240221662,1,1
"24",-0.0686284841986069,0.298872795881488,5,1,1,0.902273782774772,0.196629513158765,0,0,-0.0766755691477451,0.285173728722831,1,1,1.11413177138606,0.239464021038593,0,1,-0.274323972249469,0.344828227199041,1,1
"25",0.161162083602141,0.289275038443334,15,1,1,0.984049453637888,0.219559271310116,0,0,0.178123580669081,0.28146310825163,1,1,1.03562104842551,0.237729463137076,0,1,-0.0190373974714383,0.29380995451646,1,1
"26",0.217684321688531,0.349475773587122,3,1,1,0.936543484135603,0.222099073167673,0,0,0.277883309551159,0.270989319755487,1,1,0.835525082869374,0.30171354898034,0,1,0.301257770997642,0.3726702635398,1,1
"27",-0.296395434751205,0.350712666639388,5,1,1,0.324143419833163,0.231434147951452,1,1,-0.357113832691845,0.299826370422137,1,1,0.696439087495531,0.267538967263722,1,1,-0.341411698156373,0.303812589871825,1,1
"28",0.120707144171846,0.354245476510866,5,1,1,0.721285734456629,0.236978005266086,0,0,0.310208048319391,0.308405697270659,1,1,0.448267671270661,0.287123495888559,0,1,0.250117628926643,0.401391938660839,1,1
"29",0.0471320113085332,0.328541634369731,13,1,1,0.759268306386171,0.202847233325673,0,0,0.166686395522655,0.289016104157397,1,1,0.819592296776134,0.318605386254925,0,1,0.140937407495046,0.351956344983832,1,1
"30",-0.341919610037645,0.295890319693247,9,1,1,0.805708484694683,0.221035104714652,0,0,-0.317256945819215,0.272978204274394,1,1,0.380662165410013,0.251324890188223,0,1,-0.322903109135412,0.298599794108963,1,1
"31",-0.321830339531454,0.286856006659666,13,1,1,0.59869535301005,0.250534158982023,0,0,-0.329308066537758,0.283008525193869,1,1,0.819872305292946,0.33628523703785,1,1,-0.185095959787012,0.331551945151001,1,1
"32",-0.296606360881167,0.292959761159901,11,1,1,0.295720171521462,0.2535817920954,1,1,-0.375466483648029,0.280001674685526,1,1,0.110166744316009,0.307853321229606,1,1,-0.294880737250078,0.340945017565124,1,1
"33",0.158536396853656,0.26188479066304,19,1,1,0.763447495897037,0.257007905019109,0,0,0.00544513563133311,0.259208424787721,1,1,0.757171789590375,0.263501641995932,0,1,0.112030464607681,0.316734876073176,1,1
"34",-0.0412596028397919,0.333425498403829,11,1,1,0.585198783087319,0.20892506236895,0,0,-0.131830445490608,0.316511721858381,1,1,0.603673027134177,0.321087697303098,1,1,-0.171116016583023,0.351441874073468,1,1
"35",0.224467101078753,0.303190198669636,5,1,1,0.856334994222085,0.18636504886493,0,0,0.323829903835376,0.256791547656859,1,1,0.631713308347663,0.247949337045766,0,1,0.255461655227978,0.25891599064165,1,1
"36",0.223498934512092,0.318296560823545,9,1,1,0.720841774717524,0.235940300657631,0,0,0.218158608714419,0.291072848871721,1,1,0.502734961080384,0.277490100315685,0,1,0.0321090316587046,0.295337603211665,1,1
"37",-0.17464102902853,0.310260262331742,19,1,1,0.439400398048324,0.316406336162632,1,1,-0.326787290658112,0.34890779814497,1,1,0.630934518165515,0.266258450201143,0,1,-0.243092110035391,0.352466328153594,1,1
"38",0.405463003336607,0.372846048356949,3,1,1,0.622288548957778,0.287485562408126,0,0,0.00558253975251295,0.288228266418154,1,1,0.874066210873743,0.279101028776178,0,1,0.00806427011435731,0.309673751521626,1,1
"39",-0.129388254551955,0.302097211149432,13,1,1,0.509563086375757,0.2058655169958,0,0,-0.136538576373289,0.309044161097277,1,1,0.650293348103145,0.264384296902193,0,1,-0.158154694001407,0.303545587399892,1,1
"40",-0.00874325890744815,0.290701967583246,11,1,1,0.937351776472218,0.204250577421489,0,0,0.131140275264095,0.279416735376038,1,1,0.830408386734042,0.267415340366744,0,1,0.248782818106637,0.332373324626131,1,1
"41",-0.489127734203738,0.271698534546629,17,0,1,0.244247270225729,0.286345101774477,1,1,-0.526977153263304,0.359694623998166,1,1,0.393329089373026,0.293994043862602,1,1,-0.459882155794218,0.352890474530215,1,1
"42",0.0543664956538099,0.349413824154154,15,1,1,0.559843245804017,0.270887109389769,1,0,-0.0393076568881793,0.366177686748081,1,1,0.561202290105963,0.330121783393507,1,1,0.090437587130937,0.374308367317468,1,1
"43",-0.222671088050843,0.263856347838503,9,1,1,0.699585528194319,0.172481880891644,0,0,-0.154296452038261,0.252600938419448,1,1,0.519724180819559,0.285971993811813,0,1,-0.158145560791406,0.319973561711046,1,1
"44",0.0315709272303584,0.287508294299307,3,1,1,0.912853469714324,0.162317983006421,0,0,0.180928717570128,0.278609798682725,1,1,0.911213269126983,0.216673002354409,0,1,0.316398476262239,0.291812367679073,1,1
"45",0.0551541167110871,0.320827216625591,15,1,1,0.767571632271217,0.178389965980951,0,0,-0.0713044226856064,0.279494301067127,1,1,0.695009939659298,0.265902281478513,0,1,-0.16634335131713,0.304020547408261,1,1
"46",-0.0973379597573197,0.315268848944561,19,1,1,0.435221910447688,0.22105586438189,0,0,-0.1351802232483,0.312971947064428,1,1,0.270841943355412,0.299963041202655,1,1,-0.0357584626136112,0.435960388439293,1,1
"47",-0.111080735376233,0.281845039596389,9,1,1,0.604712861727662,0.23455752626822,0,0,-0.0406092793642198,0.248742599991631,1,1,0.360295570002119,0.229290713411355,0,1,-0.281923239704242,0.284230127640311,1,1
"48",-0.453079154828407,0.283827685383524,11,1,1,0.499981833956232,0.240423293931184,0,0,-0.288312757629641,0.272641714888065,1,1,0.386948122141719,0.263017456757142,1,1,-0.136777328355289,0.308296602498986,1,1
"49",-0.114433156982589,0.38966627393408,3,1,1,0.812876748574799,0.22916298482653,0,0,0.0268921191391908,0.29810560632035,1,1,0.772219354872229,0.325402325838312,0,1,-0.0677874045154501,0.313238892268213,1,1
"50",0.0446844276779027,0.294828672101288,15,1,1,0.914668468039171,0.265764803480343,0,0,0.231918199921626,0.32392047528673,1,1,1.19654697624703,0.285379477617581,0,1,0.128959981239927,0.35093936192786,1,1
"51",0.317173469297906,0.262820487929317,13,1,1,0.792140181749583,0.209754874608686,0,0,0.262193679357564,0.245431955652783,1,1,0.873543895880283,0.230624912723601,0,1,0.296208354843486,0.321469899658344,1,1
"52",-0.289548433327944,0.36195771025493,13,1,1,0.435707552237851,0.329717118467822,1,1,-0.263791949529395,0.384298544980805,1,1,0.632244403777489,0.380856911987368,1,1,-0.228162525997538,0.403229930939043,1,1
"53",-0.546897084534134,0.367126206128175,1,1,1,0.541479224323778,0.243863270184982,1,0,-0.275016773267014,0.304467280370014,1,1,0.252923524875796,0.358974329260883,1,1,-0.546897084534134,0.345414501879962,1,1
"54",0.301751422533239,0.358162039179696,19,1,1,0.979591587900174,0.315106452027134,0,0,0.435691210906284,0.37845278993601,1,1,0.913917803136737,0.33265650786151,0,1,0.399404995005531,0.347770618552566,1,1
"55",-0.623666029525629,0.336339611100265,9,0,1,0.247507301262674,0.202177210115958,1,1,-0.750883895856998,0.279538191731739,0,0,-0.309202960505151,0.394881217277743,1,1,-0.730355611131915,0.427938444405748,1,1
"56",0.118745058587366,0.287787562397876,15,1,1,0.702059256529842,0.235235353347301,0,0,0.0587905686120489,0.21812893427584,1,1,0.652183464995255,0.254518644847966,0,1,0.280625126675719,0.288466615881011,1,1
"57",0.612163347783781,0.301900004505415,19,1,0,0.894395810996965,0.250735976596336,0,0,0.416198326219895,0.290201254841114,1,1,0.75988269461782,0.298699064297548,0,1,0.391983168655892,0.329931601410443,1,1
"58",0.203355547711705,0.263389395157501,15,1,1,0.813701281838093,0.18123264625031,0,0,0.177590821219485,0.234923871061013,1,1,0.732643462571054,0.288010716397872,0,1,0.100405274641203,0.28270246294199,1,1
"59",-0.406214450740261,0.281399737609168,15,1,1,0.462625501307964,0.181360481384224,0,0,-0.466183481791999,0.266649532126898,1,1,0.404038633465558,0.276213790074231,1,1,-0.228649059018433,0.30003073133193,1,1
"60",-0.281896039787566,0.333677462911856,15,1,1,0.668240798241743,0.271835952466722,0,0,-0.0797563984970068,0.31178578073226,1,1,0.409331118009285,0.268147210363845,1,1,-0.0924874083249856,0.32360023943105,1,1
"61",0.319316782723299,0.324325530773637,7,1,1,1.02166280872221,0.209635291906208,0,0,0.21964679481592,0.296394105253443,1,1,1.1896588925763,0.284322976226767,0,1,0.136091302355334,0.30851845349029,1,1
"62",-0.0768880690598684,0.331751450222285,7,1,1,0.913329615176047,0.230702372288268,0,0,-0.0710422811916444,0.303323522066025,1,1,0.91805485309512,0.230812491272738,0,1,-0.163880028519903,0.316938894571873,1,1
"63",0.0293506591899711,0.311667309538654,17,1,1,0.768620229256077,0.202869540979302,0,0,0.0937934735959482,0.269164718564512,1,1,0.762622856719641,0.311656138949794,0,1,0.116993088390677,0.34853946129615,1,1
"64",0.10903691941837,0.304102814934999,9,1,1,0.692665496471424,0.224592305827765,0,0,0.208481281294101,0.29901031079431,1,1,1.0108292459129,0.340968971027529,1,1,0.329258889585837,0.331714043472856,1,1
"65",-0.575852102311817,0.288455256331561,9,0,0,0.459417177560762,0.219080444053647,0,0,-0.600758662396391,0.268694242791965,0,0,0.601697864032436,0.27984009780409,0,0,-0.525570261059016,0.265117228582747,0,0
"66",0.0552336787751883,0.302055920226829,3,1,1,0.583255383305705,0.275980912050467,0,0,0.0616524456964131,0.286028696360463,1,1,0.720391744459623,0.230460354884254,0,1,0.227445491493991,0.318574684288062,1,1
"67",-0.166397668334732,0.344201713533077,11,1,1,0.940606344021893,0.227664933567402,0,0,-0.090161758837508,0.275866902708531,1,1,0.835211314646257,0.263187130601661,0,1,-0.0603778785849129,0.297703405255034,1,1
"68",-0.387623339207029,0.363567569673118,7,1,1,0.339146735029452,0.191504896526304,1,1,-0.326663674617118,0.298500063633566,1,1,0.263269226164369,0.30425760856193,1,1,-0.306286137640886,0.322495855817997,1,1
"69",0.105388814908663,0.322636057600743,17,1,1,0.689851293977103,0.220689490617923,0,0,0.0178593158357639,0.284401195916395,1,1,0.435853877204883,0.286682640375258,0,1,-0.0253973821011617,0.391743369899137,1,1
"70",-0.302720265260035,0.319607460766848,9,1,1,0.532929247296989,0.219337772083768,0,0,-0.225127074269442,0.326494700208524,1,1,0.652678594315096,0.285806429957812,1,1,-0.0821525825596039,0.355230735423569,1,1
"71",-0.0117714695272539,0.336884318028237,9,1,1,0.372354851310884,0.25317356178516,1,1,-0.0197655688130516,0.299097907847534,1,1,0.233238437405756,0.292754970448771,1,1,0.298337732244158,0.325178673751643,1,1
"72",0.559780527761571,0.354120373655496,13,1,1,1.10120086345213,0.255334364121963,0,0,0.419822418138441,0.311989728696487,1,1,0.701597466571059,0.333402307824828,0,1,0.436175016055138,0.362077100842009,1,1
"73",0.583710784837848,0.330345455017153,11,1,1,0.967413527085845,0.199642177470482,0,0,0.469423918106738,0.302172567019476,1,1,0.978473159918065,0.219013386948458,0,0,0.36579068660154,0.320191772848908,1,1
"74",0.248222843250903,0.319322682009094,17,1,1,0.840319868763387,0.208341789869077,0,0,0.452011088359915,0.279128021670302,1,1,0.949721295135509,0.247115914777007,0,1,0.389600000316959,0.312951979816302,1,1
"75",-0.226543177376186,0.443569710595226,3,1,1,0.632866234219307,0.25375777328486,0,0,0.02121003111327,0.312261560702222,1,1,0.688013627867496,0.383805715773177,1,1,0.0253795687589464,0.414458669178423,1,1
"76",-0.108865362834254,0.311341147780809,17,1,1,0.498520464494133,0.172341006563017,0,0,-0.0246790681942065,0.257449409141704,1,1,0.415587733219676,0.230457608223309,0,1,-0.115415152667025,0.32479119880759,1,1
"77",0.720856140898746,0.323029174198847,3,1,0,0.795876258790236,0.238938301287368,0,0,0.518633830646424,0.279462206176783,1,1,0.946987522684192,0.285196216196112,0,1,0.719070748731962,0.317669128479995,1,0
"78",-0.127364598299653,0.289704359046169,9,1,1,0.715088744474065,0.23910496811596,0,0,-0.0616596965604303,0.281284232542353,1,1,0.750488597942894,0.295000091006482,0,1,-0.0204085162185324,0.312175215554987,1,1
"79",0.417061295724747,0.278597273932441,11,1,1,0.626732673573305,0.229272362120957,0,0,0.296700193846898,0.288646588714019,1,1,0.701240412209162,0.291865933025663,0,1,0.282881145368828,0.334653620087738,1,1
"80",0.302665605152982,0.308202124890093,13,1,1,0.826167245476926,0.214687125477535,0,0,0.260051449918166,0.260740741891466,1,1,0.8768930888024,0.242796376158824,0,1,0.428704657426733,0.302643703336981,1,1
"81",0.23592016045029,0.347651210872399,11,1,1,0.831687184889083,0.215402170163988,0,0,0.205609832048877,0.307038147567427,1,1,0.793581885693582,0.278803704470847,0,1,0.0330613258100245,0.338884192497862,1,1
"82",0.303897851932395,0.405465574448435,19,1,1,0.908635366530402,0.212146291569033,0,0,0.174349300709343,0.287078098273823,1,1,1.27358287119235,0.284147538360885,0,1,0.148264725135002,0.296986964822826,1,1
"83",0.0506950582900272,0.277619923751952,11,1,1,0.710929937004704,0.214885722307732,0,0,0.116880822811894,0.274756593986508,1,1,0.778506198372404,0.313888663949229,0,1,0.155668107309589,0.341919515911098,1,1
"84",-0.441193710766222,0.33472822565101,9,1,1,0.379718866154084,0.276260290398029,1,1,-0.429205508586889,0.310120824592726,1,1,0.173785893916203,0.38575877630778,1,1,-0.422518150506957,0.451395870063495,1,1
"85",0.296570199396141,0.313852861685738,17,1,1,0.897093596039021,0.235419830408222,0,0,0.31389674860487,0.27326831706164,1,1,0.971341877054296,0.224519505350268,0,1,0.291644904203616,0.311423673639133,1,1
"86",0.674547369165703,0.269301612810496,19,0,0,1.27837911035044,0.198618924970254,0,0,0.657569285548585,0.298149438047152,0,0,1.31975141190498,0.228531747990758,0,0,0.601688300310661,0.268784715182146,0,0
"87",0.118878356257298,0.277200259381975,11,1,1,0.532253568079847,0.205507787354615,0,0,0.0510502171413088,0.295845217332124,1,1,0.11539201156203,0.391330583355131,1,1,0.0924712111163427,0.391321016659517,1,1
"88",0.32869875128959,0.32513983736019,1,1,1,1.07566269019368,0.234035653010159,0,0,0.380512905396023,0.296415026596086,1,1,1.06860995480617,0.263152738038948,0,1,0.32869875128959,0.318847047739897,1,1
"89",-0.534176294455624,0.315030670566309,19,1,1,0.134699936864435,0.228477742067741,1,1,-0.610144256988774,0.305337600337489,0,0,0.105399182449271,0.283721566005393,1,0,-0.367747442537785,0.324568867387884,1,1
"90",-0.291136978487139,0.300773344354409,19,1,1,0.37993811292534,0.198908903739439,1,1,-0.404275176565133,0.272055723171486,1,1,0.57061868236676,0.302556517021454,1,1,-0.417718621294793,0.342230738066226,1,1
"91",0.294558619300743,0.383795877430352,5,1,1,0.690614659556248,0.209863098786812,0,0,0.226348272187004,0.321003872330884,1,1,0.533925919932515,0.325988235609408,1,1,0.23961423739263,0.37612506762432,1,1
"92",-0.404877454377826,0.29098899856744,1,1,1,0.548151412571821,0.235901101584007,0,0,-0.107240001073991,0.244414336757675,1,1,0.237004775766093,0.243430564088792,0,1,-0.404877454377826,0.313582419448578,1,1
"93",0.169509728997814,0.354375029101902,19,1,1,0.760749179683258,0.238676826382315,0,0,0.136129045231126,0.237408656808573,1,1,0.742207794119716,0.282356460823534,0,1,0.152815106311378,0.301943332070281,1,1
"94",-0.253750309538398,0.329143802620263,13,1,1,0.445119410306398,0.264137584225453,1,1,-0.217089028708001,0.332596270627526,1,1,0.567452882324259,0.29626329886963,1,1,-0.10513885863487,0.338509998254012,1,1
"95",-0.281011786508779,0.233533043745625,15,1,1,0.507254561798713,0.189872451415449,0,0,-0.197647738639196,0.278588089832042,1,1,0.61338686907702,0.193674276172936,0,1,-0.222037732322958,0.25393275251629,1,1
"96",0.0112421571463504,0.362004590209123,7,1,1,0.892615964085454,0.22396245493011,0,0,0.0263954177094574,0.297267493462947,1,1,1.08229622224206,0.273147156833687,0,1,-0.0920248044163252,0.314591118754976,1,1
"97",-0.183987844184955,0.318671901206062,13,1,1,0.572138261665449,0.340105708000305,1,1,-0.327318992497283,0.324176139418886,1,1,0.708745073325516,0.371449072765714,1,1,-0.216930035275928,0.448687496394509,1,1
"98",-0.271463508561043,0.300198700771439,3,1,1,0.292252287014907,0.215987120819328,1,1,-0.245449695612534,0.270350781248686,1,1,0.17069359018684,0.261349651509819,1,1,-0.234749591967355,0.305452330565024,1,1
"99",0.185157688731608,0.30610623626078,13,1,1,0.863782787923279,0.223889042127635,0,0,0.133632612846494,0.28774159415958,1,1,1.15783359534776,0.341668114723716,0,1,0.250135467408649,0.361337347730561,1,1
"100",0.349881233902955,0.277549481464818,13,1,1,0.869283338493159,0.229293900985109,0,0,0.350737146999587,0.280021641853864,1,1,0.811594509702503,0.33850343709378,0,1,0.361678829003381,0.311083363310196,1,1
